SGP/US6002C.19980101000000.20181219000000.nephelometer.aerosol_light_scattering_coefficient.pm1.1y.1mn.TSI_3563_SGP_ref_TSI_3563_SGP_wet..lev1.nas
102 1001 
Andrews, Elisabeth; Jefferson, Anne; Burgos, Maria A.  
US06L, National Oceanic and Atmospheric Administration , NOAA/ESRL/GMD,  "Earth System Research Laboratory, Global Monitoring Division", 325 Broadway, , CO 80305-3, Boulder, U.S.A. 
Burgos, Maria A. 
NOAA-ESRL 
1 1 
1998 01 01 2018 12 19 
0.000000 
Days from the file reference point (start_time) 
33 
1 1 1 1 1 1 1 1 1 1 1 1 1 1 1 1 1 1 1 1 1 1 1 1 1 1 1 1 1 1 1 1 1  
9999.999999 9999.999 9999.999 9999.999 9999.999 9999.999 9999.999 9.999 9999.999 9999.999 9999.999 9999.999 9999.999 9999.999 9999.999 9999.999 9999.999 9999.999 9999.999 9999.999 999.999 999.999 999.999 999.999 999.999 999.999 999.999 999.999 999.999 999.999 999.999 999.999 9.999 
end_time of measurement, days from the file reference point 
pressure, hPa, Location=reference nephelometer internal 
pressure, hPa, Location=humidified nephleometer internal 
temperature, K, Location=reference nephelometer internal 
temperature, K, Location=humidified nephleometer internal 
relative_humidity, %, Location=reference nephelometer internal 
relative_humidity, %, Location=humidified nephleometer internal 
number of wavelengths 
aerosol_light_scattering_coefficient, 1/Mm, Wavelength=450nm, Location=reference nephelometer 
aerosol_light_scattering_coefficient, 1/Mm, Wavelength=450nm, Location=humidified nephleometer, Matrix=pm1_humidified 
aerosol_light_scattering_coefficient, 1/Mm, Wavelength=550nm, Location=reference nephelometer 
aerosol_light_scattering_coefficient, 1/Mm, Wavelength=550nm, Location=humidified nephleometer, Matrix=pm1_humidified 
aerosol_light_scattering_coefficient, 1/Mm, Wavelength=700nm, Location=reference nephelometer 
aerosol_light_scattering_coefficient, 1/Mm, Wavelength=700nm, Location=humidified nephleometer, Matrix=pm1_humidified 
aerosol_light_backscattering_coefficient, 1/Mm, Wavelength=450nm, Location=reference nephelometer 
aerosol_light_backscattering_coefficient, 1/Mm, Wavelength=450nm, Location=humidified nephleometer, Matrix=pm1_humidified 
aerosol_light_backscattering_coefficient, 1/Mm, Wavelength=550nm, Location=reference nephelometer 
aerosol_light_backscattering_coefficient, 1/Mm, Wavelength=550nm, Location=humidified nephleometer, Matrix=pm1_humidified 
aerosol_light_backscattering_coefficient, 1/Mm, Wavelength=700nm, Location=reference nephelometer 
aerosol_light_backscattering_coefficient, 1/Mm, Wavelength=700nm, Location=humidified nephleometer, Matrix=pm1_humidified 
aerosol_light_scattering_enhancement_factor, no unit, Wavelength=450nm, Matrix=pm1_humidified, RH base max=40% 
aerosol_light_scattering_enhancement_factor, no unit, Wavelength=550nm, Matrix=pm1_humidified, RH base max=40% 
aerosol_light_scattering_enhancement_factor, no unit, Wavelength=700nm, Matrix=pm1_humidified, RH base max=40% 
aerosol_light_backscattering_enhancement_factor, no unit, Wavelength=450nm, Matrix=pm1_humidified, RH base max=40% 
aerosol_light_backscattering_enhancement_factor, no unit, Wavelength=550nm, Matrix=pm1_humidified, RH base max=40% 
aerosol_light_backscattering_enhancement_factor, no unit, Wavelength=700nm, Matrix=pm1_humidified, RH base max=40% 
aerosol_light_scattering_enhancement_factor, no unit, Wavelength=450nm, Matrix=pm1_humidified, RH base=40% 
[...]
Data level:                   1 
Version:                      1 
Version description:          "corrected values: data screening + truncation, STP, and losses corrections" 
Height AGL:                   2.5m 
Inlet type:                   Hat or hood 
Inlet description:            Heated, stainless steel, see full description in Delene and Ogren, J. Atmos. Sci, 2002. 
Humidity/temperature control: Humidification 
Humidity/temperature control description: humidogram 
Volume std. temperature:       273.15 K 
Volume std. pressure:         1013.25 hPa 
Detection limit:              0.5 1/Mm 
Detection limit expl.:        Determined by instrument counting statistics, no detection limit flag used 
Measurement uncertainty expl.: Uncertainty analysis described in Burgos et al., 2019 
Zero/negative values code:    zero/negative possible 
Zero/negative values:         zero and neg. values may appear due to statistical variations at very low concentrations  
Standard method:              cal-gas=CO2+AIR_truncation-correction=Anderson1998 
Acknowledgement:              Request acknowledgement details from data originator 
start_time end_time p_ref_int p_wet_int T_ref_int T_wet_int RH_ref_int RH_wet_int nWav sc450_ref sc550_ref sc700_ref sc450_wet sc550_wet sc700_wet bsc450_ref bsc550_ref bsc700_ref bsc450_wet bsc550_wet bsc700_wet frh450_total frh550_total frh700_total frh450_back frh550_back frh700_back frh450_total_dry40 frh550_total_dry40 frh700_total_dry40 frh450_back_dry40 frh550_back_dry40 frh700_back_dry40 numflag 
[from data line 3074]
354.638194 354.638889 979.200 9999.999 306.550 307.750 4.600 55.579 3.000 14.253 8.932 4.971 9999.999 9999.999 9999.999 1.663 1.356 1.096 9999.999 9999.999 9999.999 999.999 999.999 999.999 999.999 999.999 999.999 999.999 999.999 999.999 999.999 999.999 999.999 0.000
354.638889 354.639583 979.300 9999.999 306.550 307.750 4.600 55.488 3.000 14.500 8.776 4.888 9999.999 9999.999 9999.999 1.607 1.331 1.112 9999.999 9999.999 9999.999 999.999 999.999 999.999 999.999 999.999 999.999 999.999 999.999 999.999 999.999 999.999 999.999 0.000
354.639583 354.640278 979.400 9999.999 306.550 307.750 4.600 55.216 3.000 14.512 8.801 4.908 9999.999 9999.999 9999.999 1.649 1.291 1.119 9999.999 9999.999 9999.999 999.999 999.999 999.999 999.999 999.999 999.999 999.999 999.999 999.999 999.999 999.999 999.999 0.000
354.640278 354.640972 979.400 9999.999 306.550 307.650 4.700 58.361 3.000 14.585 8.905 4.866 9999.999 9999.999 9999.999 1.658 1.296 1.173 9999.999 9999.999 9999.999 999.999 999.999 999.999 999.999 999.999 999.999 999.999 999.999 999.999 999.999 999.999 999.999 0.000
354.640972 354.641667 979.300 9999.999 306.550 307.750 4.600 62.560 3.000 14.314 8.757 4.810 9999.999 9999.999 9999.999 1.711 1.328 1.235 9999.999 9999.999 9999.999 999.999 999.999 999.999 999.999 999.999 999.999 999.999 999.999 999.999 999.999 999.999 999.999 0.000
354.641667 354.642361 979.400 9999.999 306.550 307.750 4.600 64.646 3.000 13.999 8.605 4.640 9999.999 9999.999 9999.999 1.830 1.312 1.145 9999.999 9999.999 9999.999 999.999 999.999 999.999 999.999 999.999 999.999 999.999 999.999 999.999 999.999 999.999 999.999 0.000
354.642361 354.643056 979.400 9999.999 306.550 307.750 4.600 65.842 3.000 13.824 8.522 4.762 9999.999 9999.999 9999.999 1.899 1.312 1.163 9999.999 9999.999 9999.999 999.999 999.999 999.999 999.999 999.999 999.999 999.999 999.999 999.999 999.999 999.999 999.999 0.000
354.643056 354.643750 979.400 9999.999 306.450 307.750 4.600 64.930 3.000 13.754 8.411 4.670 9999.999 9999.999 9999.999 1.913 1.288 1.272 9999.999 9999.999 9999.999 999.999 999.999 999.999 999.999 999.999 999.999 999.999 999.999 999.999 999.999 999.999 999.999 0.000
354.643750 354.644444 979.400 9999.999 306.550 307.750 4.500 64.200 3.000 13.552 8.262 4.685 9999.999 9999.999 9999.999 1.832 1.281 1.212 9999.999 9999.999 9999.999 999.999 999.999 999.999 999.999 999.999 999.999 999.999 999.999 999.999 999.999 999.999 999.999 0.000
354.644444 354.645139 979.500 9999.999 306.450 307.750 4.600 67.027 3.000 13.304 8.284 4.766 9999.999 9999.999 9999.999 1.699 1.291 1.286 9999.999 9999.999 9999.999 999.999 999.999 999.999 999.999 999.999 999.999 999.999 999.999 999.999 999.999 999.999 999.999 0.000
354.645139 354.645833 979.500 9999.999 306.550 307.850 4.500 69.494 3.000 13.274 8.157 4.875 9999.999 9999.999 9999.999 1.567 1.158 1.291 9999.999 9999.999 9999.999 999.999 999.999 999.999 999.999 999.999 999.999 999.999 999.999 999.999 999.999 999.999 999.999 0.000
354.645833 354.646528 979.500 981.700 306.550 307.850 4.500 68.855 3.000 13.019 8.053 4.706 17.604 11.211 5.518 1.509 1.179 1.268 9999.999 9999.999 9999.999 1.352 1.392 1.173 999.999 999.999 999.999 999.999 999.999 999.999 999.999 999.999 999.999 0.000
354.646528 354.647222 979.500 981.700 306.550 307.850 4.500 69.311 3.000 12.736 7.839 4.746 17.482 11.011 6.158 1.398 1.191 1.207 9999.999 9999.999 9999.999 1.373 1.405 1.298 999.999 999.999 999.999 999.999 999.999 999.999 999.999 999.999 999.999 0.000
354.647222 354.647917 979.500 981.700 306.550 307.850 4.500 71.823 3.000 12.538 7.771 4.633 17.932 11.195 5.735 1.456 1.191 1.284 9999.999 9999.999 9999.999 1.430 1.441 1.238 999.999 999.999 999.999 999.999 999.999 999.999 999.999 999.999 999.999 0.000
354.647917 354.648611 979.500 981.700 306.550 307.850 4.500 70.723 3.000 12.394 7.785 4.557 17.456 11.221 5.924 1.546 1.177 1.133 9999.999 9999.999 9999.999 1.408 1.441 1.300 999.999 999.999 999.999 999.999 999.999 999.999 999.999 999.999 999.999 0.000
354.648611 354.649306 979.500 981.700 306.550 307.750 4.400 71.221 3.000 12.283 7.788 4.510 17.258 10.408 5.735 1.486 1.237 1.158 9999.999 9999.999 9999.999 1.405 1.336 1.272 999.999 999.999 999.999 999.999 999.999 999.999 999.999 999.999 999.999 0.000
354.649306 354.650000 979.500 981.700 306.550 307.850 4.400 72.649 3.000 12.148 7.930 4.519 17.825 10.977 5.925 1.551 1.275 1.107 9999.999 9999.999 9999.999 1.467 1.384 1.311 999.999 999.999 999.999 999.999 999.999 999.999 999.999 999.999 999.999 0.000
354.650000 354.650694 979.500 981.700 306.450 307.850 4.500 73.383 3.000 12.095 8.055 4.431 17.733 11.549 6.001 1.572 1.200 1.105 9999.999 9999.999 9999.999 1.466 1.434 1.354 999.999 999.999 999.999 999.999 999.999 999.999 999.999 999.999 999.999 0.000
354.650694 354.651389 979.500 981.700 306.550 307.850 4.500 74.362 3.000 12.139 7.975 4.481 18.524 12.648 7.214 1.558 1.149 1.031 9999.999 9999.999 9999.999 1.526 1.586 1.610 999.999 999.999 999.999 999.999 999.999 999.999 999.999 999.999 999.999 0.000
354.651389 354.652083 979.500 981.800 306.550 307.850 4.600 73.716 3.000 12.273 7.893 4.512 18.075 11.735 6.421 1.407 1.128 1.207 9999.999 9999.999 9999.999 1.473 1.487 1.423 999.999 999.999 999.999 999.999 999.999 999.999 999.999 999.999 999.999 0.000
354.652083 354.652778 979.500 981.800 306.550 307.850 4.400 73.532 3.000 12.100 7.803 4.412 17.638 11.604 6.492 1.484 1.159 1.159 9999.999 9999.999 9999.999 1.458 1.487 1.472 999.999 999.999 999.999 999.999 999.999 999.999 999.999 999.999 999.999 0.000
354.652778 354.653472 979.500 981.800 306.550 307.950 4.500 75.104 3.000 12.020 7.631 4.394 18.533 11.887 5.960 1.393 1.070 1.159 9999.999 9999.999 9999.999 1.542 1.558 1.356 999.999 999.999 999.999 999.999 999.999 999.999 999.999 999.999 999.999 0.000
354.653472 354.654167 979.600 981.800 306.550 307.950 4.500 77.687 3.000 11.861 7.442 4.271 18.579 13.036 6.473 1.553 1.131 1.101 9999.999 9999.999 9999.999 1.566 1.752 1.516 999.999 999.999 999.999 999.999 999.999 999.999 999.999 999.999 999.999 0.000
354.654167 354.654861 979.500 981.800 306.550 307.950 4.500 81.014 3.000 11.705 7.342 4.255 19.644 12.474 6.623 1.451 1.212 1.073 9999.999 9999.999 9999.999 1.678 1.699 1.556 999.999 999.999 999.999 999.999 999.999 999.999 999.999 999.999 999.999 0.000
354.654861 354.655556 979.400 981.800 306.550 307.950 4.500 80.828 3.000 11.482 7.218 4.188 19.099 12.729 6.346 1.504 1.258 0.912 9999.999 9999.999 9999.999 1.663 1.764 1.515 999.999 999.999 999.999 999.999 999.999 999.999 999.999 999.999 999.999 0.000
354.655556 354.656250 979.500 981.800 306.550 307.950 4.500 80.179 3.000 11.374 7.126 4.305 19.259 12.096 6.609 1.453 1.193 1.061 9999.999 9999.999 9999.999 1.693 1.698 1.535 999.999 999.999 999.999 999.999 999.999 999.999 999.999 999.999 999.999 0.000
354.656250 354.656944 979.500 981.800 306.550 307.950 4.500 80.083 3.000 11.404 7.000 4.394 18.348 12.300 5.774 1.535 1.200 1.131 9999.999 9999.999 9999.999 1.609 1.757 1.314 999.999 999.999 999.999 999.999 999.999 999.999 999.999 999.999 999.999 0.000
354.656944 354.657639 979.500 981.800 306.550 307.950 4.400 81.670 3.000 11.444 7.034 4.464 20.605 13.137 8.048 1.386 1.112 1.191 9999.999 9999.999 9999.999 1.801 1.868 1.803 999.999 999.999 999.999 999.999 999.999 999.999 999.999 999.999 999.999 0.000
354.657639 354.658333 979.500 981.800 306.550 307.950 4.500 84.677 3.000 11.402 6.964 4.258 21.372 13.658 7.356 1.319 1.075 1.145 9999.999 9999.999 9999.999 1.874 1.961 1.728 999.999 999.999 999.999 999.999 999.999 999.999 999.999 999.999 999.999 0.000
354.658333 354.659028 979.600 981.800 306.550 308.050 4.400 85.967 3.000 11.341 7.002 4.174 22.429 14.315 8.667 1.339 1.061 1.207 9999.999 9999.999 9999.999 1.978 2.044 2.076 999.999 999.999 999.999 999.999 999.999 999.999 999.999 999.999 999.999 0.000
354.659028 354.659722 979.700 981.800 306.550 308.050 4.400 85.713 3.000 11.229 7.105 3.988 22.674 14.498 8.651 1.462 1.084 1.045 9999.999 9999.999 9999.999 2.019 2.041 2.169 999.999 999.999 999.999 999.999 999.999 999.999 999.999 999.999 999.999 0.000
354.659722 354.660417 979.800 981.800 306.550 308.050 4.400 85.243 3.000 11.379 7.301 3.945 22.299 14.970 8.045 1.499 1.116 1.010 9999.999 9999.999 9999.999 1.960 2.050 2.039 999.999 999.999 999.999 999.999 999.999 999.999 999.999 999.999 999.999 0.000
354.660417 354.661111 979.900 981.800 306.550 308.050 4.400 85.431 3.000 11.611 7.380 3.841 22.738 14.618 7.922 1.548 1.202 0.919 9999.999 9999.999 9999.999 1.958 1.981 2.062 999.999 999.999 999.999 999.999 999.999 999.999 999.999 999.999 999.999 0.000
354.661111 354.661806 979.900 981.800 306.550 308.050 4.400 87.435 3.000 11.729 7.439 4.100 23.783 16.025 9.156 1.761 1.211 0.979 9999.999 9999.999 9999.999 2.028 2.154 2.233 999.999 999.999 999.999 999.999 999.999 999.999 999.999 999.999 999.999 0.000
354.661806 354.662500 979.900 981.900 306.550 308.050 4.500 90.694 3.000 12.011 7.519 4.156 27.120 18.038 10.022 1.694 1.197 0.838 9999.999 9999.999 9999.999 2.258 2.399 2.411 999.999 999.999 999.999 999.999 999.999 999.999 999.999 999.999 999.999 0.000
354.662500 354.663194 980.000 981.900 306.550 308.050 4.500 91.929 3.000 12.342 7.583 4.315 27.667 18.943 10.917 1.701 1.223 0.845 9999.999 9999.999 9999.999 2.242 2.498 2.530 999.999 999.999 999.999 999.999 999.999 999.999 999.999 999.999 999.999 0.000
354.663194 354.663889 980.200 981.900 306.550 308.050 4.600 92.077 3.000 12.542 7.622 4.478 29.631 19.816 11.337 1.696 1.195 0.868 9999.999 9999.999 9999.999 2.363 2.600 2.532 999.999 999.999 999.999 999.999 999.999 999.999 999.999 999.999 999.999 0.000
354.663889 354.664583 980.200 981.900 306.550 308.150 4.600 91.362 3.000 12.797 7.648 4.702 29.645 21.156 11.854 1.738 1.135 0.745 9999.999 9999.999 9999.999 2.317 2.766 2.521 999.999 999.999 999.999 999.999 999.999 999.999 999.999 999.999 999.999 0.000
354.664583 354.665278 980.200 981.900 306.550 308.150 4.700 90.887 3.000 12.848 7.680 4.280 30.539 20.539 11.690 1.520 1.074 0.587 9999.999 9999.999 9999.999 2.377 2.675 2.731 999.999 999.999 999.999 999.999 999.999 999.999 999.999 999.999 999.999 0.000
354.665278 354.665972 979.900 981.900 306.550 308.250 4.600 88.516 3.000 12.601 7.601 4.457 29.258 17.698 6.713 1.497 1.097 0.645 0.343 9999.999 0.076 2.322 2.328 1.506 0.229 999.999 0.117 999.999 999.999 999.999 999.999 999.999 999.999 0.000
354.674306 354.675000 979.800 982.000 306.450 307.650 4.400 45.480 3.000 12.302 7.307 4.349 10.772 6.789 2.985 1.473 1.088 0.773 9999.999 9999.999 9999.999 0.876 0.929 0.686 999.999 999.999 999.999 999.999 999.999 999.999 999.999 999.999 999.999 0.000
354.675000 354.675694 979.900 982.000 306.450 307.650 4.400 46.494 3.000 11.878 7.193 4.103 11.377 7.040 4.773 1.325 1.077 0.775 9999.999 9999.999 9999.999 0.958 0.979 1.163 999.999 999.999 999.999 999.999 999.999 999.999 999.999 999.999 999.999 0.000
354.675694 354.676389 979.800 982.000 306.350 307.550 4.400 46.953 3.000 11.210 7.015 4.003 10.873 7.016 3.832 1.146 1.056 0.963 9999.999 9999.999 9999.999 0.970 1.000 0.957 999.999 999.999 999.999 999.999 999.999 999.999 999.999 999.999 999.999 0.000
354.676389 354.677083 979.800 982.000 306.450 307.550 4.300 47.138 3.000 11.089 7.058 4.157 10.778 7.011 3.341 1.229 1.088 1.035 9999.999 9999.999 9999.999 0.972 0.993 0.804 999.999 999.999 999.999 999.999 999.999 999.999 999.999 999.999 999.999 0.000
354.677083 354.677778 979.800 982.000 306.350 307.650 4.300 46.232 3.000 11.159 7.119 4.091 11.305 6.933 4.115 1.236 1.023 1.079 9999.999 9999.999 9999.999 1.013 0.974 1.006 999.999 999.999 999.999 999.999 999.999 999.999 999.999 999.999 999.999 0.000
354.677778 354.678472 980.000 982.000 306.450 307.650 4.300 49.424 3.000 11.204 7.334 4.038 11.344 7.406 3.542 1.190 1.046 1.032 9999.999 9999.999 9999.999 1.012 1.010 0.877 999.999 999.999 999.999 999.999 999.999 999.999 999.999 999.999 999.999 0.000
354.678472 354.679167 980.200 982.000 306.450 307.650 4.300 54.075 3.000 11.221 7.180 4.003 12.811 7.604 4.201 1.297 1.062 1.014 9999.999 9999.999 9999.999 1.142 1.059 1.050 999.999 999.999 999.999 999.999 999.999 999.999 999.999 999.999 999.999 0.000
354.679167 354.679861 980.100 982.000 306.450 307.650 4.300 55.443 3.000 11.484 7.380 4.136 13.573 8.354 4.462 1.383 1.095 0.974 9999.999 9999.999 9999.999 1.182 1.132 1.079 999.999 999.999 999.999 999.999 999.999 999.999 999.999 999.999 999.999 0.000
354.679861 354.680556 980.000 982.000 306.450 307.650 4.300 55.990 3.000 11.506 7.329 4.274 12.188 7.993 5.324 1.420 1.067 1.046 9999.999 9999.999 9999.999 1.059 1.091 1.246 999.999 999.999 999.999 999.999 999.999 999.999 999.999 999.999 999.999 0.000
354.680556 354.681250 980.000 982.000 306.450 307.650 4.400 56.081 3.000 11.537 7.307 4.219 12.769 8.416 3.756 1.494 1.127 1.074 9999.999 9999.999 9999.999 1.107 1.152 0.890 999.999 999.999 999.999 999.999 999.999 999.999 999.999 999.999 999.999 0.000
354.681250 354.681944 980.000 982.000 306.450 307.650 4.500 55.625 3.000 11.670 7.283 4.309 13.031 7.984 4.419 1.445 1.171 1.079 9999.999 9999.999 9999.999 1.117 1.096 1.026 999.999 999.999 999.999 999.999 999.999 999.999 999.999 999.999 999.999 0.000
354.681944 354.682639 980.000 982.000 306.450 307.650 4.400 59.364 3.000 11.897 7.521 4.484 13.677 8.523 4.232 1.441 1.148 1.009 9999.999 9999.999 9999.999 1.150 1.133 0.944 999.999 999.999 999.999 999.999 999.999 999.999 999.999 999.999 999.999 0.000
354.682639 354.683333 980.100 982.100 306.450 307.650 4.400 63.923 3.000 11.710 7.314 4.261 14.722 9.433 4.871 1.343 1.134 1.055 9999.999 9999.999 9999.999 1.257 1.290 1.143 999.999 999.999 999.999 999.999 999.999 999.999 999.999 999.999 999.999 0.000
354.683333 354.684028 980.000 982.100 306.450 307.650 4.400 65.291 3.000 11.466 7.190 4.153 14.849 9.929 5.518 1.427 1.183 1.125 9999.999 9999.999 9999.999 1.295 1.381 1.329 999.999 999.999 999.999 999.999 999.999 999.999 999.999 999.999 999.999 0.000
354.684028 354.684722 980.000 982.100 306.450 307.750 4.400 64.827 3.000 11.100 7.085 4.110 13.514 8.668 5.274 1.287 1.093 1.100 9999.999 9999.999 9999.999 1.217 1.223 1.283 999.999 999.999 999.999 999.999 999.999 999.999 999.999 999.999 999.999 0.000
354.684722 354.685417 980.000 982.100 306.450 307.750 4.300 64.102 3.000 10.758 6.989 4.053 13.133 8.681 4.689 1.325 1.002 1.113 9999.999 9999.999 9999.999 1.221 1.242 1.157 999.999 999.999 999.999 999.999 999.999 999.999 999.999 999.999 999.999 0.000
354.685417 354.686111 980.000 982.100 306.450 307.750 4.200 64.656 3.000 10.343 6.754 3.874 12.914 8.730 4.137 1.315 0.935 1.107 9999.999 9999.999 9999.999 1.249 1.292 1.068 999.999 999.999 999.999 999.999 999.999 999.999 999.999 999.999 999.999 0.000
354.686111 354.686806 980.000 982.100 306.450 307.750 4.300 65.933 3.000 10.266 6.613 3.894 12.905 8.714 4.878 1.420 0.905 0.909 9999.999 9999.999 9999.999 1.257 1.318 1.253 999.999 999.999 999.999 999.999 999.999 999.999 999.999 999.999 999.999 0.000
354.686806 354.687500 979.900 982.100 306.450 307.750 4.400 67.119 3.000 10.262 6.564 3.951 13.536 8.415 5.029 1.431 0.863 0.747 9999.999 9999.999 9999.999 1.319 1.282 1.273 999.999 999.999 999.999 999.999 999.999 999.999 999.999 999.999 999.999 0.000
354.687500 354.688194 980.000 982.100 306.450 307.750 4.400 68.701 3.000 10.230 6.476 3.813 13.481 8.852 4.097 1.543 0.870 0.689 9999.999 9999.999 9999.999 1.318 1.367 1.075 999.999 999.999 999.999 999.999 999.999 999.999 999.999 999.999 999.999 0.000
354.688194 354.688889 980.000 9999.999 306.550 307.750 4.500 69.343 3.000 10.297 6.503 3.774 9999.999 9999.999 9999.999 1.473 0.879 0.573 9999.999 9999.999 9999.999 999.999 999.999 999.999 999.999 999.999 999.999 999.999 999.999 999.999 999.999 999.999 999.999 0.000
354.688889 354.689583 980.000 9999.999 306.450 307.750 4.400 69.526 3.000 10.472 6.571 3.779 9999.999 9999.999 9999.999 1.515 0.981 0.626 9999.999 9999.999 9999.999 999.999 999.999 999.999 999.999 999.999 999.999 999.999 999.999 999.999 999.999 999.999 999.999 0.000
