SGP/US6002C.19980101000000.20181219000000.nephelometer.aerosol_light_scattering_coefficient.pm1.1y.1mn.TSI_3563_SGP_ref_TSI_3563_SGP_wet..lev1.nas
102 1001 
Andrews, Elisabeth; Jefferson, Anne; Burgos, Maria A.  
US06L, National Oceanic and Atmospheric Administration , NOAA/ESRL/GMD,  "Earth System Research Laboratory, Global Monitoring Division", 325 Broadway, , CO 80305-3, Boulder, U.S.A. 
Burgos, Maria A. 
NOAA-ESRL 
1 1 
1998 01 01 2018 12 19 
0.000000 
Days from the file reference point (start_time) 
33 
1 1 1 1 1 1 1 1 1 1 1 1 1 1 1 1 1 1 1 1 1 1 1 1 1 1 1 1 1 1 1 1 1  
9999.999999 9999.999 9999.999 9999.999 9999.999 9999.999 9999.999 9.999 9999.999 9999.999 9999.999 9999.999 9999.999 9999.999 9999.999 9999.999 9999.999 9999.999 9999.999 9999.999 999.999 999.999 999.999 999.999 999.999 999.999 999.999 999.999 999.999 999.999 999.999 999.999 9.999 
end_time of measurement, days from the file reference point 
pressure, hPa, Location=reference nephelometer internal 
pressure, hPa, Location=humidified nephleometer internal 
temperature, K, Location=reference nephelometer internal 
temperature, K, Location=humidified nephleometer internal 
relative_humidity, %, Location=reference nephelometer internal 
relative_humidity, %, Location=humidified nephleometer internal 
number of wavelengths 
aerosol_light_scattering_coefficient, 1/Mm, Wavelength=450nm, Location=reference nephelometer 
aerosol_light_scattering_coefficient, 1/Mm, Wavelength=450nm, Location=humidified nephleometer, Matrix=pm1_humidified 
aerosol_light_scattering_coefficient, 1/Mm, Wavelength=550nm, Location=reference nephelometer 
aerosol_light_scattering_coefficient, 1/Mm, Wavelength=550nm, Location=humidified nephleometer, Matrix=pm1_humidified 
aerosol_light_scattering_coefficient, 1/Mm, Wavelength=700nm, Location=reference nephelometer 
aerosol_light_scattering_coefficient, 1/Mm, Wavelength=700nm, Location=humidified nephleometer, Matrix=pm1_humidified 
aerosol_light_backscattering_coefficient, 1/Mm, Wavelength=450nm, Location=reference nephelometer 
aerosol_light_backscattering_coefficient, 1/Mm, Wavelength=450nm, Location=humidified nephleometer, Matrix=pm1_humidified 
aerosol_light_backscattering_coefficient, 1/Mm, Wavelength=550nm, Location=reference nephelometer 
aerosol_light_backscattering_coefficient, 1/Mm, Wavelength=550nm, Location=humidified nephleometer, Matrix=pm1_humidified 
aerosol_light_backscattering_coefficient, 1/Mm, Wavelength=700nm, Location=reference nephelometer 
aerosol_light_backscattering_coefficient, 1/Mm, Wavelength=700nm, Location=humidified nephleometer, Matrix=pm1_humidified 
aerosol_light_scattering_enhancement_factor, no unit, Wavelength=450nm, Matrix=pm1_humidified, RH base max=40% 
aerosol_light_scattering_enhancement_factor, no unit, Wavelength=550nm, Matrix=pm1_humidified, RH base max=40% 
aerosol_light_scattering_enhancement_factor, no unit, Wavelength=700nm, Matrix=pm1_humidified, RH base max=40% 
aerosol_light_backscattering_enhancement_factor, no unit, Wavelength=450nm, Matrix=pm1_humidified, RH base max=40% 
aerosol_light_backscattering_enhancement_factor, no unit, Wavelength=550nm, Matrix=pm1_humidified, RH base max=40% 
aerosol_light_backscattering_enhancement_factor, no unit, Wavelength=700nm, Matrix=pm1_humidified, RH base max=40% 
aerosol_light_scattering_enhancement_factor, no unit, Wavelength=450nm, Matrix=pm1_humidified, RH base=40% 
[...]
Data level:                   1 
Version:                      1 
Version description:          "corrected values: data screening + truncation, STP, and losses corrections" 
Height AGL:                   2.5m 
Inlet type:                   Hat or hood 
Inlet description:            Heated, stainless steel, see full description in Delene and Ogren, J. Atmos. Sci, 2002. 
Humidity/temperature control: Humidification 
Humidity/temperature control description: humidogram 
Volume std. temperature:       273.15 K 
Volume std. pressure:         1013.25 hPa 
Detection limit:              0.5 1/Mm 
Detection limit expl.:        Determined by instrument counting statistics, no detection limit flag used 
Measurement uncertainty expl.: Uncertainty analysis described in Burgos et al., 2019 
Zero/negative values code:    zero/negative possible 
Zero/negative values:         zero and neg. values may appear due to statistical variations at very low concentrations  
Standard method:              cal-gas=CO2+AIR_truncation-correction=Anderson1998 
Acknowledgement:              Request acknowledgement details from data originator 
start_time end_time p_ref_int p_wet_int T_ref_int T_wet_int RH_ref_int RH_wet_int nWav sc450_ref sc550_ref sc700_ref sc450_wet sc550_wet sc700_wet bsc450_ref bsc550_ref bsc700_ref bsc450_wet bsc550_wet bsc700_wet frh450_total frh550_total frh700_total frh450_back frh550_back frh700_back frh450_total_dry40 frh550_total_dry40 frh700_total_dry40 frh450_back_dry40 frh550_back_dry40 frh700_back_dry40 numflag 
[from data line 9522]
359.838194 359.838889 969.500 971.800 307.150 308.050 7.800 35.481 3.000 54.878 36.827 21.360 51.682 34.733 19.899 6.176 4.667 3.371 5.799 4.607 3.818 0.942 0.943 0.932 0.939 0.987 1.132 0.948 0.934 0.955 1.112 1.087 1.424 0.000
359.838889 359.839583 969.400 971.700 307.250 307.950 7.600 35.479 3.000 55.138 36.859 21.246 51.570 34.852 20.049 6.081 4.737 3.195 5.849 4.249 3.454 0.935 0.946 0.944 0.962 0.897 1.081 0.946 0.937 0.962 1.122 1.003 1.289 0.000
359.839583 359.840278 969.400 971.700 307.150 307.950 7.700 35.999 3.000 55.622 37.111 21.348 52.503 36.000 20.488 6.220 4.706 3.326 5.572 4.231 2.824 0.944 0.970 0.960 0.896 0.899 0.849 0.963 0.968 0.983 1.069 0.999 1.054 0.000
359.840278 359.840972 969.400 971.700 307.150 307.950 7.400 38.720 3.000 55.745 37.324 21.657 53.598 35.559 19.494 6.159 4.694 3.618 5.659 4.695 2.519 0.961 0.953 0.900 0.919 1.000 0.696 0.983 0.956 0.936 1.085 1.108 0.940 0.000
359.840972 359.841667 969.500 971.700 307.150 307.950 7.500 42.914 3.000 55.644 37.298 21.626 53.252 36.051 20.494 6.146 4.743 3.500 6.022 4.035 3.912 0.957 0.967 0.948 0.980 0.851 1.118 0.977 0.969 0.984 1.155 0.952 1.459 0.000
359.841667 359.842361 969.500 971.700 307.150 307.950 7.600 45.168 3.000 55.581 37.292 21.457 52.465 35.469 20.425 6.240 4.696 3.436 6.092 4.303 3.092 0.944 0.951 0.952 0.976 0.916 0.900 0.962 0.954 0.980 1.168 1.016 1.153 0.000
359.842361 359.843056 969.600 971.700 307.150 307.950 7.500 45.799 3.000 55.531 37.254 21.511 53.615 35.782 20.646 6.397 4.689 3.382 5.642 4.713 2.462 0.965 0.960 0.960 0.882 1.005 0.728 0.983 0.962 0.991 1.082 1.112 0.918 0.000
359.843056 359.843750 969.600 971.700 307.150 307.950 7.600 45.534 3.000 55.397 37.173 21.582 53.405 35.384 20.545 6.399 4.714 3.340 5.884 4.249 3.683 0.964 0.952 0.952 0.919 0.901 1.103 0.980 0.951 0.986 1.128 1.003 1.374 0.000
359.843750 359.844444 969.500 971.700 307.150 307.950 7.700 45.803 3.000 56.023 37.199 21.683 53.280 35.856 20.984 6.406 4.705 3.318 5.676 4.070 3.130 0.951 0.964 0.968 0.886 0.865 0.943 0.977 0.964 1.007 1.088 0.961 1.168 0.000
359.844444 359.845139 969.600 971.700 307.150 307.950 7.700 47.945 3.000 56.276 37.418 21.576 53.971 37.136 21.044 6.385 4.688 3.346 6.144 4.481 3.473 0.959 0.992 0.975 0.962 0.956 1.038 0.990 0.999 1.010 1.178 1.058 1.296 0.000
359.845139 359.845833 969.600 971.700 307.150 308.050 7.800 51.780 3.000 56.541 37.718 22.029 56.663 38.560 21.904 6.472 4.724 3.398 5.228 4.143 2.291 1.002 1.022 0.994 0.808 0.877 0.674 1.039 1.037 1.051 1.002 0.978 0.855 0.000
359.845833 359.846528 969.600 971.700 307.150 308.050 7.800 54.098 3.000 57.016 38.019 22.101 59.255 40.081 23.865 6.484 4.801 3.530 5.418 4.554 3.570 1.039 1.054 1.080 0.836 0.948 1.011 1.087 1.078 1.145 1.039 1.075 1.332 0.000
359.846528 359.847222 969.500 971.700 307.150 308.050 7.700 54.276 3.000 57.400 38.502 22.181 60.207 40.947 24.983 6.485 4.832 3.561 5.626 4.590 4.295 1.049 1.064 1.126 0.868 0.950 1.206 1.104 1.101 1.199 1.079 1.083 1.602 0.000
359.847222 359.847917 969.500 971.700 307.150 308.050 7.600 54.900 3.000 57.551 38.748 22.341 60.358 41.622 23.647 6.553 4.910 3.493 5.540 3.840 2.997 1.049 1.074 1.058 0.845 0.782 0.858 1.107 1.119 1.135 1.062 0.906 1.118 0.000
359.847917 359.848611 969.500 971.700 307.250 308.050 7.500 54.454 3.000 57.962 39.043 22.588 60.240 41.084 23.883 6.478 4.932 3.568 5.834 4.286 2.272 1.039 1.052 1.057 0.901 0.869 0.637 1.105 1.105 1.146 1.119 1.012 0.847 0.000
359.848611 359.849306 969.500 971.700 307.250 308.050 7.500 56.504 3.000 58.321 38.920 22.478 61.347 42.318 24.730 6.493 4.873 3.559 5.592 4.697 3.723 1.052 1.087 1.100 0.861 0.964 1.046 1.125 1.138 1.187 1.072 1.109 1.389 0.000
359.849306 359.850000 969.600 971.600 307.250 308.150 7.700 59.895 3.000 58.570 39.262 22.548 64.316 44.308 25.683 6.573 4.951 3.566 6.824 4.199 2.674 1.098 1.129 1.139 1.038 0.848 0.750 1.180 1.191 1.233 1.308 0.991 0.997 0.000
359.850000 359.850694 969.600 971.600 307.250 308.150 7.600 61.945 3.000 58.651 39.274 22.608 65.720 45.960 26.125 6.526 5.003 3.475 6.062 4.878 3.820 1.121 1.170 1.156 0.929 0.975 1.099 1.206 1.236 1.254 1.162 1.151 1.425 0.000
359.850694 359.851389 969.500 971.600 307.250 308.150 7.600 61.767 3.000 58.559 39.478 22.520 67.981 47.166 27.726 6.529 4.984 3.627 6.096 4.645 3.972 1.161 1.195 1.231 0.934 0.932 1.095 1.247 1.268 1.331 1.169 1.096 1.482 0.000
359.851389 359.852083 969.500 971.600 307.250 308.150 7.400 63.380 3.000 58.678 39.671 22.646 68.445 47.827 28.058 6.590 4.991 3.637 6.391 5.271 3.781 1.166 1.206 1.239 0.970 1.056 1.040 1.255 1.286 1.347 1.225 1.244 1.411 0.000
359.852083 359.852778 969.500 971.600 307.250 308.150 7.500 62.932 3.000 58.792 39.980 22.893 67.972 46.961 28.355 6.574 5.020 3.705 6.287 4.913 3.266 1.156 1.175 1.239 0.956 0.979 0.881 1.247 1.263 1.361 1.205 1.160 1.218 0.000
359.852778 359.853472 969.500 971.600 307.250 308.050 7.600 64.826 3.000 59.065 40.160 23.134 70.464 48.962 28.347 6.703 4.961 3.797 6.458 5.180 3.818 1.193 1.219 1.225 0.963 1.044 1.006 1.293 1.317 1.361 1.238 1.223 1.424 0.000
359.853472 359.854167 969.400 971.600 307.250 308.050 7.800 66.809 3.000 59.468 40.363 23.358 72.648 49.904 29.315 6.623 4.937 3.734 6.458 5.037 3.513 1.222 1.236 1.255 0.975 1.020 0.941 1.333 1.342 1.407 1.238 1.189 1.311 0.000
359.854167 359.854861 969.400 971.600 307.250 308.050 7.700 67.350 3.000 59.672 40.278 23.463 74.144 51.661 30.462 6.687 4.959 3.745 6.787 5.055 4.620 1.243 1.283 1.298 1.015 1.019 1.234 999.999 999.999 999.999 999.999 999.999 999.999 0.000
359.854861 359.855556 969.300 9999.999 307.150 308.050 7.800 68.072 3.000 59.944 40.299 23.479 9999.999 9999.999 9999.999 6.644 4.954 3.670 9999.999 9999.999 9999.999 999.999 999.999 999.999 999.999 999.999 999.999 999.999 999.999 999.999 999.999 999.999 999.999 0.000
359.855556 359.856250 969.300 9999.999 307.250 308.050 7.600 67.891 3.000 60.148 40.317 23.495 9999.999 9999.999 9999.999 6.665 5.043 3.604 9999.999 9999.999 9999.999 999.999 999.999 999.999 999.999 999.999 999.999 999.999 999.999 999.999 999.999 999.999 999.999 0.000
359.856250 359.856944 969.300 9999.999 307.150 308.050 7.600 67.801 3.000 60.007 40.202 23.573 9999.999 9999.999 9999.999 6.432 4.937 3.494 9999.999 9999.999 9999.999 999.999 999.999 999.999 999.999 999.999 999.999 999.999 999.999 999.999 999.999 999.999 999.999 0.000
359.856944 359.857639 969.200 9999.999 307.150 308.050 7.500 68.920 3.000 59.845 40.121 23.564 9999.999 9999.999 9999.999 6.543 4.928 3.741 9999.999 9999.999 9999.999 999.999 999.999 999.999 999.999 999.999 999.999 999.999 999.999 999.999 999.999 999.999 999.999 0.000
359.857639 359.858333 969.200 9999.999 307.150 308.050 7.400 70.824 3.000 59.875 40.136 23.561 9999.999 9999.999 9999.999 6.521 4.925 3.526 9999.999 9999.999 9999.999 999.999 999.999 999.999 999.999 999.999 999.999 999.999 999.999 999.999 999.999 999.999 999.999 0.000
359.858333 359.859028 969.200 9999.999 307.150 308.050 7.500 72.330 3.000 59.804 40.379 23.512 9999.999 9999.999 9999.999 6.453 5.003 3.569 9999.999 9999.999 9999.999 999.999 999.999 999.999 999.999 999.999 999.999 999.999 999.999 999.999 999.999 999.999 999.999 0.000
359.859028 359.859722 969.300 9999.999 307.150 308.050 7.800 72.239 3.000 60.093 40.777 23.490 9999.999 9999.999 9999.999 6.489 4.963 3.642 9999.999 9999.999 9999.999 999.999 999.999 999.999 999.999 999.999 999.999 999.999 999.999 999.999 999.999 999.999 999.999 0.000
359.859722 359.860417 969.200 9999.999 307.150 308.150 7.800 71.917 3.000 60.584 40.835 23.632 9999.999 9999.999 9999.999 6.656 5.024 3.613 9999.999 9999.999 9999.999 999.999 999.999 999.999 999.999 999.999 999.999 999.999 999.999 999.999 999.999 999.999 999.999 0.000
359.860417 359.861111 969.200 9999.999 307.150 308.150 7.500 72.334 3.000 60.813 41.052 23.504 9999.999 9999.999 9999.999 6.717 5.095 3.475 9999.999 9999.999 9999.999 999.999 999.999 999.999 999.999 999.999 999.999 999.999 999.999 999.999 999.999 999.999 999.999 0.000
359.861111 359.861806 969.200 9999.999 307.150 308.150 7.500 74.129 3.000 61.024 41.347 23.565 9999.999 9999.999 9999.999 6.672 5.104 3.639 9999.999 9999.999 9999.999 999.999 999.999 999.999 999.999 999.999 999.999 999.999 999.999 999.999 999.999 999.999 999.999 0.000
359.861806 359.862500 969.200 9999.999 307.150 308.250 7.500 76.261 3.000 61.414 41.605 24.056 9999.999 9999.999 9999.999 7.025 5.017 3.891 9999.999 9999.999 9999.999 999.999 999.999 999.999 999.999 999.999 999.999 999.999 999.999 999.999 999.999 999.999 999.999 0.000
359.862500 359.863194 969.200 9999.999 307.150 308.250 7.500 77.436 3.000 61.560 41.627 24.125 9999.999 9999.999 9999.999 7.141 5.105 3.856 9999.999 9999.999 9999.999 999.999 999.999 999.999 999.999 999.999 999.999 999.999 999.999 999.999 999.999 999.999 999.999 0.000
359.863194 359.863889 969.200 9999.999 307.250 308.250 7.600 77.803 3.000 61.702 42.013 24.203 9999.999 9999.999 9999.999 7.111 5.183 3.976 9999.999 9999.999 9999.999 999.999 999.999 999.999 999.999 999.999 999.999 999.999 999.999 999.999 999.999 999.999 999.999 0.000
359.863889 359.864583 969.200 9999.999 307.250 308.350 7.700 78.175 3.000 62.350 42.224 24.483 9999.999 9999.999 9999.999 7.165 5.070 4.068 9999.999 9999.999 9999.999 999.999 999.999 999.999 999.999 999.999 999.999 999.999 999.999 999.999 999.999 999.999 999.999 0.000
359.864583 359.865278 969.200 9999.999 307.250 308.350 7.600 78.534 3.000 62.582 42.454 24.729 9999.999 9999.999 9999.999 7.251 5.085 4.102 9999.999 9999.999 9999.999 999.999 999.999 999.999 999.999 999.999 999.999 999.999 999.999 999.999 999.999 999.999 999.999 0.000
359.865278 359.865972 969.200 9999.999 307.250 308.350 7.700 79.642 3.000 62.743 42.406 24.641 9999.999 9999.999 9999.999 7.190 5.181 3.911 9999.999 9999.999 9999.999 999.999 999.999 999.999 999.999 999.999 999.999 999.999 999.999 999.999 999.999 999.999 999.999 0.000
359.865972 359.866667 969.100 9999.999 307.250 308.450 7.500 81.492 3.000 63.362 42.703 24.848 9999.999 9999.999 9999.999 6.995 5.177 4.022 9999.999 9999.999 9999.999 999.999 999.999 999.999 999.999 999.999 999.999 999.999 999.999 999.999 999.999 999.999 999.999 0.000
359.866667 359.867361 969.100 9999.999 307.250 308.450 7.500 82.333 3.000 63.819 42.792 25.056 9999.999 9999.999 9999.999 7.113 5.217 4.044 9999.999 9999.999 9999.999 999.999 999.999 999.999 999.999 999.999 999.999 999.999 999.999 999.999 999.999 999.999 999.999 0.000
359.867361 359.868056 969.100 9999.999 307.350 308.450 7.600 82.705 3.000 64.409 43.179 25.313 9999.999 9999.999 9999.999 7.067 5.401 4.025 9999.999 9999.999 9999.999 999.999 999.999 999.999 999.999 999.999 999.999 999.999 999.999 999.999 999.999 999.999 999.999 0.000
359.868056 359.868750 969.100 9999.999 307.350 308.550 7.500 83.265 3.000 65.207 43.726 25.844 9999.999 9999.999 9999.999 7.117 5.489 4.157 9999.999 9999.999 9999.999 999.999 999.999 999.999 999.999 999.999 999.999 999.999 999.999 999.999 999.999 999.999 999.999 0.000
359.868750 359.869444 969.100 9999.999 307.350 308.550 7.600 84.119 3.000 66.228 44.102 25.784 9999.999 9999.999 9999.999 7.054 5.538 4.108 9999.999 9999.999 9999.999 999.999 999.999 999.999 999.999 999.999 999.999 999.999 999.999 999.999 999.999 999.999 999.999 0.000
359.869444 359.870139 969.100 9999.999 307.350 308.550 7.700 84.586 3.000 66.374 44.334 26.062 9999.999 9999.999 9999.999 7.362 5.522 4.091 9999.999 9999.999 9999.999 999.999 999.999 999.999 999.999 999.999 999.999 999.999 999.999 999.999 999.999 999.999 999.999 0.000
359.870139 359.870833 969.100 9999.999 307.350 308.650 7.600 87.484 3.000 66.578 44.618 26.001 9999.999 9999.999 9999.999 7.364 5.397 4.075 9999.999 9999.999 9999.999 999.999 999.999 999.999 999.999 999.999 999.999 999.999 999.999 999.999 999.999 999.999 999.999 0.000
359.870833 359.871528 969.100 9999.999 307.350 308.650 7.500 88.645 3.000 66.530 44.628 26.046 9999.999 9999.999 9999.999 7.484 5.400 4.124 9999.999 9999.999 9999.999 999.999 999.999 999.999 999.999 999.999 999.999 999.999 999.999 999.999 999.999 999.999 999.999 0.000
359.871528 359.872222 969.100 9999.999 307.350 308.550 7.500 90.096 3.000 66.725 44.663 25.895 9999.999 9999.999 9999.999 7.604 5.362 4.190 9999.999 9999.999 9999.999 999.999 999.999 999.999 999.999 999.999 999.999 999.999 999.999 999.999 999.999 999.999 999.999 0.000
359.872222 359.872917 969.100 9999.999 307.350 308.550 7.600 91.849 3.000 65.991 45.068 26.298 9999.999 9999.999 9999.999 7.769 5.390 4.212 9999.999 9999.999 9999.999 999.999 999.999 999.999 999.999 999.999 999.999 999.999 999.999 999.999 999.999 999.999 999.999 0.000
359.872917 359.873611 969.000 9999.999 307.350 308.550 7.400 90.899 3.000 66.352 45.297 26.192 9999.999 9999.999 9999.999 7.646 5.444 4.197 9999.999 9999.999 9999.999 999.999 999.999 999.999 999.999 999.999 999.999 999.999 999.999 999.999 999.999 999.999 999.999 0.000
359.873611 359.874306 969.100 9999.999 307.350 308.750 7.800 78.804 3.000 66.869 45.550 26.307 9999.999 9999.999 9999.999 7.703 5.616 4.115 9999.999 9999.999 9999.999 999.999 999.999 999.999 999.999 999.999 999.999 999.999 999.999 999.999 999.999 999.999 999.999 0.000
359.877778 359.878472 968.600 9999.999 307.150 307.750 7.800 36.065 3.000 67.102 45.837 26.434 9999.999 9999.999 9999.999 7.721 5.571 4.268 9999.999 9999.999 9999.999 999.999 999.999 999.999 999.999 999.999 999.999 999.999 999.999 999.999 999.999 999.999 999.999 0.000
359.878472 359.879167 968.600 9999.999 307.150 307.850 7.800 36.120 3.000 67.246 45.745 26.463 9999.999 9999.999 9999.999 7.709 5.458 4.121 9999.999 9999.999 9999.999 999.999 999.999 999.999 999.999 999.999 999.999 999.999 999.999 999.999 999.999 999.999 999.999 0.000
359.879167 359.879861 968.700 9999.999 307.150 307.950 7.700 35.983 3.000 67.501 45.319 26.190 9999.999 9999.999 9999.999 7.675 5.492 4.182 9999.999 9999.999 9999.999 999.999 999.999 999.999 999.999 999.999 999.999 999.999 999.999 999.999 999.999 999.999 999.999 0.000
359.879861 359.880556 968.800 9999.999 307.150 307.950 7.800 35.960 3.000 67.287 44.886 26.040 9999.999 9999.999 9999.999 7.684 5.497 4.170 9999.999 9999.999 9999.999 999.999 999.999 999.999 999.999 999.999 999.999 999.999 999.999 999.999 999.999 999.999 999.999 0.000
359.880556 359.881250 968.800 9999.999 307.150 307.950 7.800 35.843 3.000 66.690 44.708 25.955 9999.999 9999.999 9999.999 7.588 5.480 4.302 9999.999 9999.999 9999.999 999.999 999.999 999.999 999.999 999.999 999.999 999.999 999.999 999.999 999.999 999.999 999.999 0.000
359.881250 359.881944 968.800 9999.999 307.150 307.950 7.600 35.909 3.000 66.304 44.453 25.790 9999.999 9999.999 9999.999 7.538 5.452 4.177 9999.999 9999.999 9999.999 999.999 999.999 999.999 999.999 999.999 999.999 999.999 999.999 999.999 999.999 999.999 999.999 0.000
359.881944 359.882639 968.800 9999.999 307.150 307.950 7.500 38.629 3.000 65.845 44.367 25.551 9999.999 9999.999 9999.999 7.411 5.574 4.149 9999.999 9999.999 9999.999 999.999 999.999 999.999 999.999 999.999 999.999 999.999 999.999 999.999 999.999 999.999 999.999 0.000
359.882639 359.883333 968.800 9999.999 307.150 307.950 7.700 42.824 3.000 65.847 44.317 25.436 9999.999 9999.999 9999.999 7.300 5.593 4.229 9999.999 9999.999 9999.999 999.999 999.999 999.999 999.999 999.999 999.999 999.999 999.999 999.999 999.999 999.999 999.999 0.000
359.883333 359.884028 968.900 9999.999 307.150 307.950 7.700 45.168 3.000 65.693 44.213 25.439 9999.999 9999.999 9999.999 7.343 5.572 4.257 9999.999 9999.999 9999.999 999.999 999.999 999.999 999.999 999.999 999.999 999.999 999.999 999.999 999.999 999.999 999.999 0.000
359.884028 359.884722 968.800 9999.999 307.150 307.950 7.700 45.709 3.000 65.983 44.052 25.453 9999.999 9999.999 9999.999 7.277 5.614 4.191 9999.999 9999.999 9999.999 999.999 999.999 999.999 999.999 999.999 999.999 999.999 999.999 999.999 999.999 999.999 999.999 0.000
