SGP/US6002C.19980101000000.20181219000000.nephelometer.aerosol_light_scattering_coefficient.pm1.1y.1mn.TSI_3563_SGP_ref_TSI_3563_SGP_wet..lev1.nas
102 1001 
Andrews, Elisabeth; Jefferson, Anne; Burgos, Maria A.  
US06L, National Oceanic and Atmospheric Administration , NOAA/ESRL/GMD,  "Earth System Research Laboratory, Global Monitoring Division", 325 Broadway, , CO 80305-3, Boulder, U.S.A. 
Burgos, Maria A. 
NOAA-ESRL 
1 1 
1998 01 01 2018 12 19 
0.000000 
Days from the file reference point (start_time) 
33 
1 1 1 1 1 1 1 1 1 1 1 1 1 1 1 1 1 1 1 1 1 1 1 1 1 1 1 1 1 1 1 1 1  
9999.999999 9999.999 9999.999 9999.999 9999.999 9999.999 9999.999 9.999 9999.999 9999.999 9999.999 9999.999 9999.999 9999.999 9999.999 9999.999 9999.999 9999.999 9999.999 9999.999 999.999 999.999 999.999 999.999 999.999 999.999 999.999 999.999 999.999 999.999 999.999 999.999 9.999 
end_time of measurement, days from the file reference point 
pressure, hPa, Location=reference nephelometer internal 
pressure, hPa, Location=humidified nephleometer internal 
temperature, K, Location=reference nephelometer internal 
temperature, K, Location=humidified nephleometer internal 
relative_humidity, %, Location=reference nephelometer internal 
relative_humidity, %, Location=humidified nephleometer internal 
number of wavelengths 
aerosol_light_scattering_coefficient, 1/Mm, Wavelength=450nm, Location=reference nephelometer 
aerosol_light_scattering_coefficient, 1/Mm, Wavelength=450nm, Location=humidified nephleometer, Matrix=pm1_humidified 
aerosol_light_scattering_coefficient, 1/Mm, Wavelength=550nm, Location=reference nephelometer 
aerosol_light_scattering_coefficient, 1/Mm, Wavelength=550nm, Location=humidified nephleometer, Matrix=pm1_humidified 
aerosol_light_scattering_coefficient, 1/Mm, Wavelength=700nm, Location=reference nephelometer 
aerosol_light_scattering_coefficient, 1/Mm, Wavelength=700nm, Location=humidified nephleometer, Matrix=pm1_humidified 
aerosol_light_backscattering_coefficient, 1/Mm, Wavelength=450nm, Location=reference nephelometer 
aerosol_light_backscattering_coefficient, 1/Mm, Wavelength=450nm, Location=humidified nephleometer, Matrix=pm1_humidified 
aerosol_light_backscattering_coefficient, 1/Mm, Wavelength=550nm, Location=reference nephelometer 
aerosol_light_backscattering_coefficient, 1/Mm, Wavelength=550nm, Location=humidified nephleometer, Matrix=pm1_humidified 
aerosol_light_backscattering_coefficient, 1/Mm, Wavelength=700nm, Location=reference nephelometer 
aerosol_light_backscattering_coefficient, 1/Mm, Wavelength=700nm, Location=humidified nephleometer, Matrix=pm1_humidified 
aerosol_light_scattering_enhancement_factor, no unit, Wavelength=450nm, Matrix=pm1_humidified, RH base max=40% 
aerosol_light_scattering_enhancement_factor, no unit, Wavelength=550nm, Matrix=pm1_humidified, RH base max=40% 
aerosol_light_scattering_enhancement_factor, no unit, Wavelength=700nm, Matrix=pm1_humidified, RH base max=40% 
aerosol_light_backscattering_enhancement_factor, no unit, Wavelength=450nm, Matrix=pm1_humidified, RH base max=40% 
aerosol_light_backscattering_enhancement_factor, no unit, Wavelength=550nm, Matrix=pm1_humidified, RH base max=40% 
aerosol_light_backscattering_enhancement_factor, no unit, Wavelength=700nm, Matrix=pm1_humidified, RH base max=40% 
aerosol_light_scattering_enhancement_factor, no unit, Wavelength=450nm, Matrix=pm1_humidified, RH base=40% 
[...]
Data level:                   1 
Version:                      1 
Version description:          "corrected values: data screening + truncation, STP, and losses corrections" 
Height AGL:                   2.5m 
Inlet type:                   Hat or hood 
Inlet description:            Heated, stainless steel, see full description in Delene and Ogren, J. Atmos. Sci, 2002. 
Humidity/temperature control: Humidification 
Humidity/temperature control description: humidogram 
Volume std. temperature:       273.15 K 
Volume std. pressure:         1013.25 hPa 
Detection limit:              0.5 1/Mm 
Detection limit expl.:        Determined by instrument counting statistics, no detection limit flag used 
Measurement uncertainty expl.: Uncertainty analysis described in Burgos et al., 2019 
Zero/negative values code:    zero/negative possible 
Zero/negative values:         zero and neg. values may appear due to statistical variations at very low concentrations  
Standard method:              cal-gas=CO2+AIR_truncation-correction=Anderson1998 
Acknowledgement:              Request acknowledgement details from data originator 
start_time end_time p_ref_int p_wet_int T_ref_int T_wet_int RH_ref_int RH_wet_int nWav sc450_ref sc550_ref sc700_ref sc450_wet sc550_wet sc700_wet bsc450_ref bsc550_ref bsc700_ref bsc450_wet bsc550_wet bsc700_wet frh450_total frh550_total frh700_total frh450_back frh550_back frh700_back frh450_total_dry40 frh550_total_dry40 frh700_total_dry40 frh450_back_dry40 frh550_back_dry40 frh700_back_dry40 numflag 
[from data line 10533]
360.632639 360.633333 970.600 971.600 307.150 307.950 9.000 42.824 3.000 76.140 47.757 25.635 77.297 49.644 27.235 8.858 6.961 4.982 10.038 8.517 6.737 1.015 1.040 1.062 1.133 1.224 1.352 0.986 0.992 0.998 0.987 0.974 0.955 0.000
360.633333 360.634028 970.600 971.700 307.150 307.950 9.000 44.548 3.000 75.915 47.756 25.969 79.449 50.365 28.347 8.951 7.059 4.955 11.180 8.552 6.527 1.047 1.055 1.092 1.249 1.211 1.317 1.014 1.006 1.039 1.099 0.978 0.925 0.000
360.634028 360.634722 970.600 971.700 307.150 307.950 9.100 45.355 3.000 76.089 48.002 26.064 79.768 50.358 27.371 9.020 7.067 4.826 10.557 8.766 7.748 1.048 1.049 1.050 1.170 1.240 1.606 1.018 1.006 1.003 1.038 1.002 1.098 0.000
360.634722 360.635417 970.700 971.800 307.050 307.950 9.000 45.182 3.000 76.479 48.070 26.177 79.502 50.359 27.546 9.226 7.025 5.006 10.867 8.176 5.744 1.040 1.048 1.052 1.178 1.164 1.147 1.014 1.006 1.010 1.068 0.935 0.814 0.000
360.635417 360.636111 970.700 971.900 307.050 307.850 9.100 45.441 3.000 76.723 48.162 26.283 80.696 50.354 27.630 9.239 7.132 5.069 10.793 8.440 6.962 1.052 1.046 1.051 1.168 1.183 1.373 1.030 1.006 1.013 1.061 0.965 0.987 0.000
360.636111 360.636806 970.700 972.000 307.050 307.850 9.200 48.489 3.000 77.099 48.557 26.450 81.203 51.394 28.298 9.409 7.185 5.092 10.567 8.421 6.446 1.053 1.058 1.070 1.123 1.172 1.266 1.036 1.027 1.037 1.039 0.963 0.914 0.000
360.636806 360.637500 970.800 972.100 307.050 307.950 9.200 51.477 3.000 77.195 48.486 26.157 86.290 53.874 29.388 9.233 7.145 4.939 11.002 9.066 7.058 1.118 1.111 1.124 1.192 1.269 1.429 1.101 1.076 1.077 1.082 1.037 1.000 0.000
360.637500 360.638194 970.800 972.100 307.050 307.850 9.200 53.822 3.000 77.138 48.412 26.023 85.778 54.074 30.310 9.254 7.142 5.068 10.687 9.098 7.189 1.112 1.117 1.165 1.155 1.274 1.419 1.095 1.080 1.111 1.051 1.040 1.019 0.000
360.638194 360.638889 970.800 972.200 307.050 307.950 9.300 53.958 3.000 76.408 48.171 25.890 85.788 54.720 29.531 9.071 7.077 4.848 10.845 8.476 6.123 1.123 1.136 1.141 1.196 1.198 1.263 1.095 1.093 1.082 1.066 0.969 0.868 0.000
360.638889 360.639583 970.800 972.300 307.050 307.850 9.200 54.624 3.000 75.965 47.717 25.747 86.175 55.411 30.568 9.047 6.936 4.883 10.581 8.989 6.768 1.134 1.161 1.187 1.170 1.296 1.386 1.100 1.107 1.120 1.040 1.028 0.959 0.000
360.639583 360.640278 970.800 972.400 307.050 307.850 9.300 54.000 3.000 75.400 47.219 25.703 83.942 53.726 28.817 9.038 6.811 4.920 10.182 8.543 7.416 1.113 1.138 1.121 1.127 1.254 1.507 1.071 1.073 1.056 1.001 0.977 1.051 0.000
360.640278 360.640972 970.900 972.500 307.050 307.850 9.300 56.228 3.000 75.055 47.071 25.537 84.464 54.299 29.652 9.077 6.823 5.040 10.942 8.916 6.862 1.125 1.154 1.161 1.205 1.307 1.362 1.078 1.085 1.087 1.076 1.020 0.973 0.000
360.640972 360.641667 970.900 972.500 307.050 307.850 9.300 60.505 3.000 73.490 46.195 25.176 86.732 55.719 30.800 8.976 6.689 4.810 10.475 9.273 6.500 1.180 1.206 1.223 1.167 1.386 1.351 1.107 1.113 1.129 1.030 1.060 0.921 0.000
360.641667 360.642361 970.900 972.600 307.050 307.950 9.300 60.869 3.000 72.791 45.711 24.799 88.859 56.899 31.740 8.990 6.682 4.753 11.065 8.883 7.188 1.221 1.245 1.280 1.231 1.329 1.512 1.134 1.137 1.163 1.088 1.016 1.019 0.000
360.642361 360.643056 970.900 972.700 307.050 307.950 9.200 62.025 3.000 71.812 45.250 24.388 83.953 54.048 29.854 8.837 6.620 4.596 10.010 8.685 6.482 1.169 1.194 1.224 1.133 1.312 1.410 1.071 1.080 1.094 0.984 0.993 0.919 0.000
360.643056 360.643750 971.000 972.800 307.050 307.950 9.000 62.649 3.000 70.728 44.745 24.065 83.405 53.348 29.508 8.608 6.599 4.533 10.614 8.738 6.519 1.179 1.192 1.226 1.233 1.324 1.438 1.064 1.066 1.081 1.043 0.999 0.924 0.000
360.643750 360.644444 971.000 972.900 307.050 307.950 9.100 63.183 3.000 69.937 44.099 24.095 84.254 53.771 30.251 8.504 6.484 4.523 10.319 8.595 5.985 1.205 1.219 1.255 1.213 1.325 1.323 1.075 1.074 1.109 1.014 0.983 0.848 0.000
360.644444 360.645139 970.900 972.900 307.050 307.950 9.100 64.075 3.000 70.334 44.264 24.096 86.569 55.571 31.223 8.323 6.566 4.631 10.077 8.113 6.118 1.231 1.255 1.296 1.211 1.236 1.321 1.105 1.110 1.144 0.991 0.928 0.867 0.000
360.645139 360.645833 971.000 973.000 307.050 307.950 9.200 66.240 3.000 70.591 44.427 24.537 88.644 58.062 31.875 8.441 6.534 4.727 10.836 8.808 7.090 1.256 1.307 1.299 1.284 1.348 1.500 1.131 1.160 1.168 1.065 1.007 1.005 0.000
360.645833 360.646528 971.000 973.100 307.050 307.950 9.200 66.867 3.000 70.945 44.687 24.925 90.185 58.017 32.603 8.399 6.588 4.807 10.714 9.021 7.813 1.271 1.298 1.308 1.276 1.369 1.625 999.999 999.999 999.999 999.999 999.999 999.999 0.000
360.646528 360.647222 970.900 9999.999 307.050 307.950 9.200 66.867 3.000 71.168 44.855 24.704 9999.999 9999.999 9999.999 8.380 6.583 4.781 9999.999 9999.999 9999.999 999.999 999.999 999.999 999.999 999.999 999.999 999.999 999.999 999.999 999.999 999.999 999.999 0.000
360.647222 360.647917 970.900 9999.999 307.050 307.950 9.300 67.797 3.000 71.672 45.090 24.557 9999.999 9999.999 9999.999 8.443 6.620 4.779 9999.999 9999.999 9999.999 999.999 999.999 999.999 999.999 999.999 999.999 999.999 999.999 999.999 999.999 999.999 999.999 0.000
360.647917 360.648611 971.000 9999.999 307.050 307.950 9.200 67.166 3.000 71.980 45.200 24.743 9999.999 9999.999 9999.999 8.579 6.651 4.908 9999.999 9999.999 9999.999 999.999 999.999 999.999 999.999 999.999 999.999 999.999 999.999 999.999 999.999 999.999 999.999 0.000
360.648611 360.649306 971.000 9999.999 307.050 308.050 9.400 69.023 3.000 71.665 44.866 24.419 9999.999 9999.999 9999.999 8.412 6.669 4.865 9999.999 9999.999 9999.999 999.999 999.999 999.999 999.999 999.999 999.999 999.999 999.999 999.999 999.999 999.999 999.999 0.000
360.649306 360.650000 971.000 9999.999 307.050 308.050 9.400 71.047 3.000 70.940 44.481 23.950 9999.999 9999.999 9999.999 8.192 6.529 4.809 9999.999 9999.999 9999.999 999.999 999.999 999.999 999.999 999.999 999.999 999.999 999.999 999.999 999.999 999.999 999.999 0.000
360.650000 360.650694 971.000 9999.999 307.050 308.050 9.300 71.137 3.000 70.046 43.903 23.956 9999.999 9999.999 9999.999 8.234 6.439 4.804 9999.999 9999.999 9999.999 999.999 999.999 999.999 999.999 999.999 999.999 999.999 999.999 999.999 999.999 999.999 999.999 0.000
360.650694 360.651389 971.000 9999.999 307.050 308.050 9.100 72.457 3.000 69.203 43.365 23.846 9999.999 9999.999 9999.999 8.020 6.343 4.748 9999.999 9999.999 9999.999 999.999 999.999 999.999 999.999 999.999 999.999 999.999 999.999 999.999 999.999 999.999 999.999 0.000
360.651389 360.652083 971.000 9999.999 307.050 308.050 9.100 71.822 3.000 67.425 42.401 23.251 9999.999 9999.999 9999.999 7.793 6.127 4.499 9999.999 9999.999 9999.999 999.999 999.999 999.999 999.999 999.999 999.999 999.999 999.999 999.999 999.999 999.999 999.999 0.000
360.652083 360.652778 971.100 9999.999 307.050 308.050 9.300 73.059 3.000 65.929 41.610 22.752 9999.999 9999.999 9999.999 7.745 5.944 4.494 9999.999 9999.999 9999.999 999.999 999.999 999.999 999.999 999.999 999.999 999.999 999.999 999.999 999.999 999.999 999.999 0.000
360.652778 360.653472 971.100 9999.999 307.050 308.150 9.200 74.094 3.000 64.733 40.904 22.646 9999.999 9999.999 9999.999 7.912 5.906 4.410 9999.999 9999.999 9999.999 999.999 999.999 999.999 999.999 999.999 999.999 999.999 999.999 999.999 999.999 999.999 999.999 0.000
360.653472 360.654167 971.200 9999.999 307.050 308.150 8.900 75.800 3.000 63.811 40.299 22.211 9999.999 9999.999 9999.999 7.712 5.868 4.295 9999.999 9999.999 9999.999 999.999 999.999 999.999 999.999 999.999 999.999 999.999 999.999 999.999 999.999 999.999 999.999 0.000
360.654167 360.654861 971.200 9999.999 307.050 308.150 8.900 76.439 3.000 61.796 39.345 21.540 9999.999 9999.999 9999.999 7.618 5.803 4.018 9999.999 9999.999 9999.999 999.999 999.999 999.999 999.999 999.999 999.999 999.999 999.999 999.999 999.999 999.999 999.999 0.000
360.654861 360.655556 971.200 9999.999 307.050 308.150 8.800 77.615 3.000 60.875 38.955 21.422 9999.999 9999.999 9999.999 7.590 5.756 4.039 9999.999 9999.999 9999.999 999.999 999.999 999.999 999.999 999.999 999.999 999.999 999.999 999.999 999.999 999.999 999.999 0.000
360.655556 360.656250 971.200 9999.999 307.150 308.150 8.800 77.340 3.000 60.961 38.910 21.403 9999.999 9999.999 9999.999 7.492 5.862 3.894 9999.999 9999.999 9999.999 999.999 999.999 999.999 999.999 999.999 999.999 999.999 999.999 999.999 999.999 999.999 999.999 0.000
360.656250 360.656944 971.200 9999.999 307.050 308.150 8.700 77.880 3.000 61.246 38.866 21.255 9999.999 9999.999 9999.999 7.459 5.902 3.943 9999.999 9999.999 9999.999 999.999 999.999 999.999 999.999 999.999 999.999 999.999 999.999 999.999 999.999 999.999 999.999 0.000
360.656944 360.657639 971.200 9999.999 307.050 308.250 8.900 79.088 3.000 61.761 39.249 21.412 9999.999 9999.999 9999.999 7.648 5.907 4.157 9999.999 9999.999 9999.999 999.999 999.999 999.999 999.999 999.999 999.999 999.999 999.999 999.999 999.999 999.999 999.999 0.000
360.657639 360.658333 971.200 9999.999 307.150 308.250 9.000 81.944 3.000 62.821 40.050 21.674 9999.999 9999.999 9999.999 7.701 6.034 4.399 9999.999 9999.999 9999.999 999.999 999.999 999.999 999.999 999.999 999.999 999.999 999.999 999.999 999.999 999.999 999.999 0.000
360.658333 360.659028 971.200 9999.999 307.150 308.250 9.000 82.683 3.000 64.026 40.487 21.882 9999.999 9999.999 9999.999 7.767 6.060 4.371 9999.999 9999.999 9999.999 999.999 999.999 999.999 999.999 999.999 999.999 999.999 999.999 999.999 999.999 999.999 999.999 0.000
360.659028 360.659722 971.200 9999.999 307.150 308.250 9.100 82.696 3.000 65.095 41.204 22.442 9999.999 9999.999 9999.999 8.049 6.104 4.598 9999.999 9999.999 9999.999 999.999 999.999 999.999 999.999 999.999 999.999 999.999 999.999 999.999 999.999 999.999 999.999 0.000
360.659722 360.660417 971.300 9999.999 307.150 308.350 9.000 82.779 3.000 66.770 42.268 23.047 9999.999 9999.999 9999.999 8.122 6.243 4.694 9999.999 9999.999 9999.999 999.999 999.999 999.999 999.999 999.999 999.999 999.999 999.999 999.999 999.999 999.999 999.999 0.000
360.660417 360.661111 971.300 9999.999 307.150 308.350 9.100 83.721 3.000 68.038 42.932 23.380 9999.999 9999.999 9999.999 8.279 6.325 4.699 9999.999 9999.999 9999.999 999.999 999.999 999.999 999.999 999.999 999.999 999.999 999.999 999.999 999.999 999.999 999.999 0.000
360.661111 360.661806 971.300 9999.999 307.150 308.350 9.200 85.698 3.000 69.830 43.860 23.979 9999.999 9999.999 9999.999 8.541 6.399 4.748 9999.999 9999.999 9999.999 999.999 999.999 999.999 999.999 999.999 999.999 999.999 999.999 999.999 999.999 999.999 999.999 0.000
360.661806 360.662500 971.400 9999.999 307.150 308.350 9.200 86.912 3.000 72.095 45.282 24.790 9999.999 9999.999 9999.999 8.809 6.507 4.954 9999.999 9999.999 9999.999 999.999 999.999 999.999 999.999 999.999 999.999 999.999 999.999 999.999 999.999 999.999 999.999 0.000
360.662500 360.663194 971.400 9999.999 307.150 308.450 9.200 87.849 3.000 73.503 46.218 24.992 9999.999 9999.999 9999.999 8.961 6.651 4.987 9999.999 9999.999 9999.999 999.999 999.999 999.999 999.999 999.999 999.999 999.999 999.999 999.999 999.999 999.999 999.999 0.000
360.663194 360.663889 971.500 9999.999 307.250 308.450 9.200 89.952 3.000 74.128 46.613 25.178 9999.999 9999.999 9999.999 9.084 6.700 5.107 9999.999 9999.999 9999.999 999.999 999.999 999.999 999.999 999.999 999.999 999.999 999.999 999.999 999.999 999.999 999.999 0.000
360.663889 360.664583 971.500 9999.999 307.250 308.450 9.300 89.013 3.000 72.827 46.355 24.957 9999.999 9999.999 9999.999 8.892 6.679 4.992 9999.999 9999.999 9999.999 999.999 999.999 999.999 999.999 999.999 999.999 999.999 999.999 999.999 999.999 999.999 999.999 0.000
360.664583 360.665278 971.500 9999.999 307.250 308.550 9.100 88.923 3.000 73.772 46.685 25.236 9999.999 9999.999 9999.999 8.913 6.734 4.969 9999.999 9999.999 9999.999 999.999 999.999 999.999 999.999 999.999 999.999 999.999 999.999 999.999 999.999 999.999 999.999 0.000
360.665278 360.665972 971.500 9999.999 307.250 308.650 8.900 79.463 3.000 73.909 46.765 25.218 9999.999 9999.999 9999.999 8.824 6.935 4.915 9999.999 9999.999 9999.999 999.999 999.999 999.999 999.999 999.999 999.999 999.999 999.999 999.999 999.999 999.999 999.999 0.000
360.669444 360.670139 971.200 9999.999 307.150 307.750 9.100 36.046 3.000 73.661 46.810 25.368 9999.999 9999.999 9999.999 8.702 6.896 5.040 9999.999 9999.999 9999.999 999.999 999.999 999.999 999.999 999.999 999.999 999.999 999.999 999.999 999.999 999.999 999.999 0.000
360.670139 360.670833 971.300 9999.999 307.150 307.950 9.200 35.707 3.000 73.503 46.728 25.228 9999.999 9999.999 9999.999 8.771 6.847 4.960 9999.999 9999.999 9999.999 999.999 999.999 999.999 999.999 999.999 999.999 999.999 999.999 999.999 999.999 999.999 999.999 0.000
360.670833 360.671528 971.300 9999.999 307.250 307.950 9.300 35.799 3.000 75.397 47.345 25.682 9999.999 9999.999 9999.999 8.909 6.907 5.218 9999.999 9999.999 9999.999 999.999 999.999 999.999 999.999 999.999 999.999 999.999 999.999 999.999 999.999 999.999 999.999 0.000
360.671528 360.672222 971.300 9999.999 307.250 307.950 9.200 35.960 3.000 75.009 47.177 25.629 9999.999 9999.999 9999.999 8.930 6.879 5.150 9999.999 9999.999 9999.999 999.999 999.999 999.999 999.999 999.999 999.999 999.999 999.999 999.999 999.999 999.999 999.999 0.000
360.672222 360.672917 971.300 9999.999 307.150 307.950 9.200 35.843 3.000 75.457 47.466 25.733 9999.999 9999.999 9999.999 9.082 6.773 5.178 9999.999 9999.999 9999.999 999.999 999.999 999.999 999.999 999.999 999.999 999.999 999.999 999.999 999.999 999.999 999.999 0.000
360.672917 360.673611 971.300 9999.999 307.150 307.950 9.300 35.818 3.000 76.471 47.932 25.802 9999.999 9999.999 9999.999 9.285 6.846 5.020 9999.999 9999.999 9999.999 999.999 999.999 999.999 999.999 999.999 999.999 999.999 999.999 999.999 999.999 999.999 999.999 0.000
360.673611 360.674306 971.400 9999.999 307.150 307.950 9.300 38.496 3.000 77.815 48.767 26.395 9999.999 9999.999 9999.999 9.413 6.913 5.067 9999.999 9999.999 9999.999 999.999 999.999 999.999 999.999 999.999 999.999 999.999 999.999 999.999 999.999 999.999 999.999 0.000
360.674306 360.675000 971.400 9999.999 307.150 307.950 9.300 43.094 3.000 78.669 49.441 26.847 9999.999 9999.999 9999.999 9.353 7.047 5.043 9999.999 9999.999 9999.999 999.999 999.999 999.999 999.999 999.999 999.999 999.999 999.999 999.999 999.999 999.999 999.999 0.000
360.675000 360.675694 971.500 9999.999 307.150 307.950 9.400 44.369 3.000 79.434 50.123 27.213 9999.999 9999.999 9999.999 9.411 7.178 5.231 9999.999 9999.999 9999.999 999.999 999.999 999.999 999.999 999.999 999.999 999.999 999.999 999.999 999.999 999.999 999.999 0.000
360.675694 360.676389 971.500 9999.999 307.250 307.950 9.300 45.265 3.000 79.809 50.390 27.453 9999.999 9999.999 9999.999 9.418 7.325 5.306 9999.999 9999.999 9999.999 999.999 999.999 999.999 999.999 999.999 999.999 999.999 999.999 999.999 999.999 999.999 999.999 0.000
360.676389 360.677083 971.500 9999.999 307.150 307.950 9.300 45.445 3.000 80.413 50.756 27.762 9999.999 9999.999 9999.999 9.220 7.323 5.266 9999.999 9999.999 9999.999 999.999 999.999 999.999 999.999 999.999 999.999 999.999 999.999 999.999 999.999 999.999 999.999 0.000
360.677083 360.677778 971.500 9999.999 307.150 307.950 9.300 45.093 3.000 80.770 51.275 27.948 9999.999 9999.999 9999.999 9.235 7.452 5.315 9999.999 9999.999 9999.999 999.999 999.999 999.999 999.999 999.999 999.999 999.999 999.999 999.999 999.999 999.999 999.999 0.000
360.677778 360.678472 971.500 9999.999 307.150 307.950 9.400 47.855 3.000 81.231 51.523 27.874 9999.999 9999.999 9999.999 9.267 7.402 5.162 9999.999 9999.999 9999.999 999.999 999.999 999.999 999.999 999.999 999.999 999.999 999.999 999.999 999.999 999.999 999.999 0.000
