SGP/US6002C.19980101000000.20181219000000.nephelometer.aerosol_light_scattering_coefficient.pm1.1y.1mn.TSI_3563_SGP_ref_TSI_3563_SGP_wet..lev1.nas
102 1001 
Andrews, Elisabeth; Jefferson, Anne; Burgos, Maria A.  
US06L, National Oceanic and Atmospheric Administration , NOAA/ESRL/GMD,  "Earth System Research Laboratory, Global Monitoring Division", 325 Broadway, , CO 80305-3, Boulder, U.S.A. 
Burgos, Maria A. 
NOAA-ESRL 
1 1 
1998 01 01 2018 12 19 
0.000000 
Days from the file reference point (start_time) 
33 
1 1 1 1 1 1 1 1 1 1 1 1 1 1 1 1 1 1 1 1 1 1 1 1 1 1 1 1 1 1 1 1 1  
9999.999999 9999.999 9999.999 9999.999 9999.999 9999.999 9999.999 9.999 9999.999 9999.999 9999.999 9999.999 9999.999 9999.999 9999.999 9999.999 9999.999 9999.999 9999.999 9999.999 999.999 999.999 999.999 999.999 999.999 999.999 999.999 999.999 999.999 999.999 999.999 999.999 9.999 
end_time of measurement, days from the file reference point 
pressure, hPa, Location=reference nephelometer internal 
pressure, hPa, Location=humidified nephleometer internal 
temperature, K, Location=reference nephelometer internal 
temperature, K, Location=humidified nephleometer internal 
relative_humidity, %, Location=reference nephelometer internal 
relative_humidity, %, Location=humidified nephleometer internal 
number of wavelengths 
aerosol_light_scattering_coefficient, 1/Mm, Wavelength=450nm, Location=reference nephelometer 
aerosol_light_scattering_coefficient, 1/Mm, Wavelength=450nm, Location=humidified nephleometer, Matrix=pm1_humidified 
aerosol_light_scattering_coefficient, 1/Mm, Wavelength=550nm, Location=reference nephelometer 
aerosol_light_scattering_coefficient, 1/Mm, Wavelength=550nm, Location=humidified nephleometer, Matrix=pm1_humidified 
aerosol_light_scattering_coefficient, 1/Mm, Wavelength=700nm, Location=reference nephelometer 
aerosol_light_scattering_coefficient, 1/Mm, Wavelength=700nm, Location=humidified nephleometer, Matrix=pm1_humidified 
aerosol_light_backscattering_coefficient, 1/Mm, Wavelength=450nm, Location=reference nephelometer 
aerosol_light_backscattering_coefficient, 1/Mm, Wavelength=450nm, Location=humidified nephleometer, Matrix=pm1_humidified 
aerosol_light_backscattering_coefficient, 1/Mm, Wavelength=550nm, Location=reference nephelometer 
aerosol_light_backscattering_coefficient, 1/Mm, Wavelength=550nm, Location=humidified nephleometer, Matrix=pm1_humidified 
aerosol_light_backscattering_coefficient, 1/Mm, Wavelength=700nm, Location=reference nephelometer 
aerosol_light_backscattering_coefficient, 1/Mm, Wavelength=700nm, Location=humidified nephleometer, Matrix=pm1_humidified 
aerosol_light_scattering_enhancement_factor, no unit, Wavelength=450nm, Matrix=pm1_humidified, RH base max=40% 
aerosol_light_scattering_enhancement_factor, no unit, Wavelength=550nm, Matrix=pm1_humidified, RH base max=40% 
aerosol_light_scattering_enhancement_factor, no unit, Wavelength=700nm, Matrix=pm1_humidified, RH base max=40% 
aerosol_light_backscattering_enhancement_factor, no unit, Wavelength=450nm, Matrix=pm1_humidified, RH base max=40% 
aerosol_light_backscattering_enhancement_factor, no unit, Wavelength=550nm, Matrix=pm1_humidified, RH base max=40% 
aerosol_light_backscattering_enhancement_factor, no unit, Wavelength=700nm, Matrix=pm1_humidified, RH base max=40% 
aerosol_light_scattering_enhancement_factor, no unit, Wavelength=450nm, Matrix=pm1_humidified, RH base=40% 
[...]
Data level:                   1 
Version:                      1 
Version description:          "corrected values: data screening + truncation, STP, and losses corrections" 
Height AGL:                   2.5m 
Inlet type:                   Hat or hood 
Inlet description:            Heated, stainless steel, see full description in Delene and Ogren, J. Atmos. Sci, 2002. 
Humidity/temperature control: Humidification 
Humidity/temperature control description: humidogram 
Volume std. temperature:       273.15 K 
Volume std. pressure:         1013.25 hPa 
Detection limit:              0.5 1/Mm 
Detection limit expl.:        Determined by instrument counting statistics, no detection limit flag used 
Measurement uncertainty expl.: Uncertainty analysis described in Burgos et al., 2019 
Zero/negative values code:    zero/negative possible 
Zero/negative values:         zero and neg. values may appear due to statistical variations at very low concentrations  
Standard method:              cal-gas=CO2+AIR_truncation-correction=Anderson1998 
Acknowledgement:              Request acknowledgement details from data originator 
start_time end_time p_ref_int p_wet_int T_ref_int T_wet_int RH_ref_int RH_wet_int nWav sc450_ref sc550_ref sc700_ref sc450_wet sc550_wet sc700_wet bsc450_ref bsc550_ref bsc700_ref bsc450_wet bsc550_wet bsc700_wet frh450_total frh550_total frh700_total frh450_back frh550_back frh700_back frh450_total_dry40 frh550_total_dry40 frh700_total_dry40 frh450_back_dry40 frh550_back_dry40 frh700_back_dry40 numflag 
[from data line 3317]
354.829861 354.830556 981.800 9999.999 306.050 306.450 4.200 91.157 3.000 10.353 6.853 3.919 9999.999 9999.999 9999.999 1.279 0.812 0.779 9999.999 9999.999 9999.999 999.999 999.999 999.999 999.999 999.999 999.999 999.999 999.999 999.999 999.999 999.999 999.999 0.000
354.830556 354.831250 981.800 9999.999 306.050 306.450 4.200 90.874 3.000 9.949 6.719 4.119 9999.999 9999.999 9999.999 1.212 0.897 0.837 9999.999 9999.999 9999.999 999.999 999.999 999.999 999.999 999.999 999.999 999.999 999.999 999.999 999.999 999.999 999.999 0.000
354.831250 354.831944 981.900 9999.999 306.050 306.550 4.200 89.840 3.000 10.546 7.042 4.298 9999.999 9999.999 9999.999 1.253 0.939 0.775 9999.999 9999.999 9999.999 999.999 999.999 999.999 999.999 999.999 999.999 999.999 999.999 999.999 999.999 999.999 999.999 0.000
354.831944 354.832639 981.900 9999.999 306.050 306.250 4.100 89.011 3.000 10.723 7.403 4.322 9999.999 9999.999 9999.999 1.394 0.886 0.802 9999.999 9999.999 9999.999 999.999 999.999 999.999 999.999 999.999 999.999 999.999 999.999 999.999 999.999 999.999 999.999 0.000
354.850000 354.850694 982.000 9999.999 306.050 306.750 4.200 64.138 3.000 11.292 7.701 4.537 9999.999 9999.999 9999.999 1.441 0.971 0.992 9999.999 9999.999 9999.999 999.999 999.999 999.999 999.999 999.999 999.999 999.999 999.999 999.999 999.999 999.999 999.999 0.000
354.850694 354.851389 982.000 9999.999 306.150 306.750 4.200 64.048 3.000 11.748 7.930 4.639 9999.999 9999.999 9999.999 1.538 1.075 0.992 9999.999 9999.999 9999.999 999.999 999.999 999.999 999.999 999.999 999.999 999.999 999.999 999.999 999.999 999.999 999.999 0.000
354.851389 354.852083 982.000 9999.999 306.150 306.750 4.100 64.242 3.000 12.248 8.133 4.646 9999.999 9999.999 9999.999 1.570 1.175 1.101 9999.999 9999.999 9999.999 999.999 999.999 999.999 999.999 999.999 999.999 999.999 999.999 999.999 999.999 999.999 999.999 0.000
354.852083 354.852778 982.000 9999.999 306.050 306.750 4.100 64.242 3.000 11.887 7.794 4.604 9999.999 9999.999 9999.999 1.434 1.163 1.207 9999.999 9999.999 9999.999 999.999 999.999 999.999 999.999 999.999 999.999 999.999 999.999 999.999 999.999 999.999 999.999 0.000
354.852778 354.853472 982.000 9999.999 306.150 306.750 4.100 65.601 3.000 11.667 7.563 4.614 9999.999 9999.999 9999.999 1.267 1.367 1.161 9999.999 9999.999 9999.999 999.999 999.999 999.999 999.999 999.999 999.999 999.999 999.999 999.999 999.999 999.999 999.999 0.000
354.853472 354.854167 982.000 9999.999 306.150 306.850 4.100 68.323 3.000 11.322 7.351 4.455 9999.999 9999.999 9999.999 1.364 1.348 0.985 9999.999 9999.999 9999.999 999.999 999.999 999.999 999.999 999.999 999.999 999.999 999.999 999.999 999.999 999.999 999.999 0.000
354.854167 354.854861 982.100 984.100 306.150 306.850 4.000 69.087 3.000 10.995 7.092 4.476 15.184 10.086 5.897 1.316 1.274 1.001 2.026 1.704 1.371 1.381 1.422 1.318 1.540 1.337 1.369 1.348 1.524 1.328 0.847 1.000 0.696 0.000
354.854861 354.855556 982.100 984.100 306.150 306.950 4.100 70.277 3.000 10.644 6.895 4.346 15.189 9.709 5.797 1.270 1.068 0.937 2.998 1.581 1.672 1.427 1.408 1.334 2.361 1.480 1.785 1.349 1.467 1.306 1.253 0.928 0.849 0.000
354.855556 354.856250 982.200 984.100 306.150 306.950 4.100 70.459 3.000 10.223 6.819 4.120 14.999 9.760 5.868 1.401 1.018 0.842 2.436 1.827 0.995 1.467 1.431 1.424 1.738 1.796 1.183 1.332 1.475 1.321 1.018 1.072 0.506 0.000
354.856250 354.856944 982.100 984.000 306.150 307.050 4.100 70.828 3.000 9.900 6.624 4.138 14.425 9.578 5.669 1.399 0.879 0.904 2.164 2.039 1.522 1.457 1.446 1.370 1.547 2.320 1.683 1.281 1.447 1.277 0.905 1.196 0.773 0.000
354.856944 354.857639 982.100 984.000 306.150 307.050 4.000 71.699 3.000 9.814 6.443 4.028 14.076 9.028 5.628 1.279 0.856 0.869 1.687 1.301 1.372 1.434 1.401 1.397 1.319 1.520 1.578 1.250 1.364 1.267 0.705 0.763 0.697 0.000
354.857639 354.858333 982.300 984.000 306.150 307.150 3.900 73.567 3.000 9.700 6.474 4.065 14.611 9.615 5.726 1.357 0.846 1.024 1.585 1.846 0.959 1.506 1.485 1.408 1.168 2.182 0.936 1.297 1.453 1.289 0.663 1.083 0.487 0.000
354.858333 354.859028 982.300 984.000 306.150 307.150 3.900 73.996 3.000 9.801 6.409 4.061 14.980 9.843 6.650 1.394 0.890 1.010 1.960 1.829 1.071 1.528 1.536 1.637 1.406 2.054 1.060 1.330 1.487 1.498 0.819 1.073 0.544 0.000
354.859028 354.859722 982.400 984.000 306.150 307.150 3.800 73.629 3.000 9.890 6.382 4.225 14.900 9.357 5.996 1.357 0.872 0.999 1.347 1.987 0.695 1.507 1.466 1.419 0.992 2.280 0.696 1.323 1.414 1.350 0.563 1.166 0.353 0.000
354.859722 354.860417 982.400 983.900 306.150 307.150 3.800 73.966 3.000 9.944 6.388 4.111 15.257 9.724 5.596 1.429 0.946 0.932 1.960 1.723 1.635 1.534 1.522 1.361 1.372 1.823 1.755 1.355 1.469 1.260 0.820 1.011 0.831 0.000
354.860417 354.861111 982.500 983.900 306.150 307.150 3.900 73.597 3.000 9.930 6.459 4.181 15.446 10.176 6.116 1.433 0.918 0.936 2.438 1.424 1.391 1.556 1.575 1.463 1.701 1.552 1.486 1.371 1.538 1.377 1.019 0.836 0.707 0.000
354.861111 354.861806 982.500 983.900 306.150 307.250 4.000 74.523 3.000 9.981 6.432 3.967 15.699 10.180 6.367 1.366 0.987 0.761 1.978 1.742 1.636 1.573 1.583 1.605 1.448 1.764 2.151 1.394 1.538 1.434 0.827 1.022 0.831 0.000
354.861806 354.862500 982.600 983.900 306.150 307.250 3.900 78.482 3.000 9.823 6.399 3.994 16.720 11.100 6.609 1.158 0.959 0.791 2.080 1.636 1.128 1.702 1.735 1.655 1.796 1.705 1.427 1.485 1.677 1.488 0.870 0.960 0.573 0.000
354.862500 354.863194 982.600 983.900 306.250 307.350 3.900 78.493 3.000 9.893 6.411 3.888 16.332 11.226 7.298 1.158 0.966 0.848 2.439 1.549 1.561 1.651 1.751 1.877 2.106 1.603 1.840 1.450 1.696 1.643 1.020 0.909 0.793 0.000
354.863194 354.863889 982.700 983.800 306.250 307.350 3.700 79.228 3.000 10.041 6.557 4.040 17.284 11.976 7.850 1.251 0.939 0.897 1.552 1.901 1.580 1.721 1.826 1.943 1.241 2.025 1.762 1.535 1.810 1.768 0.649 1.115 0.803 0.000
354.863889 354.864583 982.800 983.800 306.250 307.450 3.800 80.159 3.000 10.342 6.661 3.898 18.271 12.074 7.482 1.186 0.973 0.985 1.860 1.778 1.656 1.767 1.813 1.919 1.569 1.827 1.682 1.622 1.824 1.685 0.778 1.043 0.841 0.000
354.864583 354.865278 982.900 983.800 306.250 307.450 3.800 79.324 3.000 10.457 6.733 4.025 18.214 12.152 7.624 1.207 0.941 1.077 2.116 1.954 1.938 1.742 1.805 1.894 1.754 2.077 1.799 1.617 1.836 1.717 0.885 1.147 0.985 0.000
354.865278 354.865972 982.900 983.800 306.250 307.450 3.900 80.625 3.000 10.586 6.862 4.112 19.474 12.652 7.707 1.401 0.996 0.994 2.253 2.183 0.433 1.840 1.844 1.875 1.608 2.191 0.435 1.729 1.912 1.736 0.942 1.281 0.220 0.000
354.865972 354.866667 982.800 983.800 306.250 307.450 3.900 82.398 3.000 10.766 6.963 4.069 19.744 13.332 8.254 1.445 1.052 0.867 1.672 1.901 1.825 1.834 1.915 2.028 1.158 1.808 2.106 1.753 2.014 1.859 0.699 1.116 0.927 0.000
354.866667 354.867361 982.800 983.700 306.250 307.450 3.800 84.941 3.000 10.782 6.984 3.975 21.215 13.980 9.182 1.396 1.109 0.881 1.997 2.342 2.221 1.968 2.002 2.310 1.430 2.111 2.522 1.884 2.112 2.068 0.835 1.374 1.128 0.000
354.867361 354.868056 983.000 983.700 306.250 307.550 3.800 85.601 3.000 10.612 7.027 4.096 22.821 15.264 9.451 1.449 1.116 0.915 2.254 2.413 2.240 2.151 2.172 2.307 1.555 2.161 2.448 2.026 2.306 2.128 0.942 1.416 1.138 0.000
354.868056 354.868750 983.000 983.700 306.250 307.550 3.900 86.071 3.000 10.665 7.028 4.012 23.078 14.876 8.656 1.456 1.096 0.832 2.476 2.043 2.109 2.164 2.117 2.157 1.700 1.865 2.534 2.049 2.248 1.949 1.035 1.199 1.071 0.000
354.868750 354.869444 983.000 983.700 306.250 307.550 3.800 86.097 3.000 10.752 6.964 3.655 22.699 14.531 9.529 1.449 1.153 0.781 2.441 2.430 1.563 2.111 2.087 2.607 1.685 2.107 2.000 2.015 2.196 2.146 1.021 1.426 0.794 0.000
354.869444 354.870139 983.000 983.700 306.250 307.650 3.900 86.637 3.000 10.585 6.856 3.544 22.625 15.318 10.029 1.424 1.202 0.878 2.784 2.467 2.316 2.137 2.234 2.830 1.955 2.052 2.637 2.009 2.315 2.259 1.164 1.447 1.177 0.000
354.880556 354.881250 983.100 984.200 306.350 307.350 3.500 36.923 3.000 10.605 6.772 3.514 9.948 6.290 3.896 1.329 1.260 0.908 1.927 1.654 1.109 0.938 0.929 1.109 1.450 1.313 1.221 0.883 0.950 0.877 0.806 0.970 0.564 0.000
354.881250 354.881944 983.100 984.300 306.350 307.350 3.500 36.894 3.000 10.424 6.605 3.403 10.458 6.601 3.692 1.301 1.262 0.869 2.762 1.865 0.677 1.003 0.999 1.085 2.123 1.478 0.779 0.929 0.997 0.831 1.155 1.094 0.344 0.000
354.881944 354.882639 983.200 984.400 306.250 307.350 3.700 39.524 3.000 10.381 6.572 3.389 11.241 6.586 4.409 1.396 1.350 0.804 2.421 1.724 2.106 1.083 1.002 1.301 1.734 1.277 2.618 0.998 0.995 0.993 1.012 1.011 1.070 0.000
354.882639 354.883333 983.300 984.500 306.250 307.350 3.600 44.292 3.000 10.501 6.627 3.588 11.458 6.907 4.721 1.539 1.266 1.012 2.131 1.530 0.733 1.091 1.042 1.316 1.385 1.208 0.724 1.017 1.044 1.063 0.891 0.898 0.372 0.000
354.883333 354.884028 983.400 984.500 306.250 307.350 3.700 45.943 3.000 10.541 6.585 3.687 11.327 6.989 4.536 1.562 1.167 0.959 1.978 1.776 0.620 1.074 1.061 1.230 1.266 1.522 0.647 1.006 1.056 1.022 0.827 1.042 0.315 0.000
354.884028 354.884722 983.300 984.600 306.250 307.350 3.600 46.315 3.000 10.436 6.443 3.585 10.825 6.490 3.595 1.634 1.139 0.806 1.705 1.090 1.241 1.037 1.007 1.003 1.043 0.957 1.539 0.961 0.981 0.810 0.713 0.640 0.630 0.000
354.884722 354.885417 983.400 984.700 306.250 307.450 3.600 45.959 3.000 10.477 6.443 3.676 10.490 6.216 4.165 1.816 1.130 0.726 2.319 1.143 1.147 1.001 0.965 1.133 1.277 1.012 1.581 0.931 0.939 0.938 0.969 0.671 0.583 0.000
354.885417 354.886111 983.400 984.800 306.350 307.450 3.700 45.959 3.000 10.385 6.272 3.761 11.111 6.671 4.476 1.756 1.074 0.813 1.739 1.372 1.372 1.070 1.064 1.190 0.990 1.277 1.687 0.987 1.008 1.008 0.727 0.805 0.697 0.000
354.886111 354.886806 983.500 984.900 306.350 307.450 3.700 49.585 3.000 10.141 6.195 3.802 11.300 7.267 4.365 1.657 1.162 0.656 2.114 1.952 1.316 1.114 1.173 1.148 1.276 1.679 2.005 1.003 1.098 0.983 0.884 1.145 0.668 0.000
354.886806 354.887500 983.500 985.000 306.350 307.450 3.500 54.118 3.000 10.077 6.259 3.715 11.761 7.199 4.045 1.865 1.190 0.601 1.926 1.688 1.034 1.167 1.150 1.089 1.033 1.418 1.721 1.044 1.088 0.911 0.805 0.990 0.525 0.000
354.887500 354.888194 983.600 985.100 306.350 307.550 3.500 57.413 3.000 10.096 6.311 3.673 12.379 8.254 5.028 1.888 1.109 0.652 1.688 1.829 2.030 1.226 1.308 1.369 0.894 1.649 3.116 1.099 1.247 1.132 0.706 1.073 1.031 0.000
354.888194 354.888889 983.600 985.100 306.350 307.450 3.500 57.381 3.000 10.013 6.328 3.592 11.875 7.182 4.367 1.805 1.125 0.626 1.789 1.160 9999.999 1.186 1.135 1.216 0.992 1.031 999.999 1.054 1.085 0.984 0.748 0.681 999.999 0.000
354.888889 354.889583 983.600 985.200 306.350 307.450 3.500 55.750 3.000 9.954 6.348 3.445 12.017 8.078 4.471 1.821 1.116 0.702 1.585 1.125 1.466 1.207 1.272 1.298 0.870 1.008 2.087 1.067 1.221 1.007 0.663 0.660 0.745 0.000
354.889583 354.890278 983.500 985.300 306.350 307.450 3.500 54.843 3.000 9.941 6.348 3.268 11.725 7.652 4.564 1.761 1.070 0.695 1.653 1.512 0.582 1.180 1.205 1.396 0.939 1.413 0.838 1.041 1.156 1.028 0.691 0.887 0.296 0.000
354.890278 354.890972 983.500 985.400 306.350 307.450 3.500 57.563 3.000 9.878 6.227 3.236 11.790 7.694 4.151 1.606 1.123 0.707 2.062 1.476 1.090 1.194 1.236 1.283 1.284 1.315 1.541 1.047 1.163 0.935 0.862 0.866 0.554 0.000
354.890972 354.891667 983.700 985.500 306.350 307.450 3.500 62.548 3.000 9.613 6.232 3.229 12.536 7.819 4.868 1.694 1.155 0.693 2.129 1.177 0.395 1.304 1.255 1.508 1.257 1.019 0.569 1.113 1.182 1.096 0.890 0.691 0.200 0.000
354.891667 354.892361 983.700 985.600 306.350 307.550 3.600 64.456 3.000 9.389 6.118 3.303 12.411 8.006 5.061 1.691 1.100 0.871 1.636 1.529 0.188 1.322 1.309 1.532 0.967 1.391 0.216 1.102 1.210 1.140 0.684 0.897 0.095 0.000
354.892361 354.893056 983.700 985.700 306.350 307.550 3.500 64.819 3.000 9.513 6.224 3.343 12.187 8.196 5.134 1.714 1.118 0.806 2.010 1.863 1.822 1.281 1.317 1.536 1.173 1.666 2.260 1.082 1.238 1.156 0.840 1.093 0.926 0.000
354.893056 354.893750 983.800 985.800 306.350 307.550 3.500 64.637 3.000 9.551 6.256 3.601 12.882 7.763 4.738 1.786 1.137 0.889 2.027 1.722 1.071 1.349 1.241 1.316 1.135 1.515 1.204 1.144 1.173 1.067 0.848 1.011 0.544 0.000
354.893750 354.894444 983.900 985.800 306.350 307.550 3.600 64.557 3.000 9.366 6.241 3.661 13.194 8.152 5.293 1.769 1.155 0.986 2.181 1.406 0.883 1.409 1.306 1.446 1.232 1.217 0.895 1.172 1.232 1.192 0.912 0.825 0.449 0.000
354.894444 354.895139 983.900 985.900 306.350 307.650 3.600 64.913 3.000 9.555 6.229 3.653 12.922 8.159 5.074 1.626 1.157 1.088 1.874 1.898 1.353 1.352 1.310 1.389 1.153 1.641 1.244 1.147 1.233 1.143 0.784 1.114 0.687 0.000
354.895139 354.895833 983.900 986.000 306.350 307.650 3.600 66.545 3.000 9.718 6.245 3.740 12.585 8.403 4.982 1.702 1.222 1.097 1.925 1.564 0.752 1.295 1.346 1.332 1.131 1.280 0.685 1.117 1.270 1.122 0.805 0.918 0.382 0.000
354.895833 354.896528 984.000 986.100 306.350 307.650 3.500 67.996 3.000 9.475 6.092 3.689 12.949 8.657 5.164 1.577 1.210 1.132 2.283 1.582 1.559 1.367 1.421 1.400 1.447 1.307 1.378 999.999 999.999 999.999 999.999 999.999 999.999 0.000
354.896528 354.897222 984.100 9999.999 306.350 307.550 3.500 69.702 3.000 9.322 6.018 3.416 9999.999 9999.999 9999.999 1.515 1.141 0.988 9999.999 9999.999 9999.999 999.999 999.999 999.999 999.999 999.999 999.999 999.999 999.999 999.999 999.999 999.999 999.999 0.000
354.897222 354.897917 984.100 9999.999 306.350 307.550 3.600 69.427 3.000 9.483 5.941 3.337 9999.999 9999.999 9999.999 1.434 1.090 0.905 9999.999 9999.999 9999.999 999.999 999.999 999.999 999.999 999.999 999.999 999.999 999.999 999.999 999.999 999.999 999.999 0.000
354.897917 354.898611 984.200 9999.999 306.350 307.650 3.500 69.212 3.000 9.623 5.934 3.422 9999.999 9999.999 9999.999 1.455 1.113 0.808 9999.999 9999.999 9999.999 999.999 999.999 999.999 999.999 999.999 999.999 999.999 999.999 999.999 999.999 999.999 999.999 0.000
354.898611 354.899306 984.300 9999.999 306.350 307.650 3.600 71.999 3.000 9.652 5.874 3.118 9999.999 9999.999 9999.999 1.376 1.083 0.727 9999.999 9999.999 9999.999 999.999 999.999 999.999 999.999 999.999 999.999 999.999 999.999 999.999 999.999 999.999 999.999 0.000
354.899306 354.900000 984.300 9999.999 306.350 307.750 3.700 75.235 3.000 9.728 5.856 3.091 9999.999 9999.999 9999.999 1.549 1.136 0.653 9999.999 9999.999 9999.999 999.999 999.999 999.999 999.999 999.999 999.999 999.999 999.999 999.999 999.999 999.999 999.999 0.000
354.900000 354.900694 984.200 9999.999 306.350 307.750 3.600 73.837 3.000 9.715 5.804 3.203 9999.999 9999.999 9999.999 1.540 1.191 0.723 9999.999 9999.999 9999.999 999.999 999.999 999.999 999.999 999.999 999.999 999.999 999.999 999.999 999.999 999.999 999.999 0.000
354.900694 354.901389 984.200 9999.999 306.350 307.750 3.500 73.379 3.000 9.673 5.932 3.268 9999.999 9999.999 9999.999 1.499 1.185 0.801 9999.999 9999.999 9999.999 999.999 999.999 999.999 999.999 999.999 999.999 999.999 999.999 999.999 999.999 999.999 999.999 0.000
354.901389 354.902083 984.300 9999.999 306.350 307.750 3.600 73.897 3.000 9.346 5.806 3.275 9999.999 9999.999 9999.999 1.536 1.118 0.750 9999.999 9999.999 9999.999 999.999 999.999 999.999 999.999 999.999 999.999 999.999 999.999 999.999 999.999 999.999 999.999 0.000
354.902083 354.902778 984.200 9999.999 306.350 307.750 3.600 73.620 3.000 9.416 5.950 3.349 9999.999 9999.999 9999.999 1.559 1.060 0.704 9999.999 9999.999 9999.999 999.999 999.999 999.999 999.999 999.999 999.999 999.999 999.999 999.999 999.999 999.999 999.999 0.000
354.902778 354.903472 984.200 9999.999 306.350 307.750 3.600 75.439 3.000 9.457 6.100 3.381 9999.999 9999.999 9999.999 1.526 0.974 0.762 9999.999 9999.999 9999.999 999.999 999.999 999.999 999.999 999.999 999.999 999.999 999.999 999.999 999.999 999.999 999.999 0.000
