HYGRO_dataset/YOS/US9042R.20020101000000.20181217000000.nephelometer.aerosol_light_scattering_coefficient.pm25.1y.2mn.Rad_Research_ref_Rad_Research_wet..lev0.nas
76 1001 
Day, Derek; Burgos, Maria A.  
US11L, Cooperative Institute for Research in the Atmosphere, , Colorado State University, ,,,Fort Collins, USA 
Burgos, Maria A. 
IMPROVE 
1 1 
2002 01 01 2018 12 17 
0.000 
Days from the file reference point (start_time) 
11 
1 1 1 1 1 1 1 1 1 1 1  
9999.999999 9999.999 9999.999 9999.999 9999.999 9999.999 9999.999 9.999 9999.999 9999.999 9.999 
end_time of measurement, days from the file reference point 
pressure, hPa, Location=reference nephelometer internal 
pressure, hPa, Location=humidified nephleometer internal 
temperature, K, Location=reference nephelometer internal 
temperature, K, Location=humidified nephleometer internal 
relative_humidity, %, Location=reference nephelometer internal 
relative_humidity, %, Location=humidified nephleometer internal 
number of wavelengths 
aerosol_light_scattering_coefficient, 1/Mm, Wavelength=530nm, Location=reference nephelometer 
aerosol_light_scattering_coefficient, 1/Mm, Wavelength=530nm, Location=humidified nephleometer, Matrix=pm25_humidified 
numflag, no unit 
0 
51
Data definition:              EBAS_1.1 
Set type code:                TI 
Station code:                 US9042R 
Platform code:                US9042S 
Timezone:                     UTC 
Startdate:                    20020714000000 
Revision date:                20181217000000 
Component:                    aerosol_light_scattering_coefficient 
Unit:                         1/Mm 
Matrix:                       pm25 
Period code:                  1y 
Resolution code:              2mn 
Sample duration:              1mn 
Laboratory code:              US11L 
Instrument type:              nephelometer 
Instrument manufacturer:      Radiance-Research 
Instrument model:             M903 
Instrument name:              Rad_Research_ref+Rad_Research_wet 
Method ref:                   US11L_hygro_tandem_neph_CorrData 
Orig. time res.:              1mn 
File name:                    US9042R.20020101000000.20181217000000.nephelometer.aerosol_light_scattering_coefficient.pm25.1y.2mn.Rad_Research_ref_Rad_Research_wet..lev0.nas 
File creation:                20181217000000 
Station GAW-Name:             Yosemite 
Station GAW-ID:               YOS 
Measurement latitude:         37.71 
Measurement longitude:        -119.7 
Station latitude:            37.71 
Station longitude:           -119.7 
Station altitude:            1615m 
Station land use:            Remote park 
Station setting:              Mountain 
Station WMO region:           4 
Originator:                   Day, Derek, Derek.Day@colostate.edu, Cooperative Institute for Research in the Atmosphere, , Colorado State University, ,,,Fort Collins, USA 
Originator:                   Burgos, Maria A., paul.zieger@aces.su.se, Department of Environmental Science and Analytical Chemistry, ACES,,Frescativägen 54,, SE10691, Stockholm, Sweden 
Submitter:                    Burgos, Maria A., paul.zieger@aces.su.se, Department of Environmental Science and Analytical Chemistry, ACES,,Frescativägen 54,, SE10691, Stockholm, Sweden 
Data level:                   0 
Version:                      1 
Version description:          raw values, RH sensor correction 
Inlet type:                   Cyclone 
Humidity/temperature control: Humidification 
Humidity/temperature control description: humidogram 
Volume std. temperature:      instrument internal 
Volume std. pressure:         instrument internal 
Detection limit:              0.5 1/Mm 
Detection limit expl.:        Determined by instrument counting statistics, no detection limit flag used 
Measurement uncertainty expl.: Uncertainty analysis described in Burgos et al., 2019 
Zero/negative values code:    zero/negative possible 
Zero/negative values:         zero and neg. values may appear due to statistical variations at very low concentrations  
Standard method:              cal-gas=CO2+AIR_truncation-correction=none 
Acknowledgement:              Request acknowledgement details from data originator 
start_time end_time p_ref_int p_wet_int T_ref_int T_wet_int RH_ref_int RH_wet_int nWav sc530_ref sc530_wet numflag 
[from data line 7410]
204.291667 204.292361 833.000 833.000 24.330 24.760 8.680 3.175 1.000 32.550 32.670 0.456
204.292361 204.293056 833.000 833.000 24.330 24.760 8.690 3.172 1.000 32.950 32.600 0.456
204.294444 204.295139 833.000 833.000 24.330 24.750 8.690 3.172 1.000 32.620 32.980 0.456
204.295139 204.295833 833.000 833.000 24.330 24.750 8.700 3.170 1.000 32.710 33.160 0.456
204.297222 204.297917 833.000 833.000 24.320 24.750 8.720 3.170 1.000 32.780 32.780 0.456
204.297917 204.298611 833.000 833.000 24.320 24.750 8.710 3.168 1.000 32.240 32.810 0.456
204.300000 204.300694 833.000 833.000 24.320 24.750 8.720 3.165 1.000 32.360 33.460 0.456
204.300694 204.301389 833.000 833.000 24.320 24.740 8.730 3.166 1.000 32.420 33.790 0.456
204.302778 204.303472 833.000 833.000 24.310 24.730 8.740 3.162 1.000 32.360 32.750 0.456
204.303472 204.304167 833.000 833.000 24.290 24.730 8.750 3.164 1.000 31.950 33.570 0.456
204.305556 204.306250 833.000 833.000 24.290 24.720 8.750 3.163 1.000 32.360 33.260 0.456
204.306250 204.306944 833.000 833.000 24.280 24.710 8.760 3.162 1.000 32.820 32.660 0.456
204.308333 204.309028 833.000 833.000 24.280 24.710 8.780 3.163 1.000 31.690 32.760 0.456
204.309028 204.309722 833.000 833.000 24.270 24.700 8.780 3.162 1.000 32.130 32.860 0.456
204.311111 204.311806 833.000 833.000 24.270 24.700 8.800 3.164 1.000 32.810 33.520 0.456
204.311806 204.312500 833.000 833.000 24.230 24.630 8.820 3.235 1.000 33.060 32.540 0.456
204.313889 204.314583 833.000 833.000 24.190 24.580 8.870 3.436 1.000 15.520 14.350 0.456
204.314583 204.315278 833.000 833.000 24.180 24.560 8.860 3.560 1.000 1.709 0.995 0.456
204.316667 204.317361 833.000 833.000 24.160 24.540 8.830 3.656 1.000 0.603 0.613 0.456
204.317361 204.318056 833.000 833.000 24.140 24.520 8.770 3.761 1.000 0.163 9999.999 0.456
204.319444 204.320139 833.000 833.000 24.120 24.500 8.710 3.973 1.000 0.251 0.122 0.456
204.320139 204.320833 833.000 833.000 24.110 24.480 8.630 4.188 1.000 0.390 0.054 0.456
204.322222 204.322917 833.000 833.000 24.100 24.460 8.560 4.381 1.000 0.292 0.094 0.456
204.323611 204.324306 833.000 833.000 24.060 24.430 8.480 4.552 1.000 0.161 9999.999 0.456
204.325000 204.325694 833.000 833.000 24.020 24.390 8.400 4.709 1.000 0.069 9999.999 0.456
204.326389 204.327083 833.000 833.000 24.000 24.360 8.330 4.850 1.000 0.082 0.031 0.456
204.327083 204.327778 833.000 833.000 23.980 24.340 8.250 4.984 1.000 9999.999 9999.999 0.456
204.329167 204.329861 833.000 833.000 23.970 24.320 8.180 5.099 1.000 0.219 9999.999 0.456
204.329861 204.330556 833.000 833.000 23.970 24.300 8.100 5.206 1.000 0.420 9999.999 0.456
204.331944 204.332639 833.000 833.000 23.970 24.290 8.030 5.307 1.000 0.137 9999.999 0.456
204.333333 204.334028 833.000 833.000 23.970 24.290 7.940 5.390 1.000 0.060 9999.999 0.456
204.334028 204.334722 833.000 833.000 23.970 24.280 7.860 5.472 1.000 0.095 9999.999 0.456
204.335417 204.336111 833.000 833.000 23.960 24.270 7.790 5.544 1.000 0.117 9999.999 0.456
204.337500 204.338194 833.000 833.000 23.960 24.270 7.720 5.611 1.000 9999.999 9999.999 0.456
204.338889 204.339583 833.000 833.000 23.960 24.270 7.650 5.672 1.000 0.179 9999.999 0.456
204.339583 204.340278 833.000 833.000 23.960 24.270 7.580 5.726 1.000 9999.999 9999.999 0.456
204.340972 204.341667 833.000 833.000 23.950 24.260 7.510 5.775 1.000 9999.999 0.053 0.456
204.343056 204.343750 833.000 833.000 23.920 24.230 7.450 5.823 1.000 0.018 0.049 0.456
204.344444 204.345139 833.000 833.000 23.900 24.210 7.390 5.870 1.000 0.224 0.326 0.456
204.345139 204.345833 833.000 833.000 23.910 24.210 7.320 5.915 1.000 0.188 0.691 0.456
204.346528 204.347222 833.000 833.000 23.910 24.210 7.250 5.955 1.000 1.029 1.774 0.456
204.348611 204.349306 833.000 833.000 23.920 24.210 7.200 5.992 1.000 2.824 3.693 0.456
204.350000 204.350694 833.000 833.000 23.930 24.210 7.140 6.027 1.000 5.127 6.669 0.456
204.350694 204.351389 833.000 833.000 23.940 24.220 7.070 6.059 1.000 8.850 11.190 0.456
204.352083 204.352778 833.000 833.000 23.920 24.220 7.020 6.081 1.000 11.060 11.910 0.456
204.354167 204.354861 833.000 833.000 23.910 24.200 6.962 6.110 1.000 13.340 14.640 0.456
204.355556 204.356250 833.000 833.000 23.910 24.200 6.912 6.136 1.000 18.160 20.420 0.456
204.356250 204.356944 833.000 833.000 23.920 24.200 6.863 6.164 1.000 29.290 36.550 0.456
204.357639 204.358333 833.000 833.000 23.940 24.210 6.805 6.187 1.000 25.380 23.230 0.456
204.359722 204.360417 833.000 833.000 23.950 24.220 6.751 6.208 1.000 17.840 17.390 0.456
204.361111 204.361806 833.000 833.000 23.950 24.230 6.699 6.224 1.000 5.559 4.612 0.456
204.361806 204.362500 833.000 833.000 23.940 24.230 6.647 6.235 1.000 0.836 0.634 0.456
204.363194 204.363889 833.000 833.000 23.940 24.230 6.586 6.240 1.000 0.102 0.182 0.456
204.365278 204.365972 833.000 833.000 23.930 24.230 6.528 6.246 1.000 0.384 0.632 0.456
204.366667 204.367361 833.000 833.000 23.930 24.230 6.479 6.255 1.000 0.437 0.222 0.456
204.368056 204.368750 833.000 833.000 23.930 24.230 6.439 6.270 1.000 0.407 0.066 0.456
204.368750 204.369444 833.000 833.000 23.930 24.240 6.407 6.286 1.000 9999.999 0.149 0.456
204.370139 204.370833 833.000 833.000 23.910 24.240 6.378 6.305 1.000 9999.999 0.124 0.456
204.372222 204.372917 833.000 833.000 23.910 24.230 6.359 6.325 1.000 9999.999 0.166 0.456
204.373611 204.374306 833.000 833.000 23.910 24.230 6.333 6.348 1.000 9999.999 9999.999 0.456
204.375000 204.375694 833.000 833.000 23.910 24.230 6.314 6.374 1.000 0.276 0.044 0.456
204.375694 204.376389 833.000 833.000 23.910 24.240 6.293 6.397 1.000 0.163 0.190 0.456
204.377083 204.377778 833.000 833.000 23.910 24.240 6.276 6.420 1.000 0.192 0.157 0.456
204.379167 204.379861 833.000 833.000 23.890 24.230 6.270 6.444 1.000 0.074 0.207 0.456
204.380556 204.381250 833.000 833.000 23.890 24.220 6.257 6.470 1.000 0.246 9999.999 0.456
204.381250 204.381944 833.000 833.000 23.890 24.220 6.247 6.496 1.000 9999.999 0.042 0.456
204.382639 204.383333 833.000 833.000 23.900 24.220 6.233 6.519 1.000 9999.999 9999.999 0.456
204.384722 204.385417 833.000 833.000 23.890 24.220 6.223 6.544 1.000 0.067 9999.999 0.456
204.386111 204.386806 833.000 833.000 23.880 24.220 6.215 6.567 1.000 9999.999 0.072 0.456
204.386806 204.387500 833.000 833.000 23.880 24.210 6.211 6.591 1.000 9999.999 9999.999 0.456
204.388194 204.388889 833.000 833.000 23.880 24.210 6.202 6.617 1.000 9999.999 9999.999 0.456
204.390278 204.390972 833.000 833.000 23.890 24.200 6.196 6.641 1.000 9999.999 0.002 0.456
204.391667 204.392361 833.000 833.000 23.890 24.200 6.184 6.668 1.000 9999.999 9999.999 0.456
204.392361 204.393056 833.000 833.000 23.880 24.190 6.179 6.687 1.000 9999.999 9999.999 0.456
204.393750 204.394444 833.000 833.000 23.880 24.180 6.180 6.709 1.000 9999.999 9999.999 0.456
204.395833 204.396528 833.000 833.000 23.880 24.170 6.173 6.735 1.000 0.248 9999.999 0.456
204.397222 204.397917 833.000 833.000 23.880 24.170 6.167 6.760 1.000 9999.999 9999.999 0.456
204.397917 204.398611 833.000 833.000 23.890 24.170 6.168 6.783 1.000 9999.999 0.051 0.456
204.399306 204.400000 833.000 833.000 23.890 24.170 6.161 6.804 1.000 9999.999 0.099 0.456
204.401389 204.402083 833.000 833.000 23.880 24.170 6.161 6.824 1.000 9999.999 9999.999 0.456
204.402778 204.403472 833.000 833.000 23.890 24.170 6.162 6.846 1.000 9999.999 9999.999 0.456
204.403472 204.404167 833.000 833.000 23.890 24.170 6.163 6.868 1.000 9999.999 9999.999 0.456
204.404861 204.405556 833.000 833.000 23.890 24.170 6.163 6.888 1.000 9999.999 9999.999 0.456
204.406944 204.407639 833.000 833.000 23.890 24.170 6.156 6.909 1.000 0.235 9999.999 0.456
204.408333 204.409028 833.000 833.000 23.890 24.170 6.161 6.929 1.000 9999.999 9999.999 0.456
204.409722 204.410417 833.000 833.000 23.900 24.180 6.157 6.948 1.000 9999.999 9999.999 0.456
204.410417 204.411111 833.000 833.000 23.910 24.180 6.158 6.968 1.000 9999.999 9999.999 0.456
204.411806 204.412500 833.000 833.000 23.900 24.180 6.155 6.986 1.000 9999.999 0.060 0.456
204.413889 204.414583 833.000 833.000 23.900 24.180 6.158 7.010 1.000 9999.999 9999.999 0.456
204.415278 204.415972 833.000 833.000 23.910 24.190 6.162 7.030 1.000 0.155 9999.999 0.456
204.416667 204.417361 833.000 833.000 23.920 24.200 6.156 7.050 1.000 9999.999 9999.999 0.456
204.417361 204.418056 833.000 833.000 23.920 24.200 6.158 7.060 1.000 0.906 0.608 0.456
204.418750 204.419444 833.000 833.000 23.920 24.210 6.332 7.150 1.000 2.180 1.779 0.456
204.420833 204.421528 833.000 833.000 23.930 24.210 6.798 7.500 1.000 0.268 0.442 0.456
204.422222 204.422917 833.000 833.000 23.940 24.220 6.899 7.720 1.000 1.193 0.271 0.456
204.422917 204.423611 833.000 833.000 23.940 24.220 6.807 7.760 1.000 0.620 0.633 0.456
204.424306 204.425000 833.000 833.000 23.940 24.230 6.673 7.720 1.000 1.324 0.730 0.456
204.426389 204.427083 833.000 833.000 23.950 24.240 6.533 7.660 1.000 2.042 1.775 0.456
204.427778 204.428472 833.000 833.000 23.960 24.250 6.401 7.590 1.000 1.864 1.555 0.456
204.428472 204.429167 833.000 833.000 23.970 24.270 6.289 7.530 1.000 0.132 0.255 0.456
204.429861 204.430556 833.000 833.000 23.980 24.280 6.184 7.460 1.000 9999.999 9999.999 0.456
204.431944 204.432639 833.000 833.000 23.990 24.300 6.096 7.410 1.000 9999.999 9999.999 0.456
204.433333 204.434028 833.000 833.000 24.000 24.310 6.012 7.370 1.000 9999.999 9999.999 0.456
204.434028 204.434722 833.000 833.000 24.010 24.330 5.942 7.330 1.000 9999.999 9999.999 0.456
204.435417 204.436111 833.000 833.000 24.030 24.340 5.874 7.290 1.000 9999.999 9999.999 0.456
204.437500 204.438194 833.000 833.000 24.040 24.360 5.764 7.160 1.000 9999.999 9999.999 0.456
204.438889 204.439583 833.000 833.000 24.270 24.580 6.005 3.364 1.000 6.113 4.462 0.456
204.439583 204.440278 833.000 833.000 24.330 24.620 6.209 3.300 1.000 12.420 10.200 0.456
204.440972 204.441667 833.000 833.000 24.380 24.650 6.789 3.222 1.000 12.700 10.650 0.456
204.443056 204.443750 833.000 833.000 24.420 24.680 7.400 3.186 1.000 12.230 10.270 0.456
204.444444 204.445139 833.000 833.000 24.460 24.710 7.910 3.160 1.000 11.560 10.220 0.456
204.445139 204.445833 833.000 833.000 24.500 24.740 8.360 3.143 1.000 10.990 9.430 0.456
204.446528 204.447222 833.000 833.000 24.540 24.760 8.730 3.126 1.000 10.440 9.240 0.456
204.448611 204.449306 833.000 833.000 24.570 24.780 9.040 3.113 1.000 10.090 9.170 0.456
204.450000 204.450694 833.000 833.000 24.600 24.800 9.320 3.116 1.000 9.540 9.030 0.456
204.451389 204.452083 833.000 833.000 24.620 24.820 9.570 3.107 1.000 9.260 8.860 0.456
204.452083 204.452778 833.000 833.000 24.650 24.840 9.780 3.104 1.000 8.920 9.600 0.456
204.453472 204.454167 833.000 833.000 24.680 24.850 9.970 3.101 1.000 8.790 8.890 0.456
204.455556 204.456250 833.000 833.000 24.700 24.870 10.150 3.101 1.000 9.190 8.850 0.456
204.456944 204.457639 833.000 833.000 24.720 24.890 10.300 3.105 1.000 8.940 9.120 0.456
204.458333 204.459028 833.000 833.000 24.740 24.900 10.450 3.102 1.000 8.990 8.390 0.456
204.459028 204.459722 833.000 833.000 24.760 24.920 10.570 3.106 1.000 8.820 8.420 0.000
204.460417 204.461111 833.000 833.000 24.770 24.940 10.700 3.111 1.000 9.280 8.540 0.000
204.462500 204.463194 833.000 833.000 24.790 24.950 10.810 3.116 1.000 8.490 8.360 0.000
204.463889 204.464583 833.000 833.000 24.800 24.960 10.910 3.129 1.000 8.460 8.080 0.000
204.464583 204.465278 833.000 833.000 24.810 24.970 11.020 3.142 1.000 8.670 8.320 0.000
204.465972 204.466667 833.000 833.000 24.820 24.990 11.100 3.151 1.000 8.460 8.180 0.000
204.468056 204.468750 833.000 833.000 24.840 25.000 11.190 3.165 1.000 8.250 8.210 0.000
204.469444 204.470139 833.000 833.000 24.840 25.010 11.260 3.183 1.000 8.280 8.260 0.000
204.470139 204.470833 833.000 833.000 24.860 25.020 11.320 3.197 1.000 8.330 7.580 0.000
204.471528 204.472222 833.000 833.000 24.860 25.030 11.400 3.217 1.000 8.130 8.200 0.000
204.473611 204.474306 833.000 833.000 24.870 25.030 11.470 3.235 1.000 8.390 8.140 0.000
204.475000 204.475694 833.000 833.000 24.870 25.040 11.520 3.252 1.000 7.640 8.190 0.000
204.475694 204.476389 833.000 833.000 24.880 25.050 11.570 3.272 1.000 7.590 7.850 0.000
204.477083 204.477778 833.000 833.000 24.880 25.050 11.630 3.294 1.000 8.300 8.320 0.000
204.479167 204.479861 833.000 833.000 24.890 25.050 11.670 3.314 1.000 8.410 8.280 0.000
204.480556 204.481250 833.000 833.000 24.890 25.060 11.740 3.334 1.000 8.530 8.710 0.000
204.481250 204.481944 833.000 833.000 24.890 25.060 11.790 3.358 1.000 8.350 8.490 0.000
204.482639 204.483333 833.000 833.000 24.890 25.070 11.840 3.391 1.000 8.350 7.880 0.000
204.484722 204.485417 833.000 833.000 24.890 25.070 11.900 3.437 1.000 8.260 8.870 0.000
204.486111 204.486806 833.000 833.000 24.890 25.070 11.950 3.458 1.000 8.550 9.130 0.000
204.486806 204.487500 833.000 833.000 24.900 25.070 11.990 3.485 1.000 8.810 8.740 0.000
204.488194 204.488889 833.000 833.000 24.890 25.070 12.030 3.537 1.000 9.290 9.380 0.000
204.490278 204.490972 833.000 833.000 24.890 25.080 12.070 3.639 1.000 9.240 9.230 0.000
204.491667 204.492361 833.000 833.000 24.890 25.070 12.140 3.985 1.000 8.800 9.010 0.000
204.493056 204.493750 833.000 833.000 24.890 25.070 12.200 4.900 1.000 8.540 8.890 0.000
204.493750 204.494444 833.000 833.000 24.890 25.070 12.260 6.155 1.000 8.660 8.460 0.000
204.495139 204.495833 833.000 833.000 24.890 25.070 12.320 7.570 1.000 8.800 8.590 0.000
204.497222 204.497917 833.000 833.000 24.890 25.070 12.370 9.040 1.000 9.230 8.850 0.000
204.498611 204.499306 833.000 833.000 24.890 25.070 12.430 10.450 1.000 9.020 8.860 0.000
204.500000 204.500694 833.000 833.000 24.890 25.070 12.490 11.770 1.000 9.350 8.930 0.000
204.500694 204.501389 833.000 833.000 24.890 25.070 12.550 12.950 1.000 9.170 8.620 0.000
204.502083 204.502778 833.000 833.000 24.890 25.070 12.600 13.990 1.000 9.200 8.540 0.000
204.504167 204.504861 833.000 833.000 24.880 25.070 12.620 14.920 1.000 9.030 8.560 0.000
204.505556 204.506250 833.000 833.000 24.880 25.070 12.630 15.750 1.000 9.010 8.690 0.000
204.506250 204.506944 833.000 833.000 24.880 25.070 12.670 16.480 1.000 9.000 9.160 0.000
204.507639 204.508333 833.000 833.000 24.880 25.070 12.730 17.140 1.000 9.740 9.730 0.000
204.509722 204.510417 833.000 833.000 24.880 25.070 12.780 17.840 1.000 9.660 9.390 0.000
204.511111 204.511806 833.000 833.000 24.870 25.070 12.830 18.680 1.000 9.570 9.010 0.000
204.511806 204.512500 833.000 833.000 24.870 25.070 12.860 19.730 1.000 10.230 9.050 0.000
204.513194 204.513889 833.000 833.000 24.870 25.070 12.910 20.850 1.000 10.140 9.150 0.000
204.515278 204.515972 833.000 833.000 24.870 25.070 12.930 21.920 1.000 10.140 9.140 0.000
204.516667 204.517361 833.000 833.000 24.870 25.060 12.930 22.870 1.000 10.180 8.710 0.000
204.517361 204.518056 833.000 833.000 24.870 25.060 12.930 23.700 1.000 9.810 8.720 0.000
204.518750 204.519444 833.000 833.000 24.870 25.060 12.930 24.430 1.000 9.650 9.180 0.000
204.520833 204.521528 833.000 833.000 24.860 25.060 12.970 25.060 1.000 9.330 9.210 0.000
204.522222 204.522917 833.000 833.000 24.870 25.060 13.020 25.600 1.000 10.040 9.110 0.000
204.522917 204.523611 833.000 833.000 24.860 25.060 13.040 26.060 1.000 9.960 8.990 0.000
204.524306 204.525000 833.000 833.000 24.860 25.060 13.050 26.460 1.000 9.830 9.300 0.000
204.526389 204.527083 833.000 833.000 24.860 25.050 13.050 26.810 1.000 10.130 8.920 0.000
204.527778 204.528472 833.000 833.000 24.860 25.050 13.050 27.120 1.000 9.880 9.690 0.000
204.528472 204.529167 833.000 833.000 24.850 25.050 13.080 27.390 1.000 10.180 8.850 0.000
204.529861 204.530556 833.000 833.000 24.850 25.050 13.100 27.640 1.000 10.250 9.170 0.000
204.531944 204.532639 833.000 833.000 24.850 25.040 13.120 27.850 1.000 9.950 9.620 0.000
204.533333 204.534028 833.000 833.000 24.840 25.040 13.140 28.060 1.000 10.240 9.380 0.000
204.534722 204.535417 833.000 833.000 24.840 25.040 13.170 28.450 1.000 10.200 9.440 0.000
