HYGRO_dataset/YOS/US9042R.20020101000000.20181217000000.nephelometer.aerosol_light_scattering_coefficient.pm25.1y.2mn.Rad_Research_ref_Rad_Research_wet..lev0.nas
76 1001 
Day, Derek; Burgos, Maria A.  
US11L, Cooperative Institute for Research in the Atmosphere, , Colorado State University, ,,,Fort Collins, USA 
Burgos, Maria A. 
IMPROVE 
1 1 
2002 01 01 2018 12 17 
0.000 
Days from the file reference point (start_time) 
11 
1 1 1 1 1 1 1 1 1 1 1  
9999.999999 9999.999 9999.999 9999.999 9999.999 9999.999 9999.999 9.999 9999.999 9999.999 9.999 
end_time of measurement, days from the file reference point 
pressure, hPa, Location=reference nephelometer internal 
pressure, hPa, Location=humidified nephleometer internal 
temperature, K, Location=reference nephelometer internal 
temperature, K, Location=humidified nephleometer internal 
relative_humidity, %, Location=reference nephelometer internal 
relative_humidity, %, Location=humidified nephleometer internal 
number of wavelengths 
aerosol_light_scattering_coefficient, 1/Mm, Wavelength=530nm, Location=reference nephelometer 
aerosol_light_scattering_coefficient, 1/Mm, Wavelength=530nm, Location=humidified nephleometer, Matrix=pm25_humidified 
numflag, no unit 
0 
51
Data definition:              EBAS_1.1 
Set type code:                TI 
Station code:                 US9042R 
Platform code:                US9042S 
Timezone:                     UTC 
Startdate:                    20020714000000 
Revision date:                20181217000000 
Component:                    aerosol_light_scattering_coefficient 
Unit:                         1/Mm 
Matrix:                       pm25 
Period code:                  1y 
Resolution code:              2mn 
Sample duration:              1mn 
Laboratory code:              US11L 
Instrument type:              nephelometer 
Instrument manufacturer:      Radiance-Research 
Instrument model:             M903 
Instrument name:              Rad_Research_ref+Rad_Research_wet 
Method ref:                   US11L_hygro_tandem_neph_CorrData 
Orig. time res.:              1mn 
File name:                    US9042R.20020101000000.20181217000000.nephelometer.aerosol_light_scattering_coefficient.pm25.1y.2mn.Rad_Research_ref_Rad_Research_wet..lev0.nas 
File creation:                20181217000000 
Station GAW-Name:             Yosemite 
Station GAW-ID:               YOS 
Measurement latitude:         37.71 
Measurement longitude:        -119.7 
Station latitude:            37.71 
Station longitude:           -119.7 
Station altitude:            1615m 
Station land use:            Remote park 
Station setting:              Mountain 
Station WMO region:           4 
Originator:                   Day, Derek, Derek.Day@colostate.edu, Cooperative Institute for Research in the Atmosphere, , Colorado State University, ,,,Fort Collins, USA 
Originator:                   Burgos, Maria A., paul.zieger@aces.su.se, Department of Environmental Science and Analytical Chemistry, ACES,,Frescativägen 54,, SE10691, Stockholm, Sweden 
Submitter:                    Burgos, Maria A., paul.zieger@aces.su.se, Department of Environmental Science and Analytical Chemistry, ACES,,Frescativägen 54,, SE10691, Stockholm, Sweden 
Data level:                   0 
Version:                      1 
Version description:          raw values, RH sensor correction 
Inlet type:                   Cyclone 
Humidity/temperature control: Humidification 
Humidity/temperature control description: humidogram 
Volume std. temperature:      instrument internal 
Volume std. pressure:         instrument internal 
Detection limit:              0.5 1/Mm 
Detection limit expl.:        Determined by instrument counting statistics, no detection limit flag used 
Measurement uncertainty expl.: Uncertainty analysis described in Burgos et al., 2019 
Zero/negative values code:    zero/negative possible 
Zero/negative values:         zero and neg. values may appear due to statistical variations at very low concentrations  
Standard method:              cal-gas=CO2+AIR_truncation-correction=none 
Acknowledgement:              Request acknowledgement details from data originator 
start_time end_time p_ref_int p_wet_int T_ref_int T_wet_int RH_ref_int RH_wet_int nWav sc530_ref sc530_wet numflag 
[from data line 31815]
238.186806 238.187500 833.000 833.000 26.220 26.730 6.621 3.116 1.000 27.960 28.950 0.000
238.188889 238.189583 833.000 833.000 26.200 26.710 6.618 3.114 1.000 27.380 29.220 0.000
238.189583 238.190278 833.000 833.000 26.190 26.700 6.621 3.115 1.000 27.160 29.930 0.000
238.191667 238.192361 833.000 833.000 26.170 26.690 6.624 3.113 1.000 27.590 29.480 0.000
238.192361 238.193056 833.000 833.000 26.160 26.670 6.627 3.113 1.000 28.020 29.950 0.000
238.194444 238.195139 833.000 833.000 26.150 26.660 6.627 3.112 1.000 28.910 29.470 0.000
238.195139 238.195833 833.000 833.000 26.130 26.640 6.624 3.111 1.000 29.340 30.770 0.000
238.197222 238.197917 833.000 833.000 26.120 26.630 6.633 3.112 1.000 30.260 31.500 0.000
238.198611 238.199306 833.000 833.000 26.100 26.610 6.637 3.110 1.000 31.090 34.610 0.000
238.200000 238.200694 833.000 833.000 26.090 26.600 6.637 3.111 1.000 32.210 36.000 0.000
238.201389 238.202083 833.000 833.000 26.070 26.590 6.640 3.109 1.000 32.950 33.700 0.000
238.202083 238.202778 833.000 833.000 26.050 26.570 6.646 3.109 1.000 32.770 32.230 0.000
238.204167 238.204861 833.000 833.000 26.040 26.550 6.658 3.109 1.000 32.140 31.280 0.000
238.204861 238.205556 833.000 833.000 26.020 26.540 6.660 3.109 1.000 31.750 31.940 0.000
238.206944 238.207639 833.000 833.000 26.010 26.530 6.663 3.109 1.000 30.950 31.510 0.000
238.208333 238.209028 833.000 833.000 25.990 26.510 6.670 3.108 1.000 29.700 30.800 0.000
238.209028 238.209722 833.000 833.000 25.980 26.500 6.674 3.108 1.000 29.970 30.890 0.000
238.211111 238.211806 833.000 833.000 25.960 26.480 6.679 3.108 1.000 30.360 32.690 0.000
238.211806 238.212500 833.000 833.000 25.940 26.470 6.680 3.108 1.000 30.810 31.830 0.000
238.213889 238.214583 833.000 833.000 25.930 26.450 6.688 3.108 1.000 31.560 32.590 0.000
238.214583 238.215278 833.000 833.000 25.920 26.440 6.694 3.108 1.000 31.180 33.170 0.000
238.216667 238.217361 833.000 833.000 25.900 26.420 6.692 3.108 1.000 31.160 33.110 0.000
238.217361 238.218056 833.000 833.000 25.890 26.410 6.700 3.108 1.000 31.040 33.300 0.000
238.219444 238.220139 833.000 833.000 25.870 26.400 6.700 3.109 1.000 31.300 32.200 0.000
238.220139 238.220833 833.000 833.000 25.860 26.380 6.708 3.108 1.000 30.640 31.190 0.000
238.222222 238.222917 833.000 833.000 25.840 26.370 6.716 3.109 1.000 30.390 31.370 0.000
238.222917 238.223611 833.000 833.000 25.830 26.350 6.718 3.108 1.000 30.370 32.190 0.000
238.225000 238.225694 833.000 833.000 25.810 26.340 6.718 3.109 1.000 30.530 31.440 0.000
238.225694 238.226389 833.000 833.000 25.800 26.320 6.723 3.109 1.000 30.070 30.240 0.000
238.227778 238.228472 833.000 833.000 25.780 26.310 6.721 3.109 1.000 29.740 30.860 0.000
238.228472 238.229167 833.000 833.000 25.770 26.290 6.722 3.109 1.000 29.600 31.030 0.000
238.230556 238.231250 833.000 833.000 25.760 26.280 6.723 3.108 1.000 30.180 31.200 0.000
238.231250 238.231944 833.000 833.000 25.730 26.260 6.722 3.109 1.000 30.420 31.500 0.000
238.233333 238.234028 833.000 833.000 25.720 26.250 6.723 3.109 1.000 29.620 31.760 0.000
238.234028 238.234722 833.000 833.000 25.710 26.230 6.722 3.108 1.000 29.510 32.120 0.000
238.236111 238.236806 833.000 833.000 25.690 26.220 6.725 3.109 1.000 30.160 31.250 0.000
238.236806 238.237500 833.000 833.000 25.680 26.200 6.729 3.108 1.000 31.740 32.410 0.000
238.238889 238.239583 833.000 833.000 25.660 26.190 6.729 3.110 1.000 31.520 33.540 0.000
238.240278 238.240972 833.000 833.000 25.650 26.170 6.731 3.110 1.000 31.540 33.560 0.000
238.241667 238.242361 833.000 833.000 25.630 26.160 6.731 3.111 1.000 31.740 33.200 0.000
238.243056 238.243750 833.000 833.000 25.620 26.140 6.727 3.111 1.000 29.950 31.780 0.000
238.243750 238.244444 833.000 833.000 25.600 26.130 6.744 3.109 1.000 30.420 31.690 0.000
238.245833 238.246528 833.000 833.000 25.590 26.110 6.741 3.110 1.000 30.600 31.480 0.000
238.246528 238.247222 833.000 833.000 25.570 26.090 6.740 3.109 1.000 30.210 30.680 0.000
238.248611 238.249306 833.000 833.000 25.560 26.080 6.744 3.110 1.000 30.180 30.870 0.000
238.250000 238.250694 833.000 833.000 25.550 26.070 6.739 3.109 1.000 29.250 31.340 0.000
238.250694 238.251389 833.000 833.000 25.540 26.050 6.743 3.110 1.000 30.270 31.360 0.000
238.252778 238.253472 833.000 833.000 25.520 26.040 6.746 3.109 1.000 30.030 31.340 0.000
238.253472 238.254167 833.000 833.000 25.510 26.020 6.746 3.109 1.000 29.520 30.720 0.000
238.255556 238.256250 833.000 833.000 25.490 26.010 6.744 3.110 1.000 29.610 30.570 0.000
238.256250 238.256944 833.000 833.000 25.480 26.000 6.738 3.110 1.000 29.880 31.080 0.000
238.258333 238.259028 833.000 833.000 25.460 25.980 6.740 3.110 1.000 29.910 30.430 0.000
238.259028 238.259722 833.000 833.000 25.450 25.970 6.732 3.109 1.000 29.860 31.190 0.000
238.261111 238.261806 833.000 833.000 25.440 25.950 6.735 3.109 1.000 29.320 30.580 0.000
238.261806 238.262500 833.000 833.000 25.430 25.940 6.742 3.109 1.000 30.030 31.140 0.000
238.263889 238.264583 833.000 833.000 25.420 25.920 6.731 3.110 1.000 29.500 30.960 0.000
238.264583 238.265278 833.000 833.000 25.400 25.910 6.726 3.109 1.000 30.500 31.300 0.000
238.266667 238.267361 833.000 833.000 25.390 25.900 6.734 3.109 1.000 30.280 31.570 0.000
238.267361 238.268056 833.000 833.000 25.380 25.880 6.724 3.109 1.000 29.750 31.560 0.000
238.269444 238.270139 833.000 833.000 25.360 25.870 6.720 3.109 1.000 29.790 31.840 0.000
238.270139 238.270833 833.000 833.000 25.350 25.860 6.729 3.108 1.000 30.280 31.760 0.000
238.272222 238.272917 833.000 833.000 25.340 25.840 6.715 3.108 1.000 30.140 31.210 0.000
238.272917 238.273611 833.000 833.000 25.330 25.830 6.723 3.108 1.000 30.200 31.710 0.000
238.275000 238.275694 833.000 833.000 25.320 25.820 6.722 3.108 1.000 29.510 31.130 0.000
238.275694 238.276389 833.000 833.000 25.310 25.800 6.714 3.108 1.000 30.070 31.530 0.000
238.277778 238.278472 833.000 833.000 25.290 25.790 6.722 3.108 1.000 30.210 31.470 0.000
238.278472 238.279167 833.000 833.000 25.290 25.770 6.725 3.107 1.000 30.720 31.270 0.000
238.280556 238.281250 833.000 833.000 25.270 25.770 6.723 3.106 1.000 30.150 31.210 0.000
238.281944 238.282639 833.000 833.000 25.260 25.750 6.722 3.107 1.000 31.400 31.240 0.000
238.283333 238.284028 833.000 833.000 25.250 25.740 6.723 3.105 1.000 30.380 31.960 0.000
238.284722 238.285417 833.000 833.000 25.240 25.720 6.723 3.104 1.000 30.210 31.790 0.000
238.285417 238.286111 833.000 833.000 25.230 25.710 6.718 3.106 1.000 30.370 31.500 0.000
238.287500 238.288194 833.000 833.000 25.210 25.700 6.727 3.106 1.000 30.200 31.670 0.000
238.288194 238.288889 833.000 833.000 25.200 25.690 6.722 3.105 1.000 30.490 31.640 0.000
238.290278 238.290972 833.000 833.000 25.190 25.670 6.720 3.106 1.000 29.960 31.690 0.000
238.291667 238.292361 833.000 833.000 25.180 25.660 6.724 3.104 1.000 30.060 31.750 0.000
238.292361 238.293056 833.000 833.000 25.170 25.650 6.733 3.103 1.000 29.730 32.180 0.000
238.294444 238.295139 833.000 833.000 25.160 25.640 6.724 3.104 1.000 29.780 32.130 0.000
238.295139 238.295833 833.000 833.000 25.150 25.630 6.730 3.099 1.000 30.220 31.680 0.000
238.297222 238.297917 833.000 833.000 25.140 25.620 6.733 3.104 1.000 29.830 32.400 0.000
238.297917 238.298611 833.000 833.000 25.130 25.600 6.732 3.101 1.000 30.870 32.030 0.000
238.300000 238.300694 833.000 833.000 25.120 25.590 6.738 3.101 1.000 30.870 32.300 0.000
238.300694 238.301389 833.000 833.000 25.100 25.580 6.739 3.094 1.000 31.120 32.730 0.000
238.302778 238.303472 833.000 833.000 25.090 25.570 6.742 3.101 1.000 30.250 32.010 0.000
238.303472 238.304167 833.000 833.000 25.080 25.560 6.751 3.098 1.000 30.580 31.640 0.000
238.305556 238.306250 833.000 833.000 25.070 25.540 6.751 3.094 1.000 30.600 31.600 0.000
238.306250 238.306944 833.000 833.000 25.060 25.530 6.759 3.096 1.000 30.440 31.850 0.000
238.308333 238.309028 833.000 833.000 25.050 25.520 6.758 3.096 1.000 29.960 31.580 0.000
238.309028 238.309722 833.000 833.000 25.030 25.510 6.766 3.091 1.000 30.570 32.190 0.000
238.311111 238.311806 833.000 833.000 25.030 25.500 6.781 3.091 1.000 30.410 32.270 0.000
238.311806 238.312500 833.000 833.000 25.020 25.490 6.773 3.095 1.000 30.200 32.310 0.000
238.313889 238.314583 833.000 833.000 25.010 25.480 6.787 3.095 1.000 30.830 32.240 0.000
238.314583 238.315278 833.000 833.000 25.000 25.470 6.796 3.094 1.000 30.570 32.460 0.000
238.316667 238.317361 833.000 833.000 24.980 25.460 6.799 3.093 1.000 30.660 32.270 0.000
238.317361 238.318056 833.000 833.000 24.980 25.450 6.804 3.094 1.000 31.330 31.510 0.000
238.319444 238.320139 833.000 833.000 24.970 25.440 6.808 3.095 1.000 30.750 31.740 0.000
238.320139 238.320833 833.000 833.000 24.960 25.430 6.817 3.092 1.000 31.570 32.000 0.000
238.322222 238.322917 833.000 833.000 24.950 25.420 6.830 3.093 1.000 31.390 33.030 0.000
238.323611 238.324306 833.000 833.000 24.940 25.410 6.828 3.094 1.000 30.980 32.650 0.000
238.325000 238.325694 833.000 833.000 24.930 25.400 6.834 3.095 1.000 31.020 32.420 0.000
238.326389 238.327083 833.000 833.000 24.920 25.380 6.845 3.095 1.000 30.750 32.130 0.000
238.327083 238.327778 833.000 833.000 24.910 25.380 6.857 3.098 1.000 31.880 31.390 0.000
238.329167 238.329861 833.000 833.000 24.900 25.370 6.870 3.098 1.000 30.850 30.970 0.000
238.329861 238.330556 833.000 833.000 24.890 25.360 6.876 3.094 1.000 30.850 32.110 0.000
238.331944 238.332639 833.000 833.000 24.880 25.350 6.883 3.098 1.000 31.480 32.360 0.000
238.333333 238.334028 833.000 833.000 24.870 25.340 6.894 3.098 1.000 31.840 32.500 0.000
238.334028 238.334722 833.000 833.000 24.860 25.330 6.897 3.101 1.000 31.540 33.440 0.000
238.335417 238.336111 833.000 833.000 24.850 25.320 6.909 3.100 1.000 31.420 33.120 0.000
238.337500 238.338194 833.000 833.000 24.850 25.310 6.919 3.104 1.000 30.580 32.650 0.000
238.338889 238.339583 833.000 833.000 24.830 25.300 6.928 3.104 1.000 30.580 32.530 0.000
238.339583 238.340278 833.000 833.000 24.840 25.290 6.942 3.105 1.000 31.010 32.570 0.000
238.340972 238.341667 833.000 833.000 24.830 25.280 6.951 3.107 1.000 30.960 33.120 0.000
238.343056 238.343750 833.000 833.000 24.810 25.280 6.966 3.106 1.000 31.630 32.920 0.000
238.344444 238.345139 833.000 833.000 24.810 25.270 6.979 3.108 1.000 32.120 33.090 0.000
238.345139 238.345833 833.000 833.000 24.800 25.260 6.991 3.109 1.000 31.050 32.990 0.000
238.346528 238.347222 833.000 833.000 24.790 25.250 7.000 3.110 1.000 31.930 32.600 0.000
238.348611 238.349306 833.000 833.000 24.790 25.250 7.010 3.109 1.000 31.500 33.100 0.000
238.350000 238.350694 833.000 833.000 24.780 25.240 7.020 3.112 1.000 32.180 32.340 0.000
238.350694 238.351389 833.000 833.000 24.770 25.230 7.040 3.114 1.000 31.960 32.760 0.000
238.352083 238.352778 833.000 833.000 24.760 25.220 7.060 3.114 1.000 31.950 32.370 0.000
238.354167 238.354861 833.000 833.000 24.750 25.210 7.060 3.118 1.000 32.380 33.550 0.000
238.355556 238.356250 833.000 833.000 24.750 25.210 7.070 3.118 1.000 31.540 33.080 0.000
238.356250 238.356944 833.000 833.000 24.740 25.200 7.090 3.121 1.000 31.070 33.130 0.000
238.357639 238.358333 833.000 833.000 24.740 25.200 7.110 3.123 1.000 31.990 33.720 0.000
238.359722 238.360417 833.000 833.000 24.730 25.190 7.120 3.125 1.000 31.280 33.200 0.000
238.361111 238.361806 833.000 833.000 24.720 25.180 7.130 3.127 1.000 31.220 32.980 0.000
238.361806 238.362500 833.000 833.000 24.730 25.180 7.150 3.127 1.000 31.700 33.170 0.000
238.363194 238.363889 833.000 833.000 24.720 25.170 7.160 3.131 1.000 32.070 33.330 0.000
238.365278 238.365972 833.000 833.000 24.720 25.160 7.180 3.135 1.000 32.160 32.610 0.000
238.366667 238.367361 833.000 833.000 24.710 25.160 7.190 3.137 1.000 31.540 33.150 0.000
238.368056 238.368750 833.000 833.000 24.710 25.160 7.210 3.140 1.000 32.130 33.230 0.000
238.368750 238.369444 833.000 833.000 24.700 25.150 7.220 3.143 1.000 31.670 33.000 0.000
238.370139 238.370833 833.000 833.000 24.700 25.150 7.250 3.144 1.000 32.330 33.230 0.000
238.372222 238.372917 833.000 833.000 24.690 25.140 7.260 3.147 1.000 32.460 33.540 0.000
238.373611 238.374306 833.000 833.000 24.690 25.140 7.290 3.151 1.000 32.580 33.650 0.000
238.375000 238.375694 833.000 833.000 24.680 25.130 7.300 3.153 1.000 32.400 33.080 0.000
238.375694 238.376389 833.000 833.000 24.680 25.130 7.320 3.158 1.000 31.930 32.640 0.000
238.377083 238.377778 833.000 833.000 24.670 25.120 7.350 3.160 1.000 31.930 32.990 0.000
238.379167 238.379861 833.000 833.000 24.670 25.120 7.370 3.166 1.000 32.690 33.820 0.000
238.380556 238.381250 833.000 833.000 24.670 25.120 7.400 3.169 1.000 32.580 32.660 0.000
238.381250 238.381944 833.000 833.000 24.670 25.110 7.440 3.174 1.000 31.890 32.860 0.000
238.382639 238.383333 833.000 833.000 24.660 25.110 7.490 3.181 1.000 32.740 35.710 0.000
238.384722 238.385417 833.000 833.000 24.660 25.110 7.530 3.184 1.000 33.840 38.300 0.000
238.386111 238.386806 833.000 833.000 24.660 25.110 7.580 3.191 1.000 35.820 41.590 0.000
238.386806 238.387500 833.000 833.000 24.660 25.100 7.640 3.194 1.000 37.660 41.300 0.000
238.388194 238.388889 833.000 833.000 24.660 25.100 7.700 3.203 1.000 37.470 36.810 0.000
238.390278 238.390972 833.000 833.000 24.660 25.100 7.760 3.209 1.000 37.750 34.210 0.000
238.391667 238.392361 833.000 833.000 24.660 25.100 7.820 3.217 1.000 35.640 33.970 0.000
238.392361 238.393056 833.000 833.000 24.660 25.100 7.890 3.226 1.000 34.570 34.210 0.000
238.393750 238.394444 833.000 833.000 24.670 25.100 7.940 3.234 1.000 34.100 34.410 0.000
238.395833 238.396528 833.000 833.000 24.670 25.110 8.000 3.244 1.000 32.180 34.400 0.000
238.397222 238.397917 833.000 833.000 24.670 25.110 8.050 3.253 1.000 32.500 34.580 0.000
238.397917 238.398611 833.000 833.000 24.670 25.110 8.100 3.264 1.000 32.770 35.760 0.000
238.399306 238.400000 833.000 833.000 24.670 25.110 8.160 3.274 1.000 33.100 36.500 0.000
238.401389 238.402083 833.000 833.000 24.680 25.110 8.220 3.286 1.000 33.330 37.930 0.000
238.402778 238.403472 833.000 833.000 24.680 25.110 8.270 3.299 1.000 35.350 39.930 0.000
238.403472 238.404167 833.000 833.000 24.690 25.120 8.340 3.311 1.000 36.340 41.840 0.000
238.404861 238.405556 833.000 833.000 24.690 25.120 8.410 3.322 1.000 38.050 43.240 0.000
238.406944 238.407639 833.000 833.000 24.700 25.120 8.500 3.335 1.000 40.020 43.150 0.000
238.408333 238.409028 833.000 833.000 24.710 25.130 8.590 3.347 1.000 40.790 43.680 0.000
238.409722 238.410417 833.000 833.000 24.720 25.130 8.690 3.362 1.000 41.860 43.910 0.000
238.410417 238.411111 833.000 833.000 24.720 25.130 8.780 3.375 1.000 42.320 42.210 0.000
238.411806 238.412500 833.000 833.000 24.730 25.140 8.870 3.390 1.000 42.220 43.260 0.000
238.413889 238.414583 833.000 833.000 24.730 25.150 8.960 3.403 1.000 41.240 43.650 0.000
238.415278 238.415972 833.000 833.000 24.740 25.150 9.050 3.420 1.000 41.730 42.780 0.000
238.416667 238.417361 833.000 833.000 24.750 25.160 9.140 3.434 1.000 40.880 41.850 0.000
238.417361 238.418056 833.000 833.000 24.760 25.170 9.240 3.448 1.000 41.250 42.010 0.000
238.418750 238.419444 833.000 833.000 24.770 25.170 9.300 3.464 1.000 41.160 42.440 0.000
238.420833 238.421528 833.000 833.000 24.780 25.180 9.380 3.479 1.000 41.180 41.900 0.000
238.422222 238.422917 833.000 833.000 24.790 25.190 9.450 3.495 1.000 40.850 41.100 0.000
238.422917 238.423611 833.000 833.000 24.800 25.200 9.520 3.512 1.000 40.030 41.770 0.000
238.424306 238.425000 833.000 833.000 24.810 25.210 9.590 3.523 1.000 39.770 42.450 0.000
238.426389 238.427083 833.000 833.000 24.830 25.220 9.640 3.539 1.000 40.720 42.970 0.000
238.427778 238.428472 833.000 833.000 24.840 25.230 9.700 3.555 1.000 41.060 42.470 0.000
238.428472 238.429167 833.000 833.000 24.850 25.240 9.760 3.568 1.000 40.600 43.380 0.000
238.429861 238.430556 833.000 833.000 24.860 25.250 9.810 3.583 1.000 42.060 43.480 0.000
238.431944 238.432639 833.000 833.000 24.870 25.250 9.860 3.599 1.000 42.100 43.870 0.000
