HYGRO_dataset/YOS/US9042R.20020101000000.20181217000000.nephelometer.aerosol_light_scattering_coefficient.pm25.1y.2mn.Rad_Research_ref_Rad_Research_wet..lev0.nas
76 1001 
Day, Derek; Burgos, Maria A.  
US11L, Cooperative Institute for Research in the Atmosphere, , Colorado State University, ,,,Fort Collins, USA 
Burgos, Maria A. 
IMPROVE 
1 1 
2002 01 01 2018 12 17 
0.000 
Days from the file reference point (start_time) 
11 
1 1 1 1 1 1 1 1 1 1 1  
9999.999999 9999.999 9999.999 9999.999 9999.999 9999.999 9999.999 9.999 9999.999 9999.999 9.999 
end_time of measurement, days from the file reference point 
pressure, hPa, Location=reference nephelometer internal 
pressure, hPa, Location=humidified nephleometer internal 
temperature, K, Location=reference nephelometer internal 
temperature, K, Location=humidified nephleometer internal 
relative_humidity, %, Location=reference nephelometer internal 
relative_humidity, %, Location=humidified nephleometer internal 
number of wavelengths 
aerosol_light_scattering_coefficient, 1/Mm, Wavelength=530nm, Location=reference nephelometer 
aerosol_light_scattering_coefficient, 1/Mm, Wavelength=530nm, Location=humidified nephleometer, Matrix=pm25_humidified 
numflag, no unit 
0 
51
Data definition:              EBAS_1.1 
Set type code:                TI 
Station code:                 US9042R 
Platform code:                US9042S 
Timezone:                     UTC 
Startdate:                    20020714000000 
Revision date:                20181217000000 
Component:                    aerosol_light_scattering_coefficient 
Unit:                         1/Mm 
Matrix:                       pm25 
Period code:                  1y 
Resolution code:              2mn 
Sample duration:              1mn 
Laboratory code:              US11L 
Instrument type:              nephelometer 
Instrument manufacturer:      Radiance-Research 
Instrument model:             M903 
Instrument name:              Rad_Research_ref+Rad_Research_wet 
Method ref:                   US11L_hygro_tandem_neph_CorrData 
Orig. time res.:              1mn 
File name:                    US9042R.20020101000000.20181217000000.nephelometer.aerosol_light_scattering_coefficient.pm25.1y.2mn.Rad_Research_ref_Rad_Research_wet..lev0.nas 
File creation:                20181217000000 
Station GAW-Name:             Yosemite 
Station GAW-ID:               YOS 
Measurement latitude:         37.71 
Measurement longitude:        -119.7 
Station latitude:            37.71 
Station longitude:           -119.7 
Station altitude:            1615m 
Station land use:            Remote park 
Station setting:              Mountain 
Station WMO region:           4 
Originator:                   Day, Derek, Derek.Day@colostate.edu, Cooperative Institute for Research in the Atmosphere, , Colorado State University, ,,,Fort Collins, USA 
Originator:                   Burgos, Maria A., paul.zieger@aces.su.se, Department of Environmental Science and Analytical Chemistry, ACES,,Frescativägen 54,, SE10691, Stockholm, Sweden 
Submitter:                    Burgos, Maria A., paul.zieger@aces.su.se, Department of Environmental Science and Analytical Chemistry, ACES,,Frescativägen 54,, SE10691, Stockholm, Sweden 
Data level:                   0 
Version:                      1 
Version description:          raw values, RH sensor correction 
Inlet type:                   Cyclone 
Humidity/temperature control: Humidification 
Humidity/temperature control description: humidogram 
Volume std. temperature:      instrument internal 
Volume std. pressure:         instrument internal 
Detection limit:              0.5 1/Mm 
Detection limit expl.:        Determined by instrument counting statistics, no detection limit flag used 
Measurement uncertainty expl.: Uncertainty analysis described in Burgos et al., 2019 
Zero/negative values code:    zero/negative possible 
Zero/negative values:         zero and neg. values may appear due to statistical variations at very low concentrations  
Standard method:              cal-gas=CO2+AIR_truncation-correction=none 
Acknowledgement:              Request acknowledgement details from data originator 
start_time end_time p_ref_int p_wet_int T_ref_int T_wet_int RH_ref_int RH_wet_int nWav sc530_ref sc530_wet numflag 
[from data line 37814]
246.518750 246.519444 833.000 833.000 24.860 25.170 11.180 8.350 1.000 13.290 13.570 0.456
246.520833 246.521528 833.000 833.000 24.880 25.190 11.170 8.310 1.000 12.670 13.610 0.456
246.522222 246.522917 833.000 833.000 24.900 25.210 11.150 8.270 1.000 13.360 13.960 0.456
246.522917 246.523611 833.000 833.000 24.930 25.230 11.130 8.230 1.000 12.610 14.100 0.456
246.524306 246.525000 833.000 833.000 24.940 25.250 11.130 8.200 1.000 12.630 13.850 0.456
246.526389 246.527083 833.000 833.000 24.960 25.270 11.120 8.170 1.000 12.710 14.060 0.456
246.527778 246.528472 833.000 833.000 24.990 25.290 11.100 8.130 1.000 13.350 13.500 0.456
246.528472 246.529167 833.000 833.000 25.010 25.310 11.090 8.100 1.000 16.070 13.050 0.456
246.529861 246.530556 833.000 833.000 25.020 25.330 11.070 8.070 1.000 28.850 13.530 0.456
246.531944 246.532639 833.000 833.000 25.040 25.350 11.050 8.050 1.000 31.630 13.420 0.456
246.533333 246.534028 833.000 833.000 25.060 25.370 11.030 8.020 1.000 24.060 12.710 0.456
246.534722 246.535417 833.000 833.000 25.080 25.390 11.010 7.990 1.000 15.020 12.840 0.456
246.535417 246.536111 833.000 833.000 25.090 25.410 10.990 8.220 1.000 35.730 13.100 0.456
246.536806 246.537500 833.000 833.000 25.110 25.420 10.960 8.560 1.000 206.800 13.690 0.456
246.538889 246.539583 833.000 833.000 25.120 25.440 10.940 10.200 1.000 211.100 13.170 0.456
246.540278 246.540972 833.000 833.000 25.140 25.460 10.920 16.180 1.000 211.200 12.940 0.456
246.541667 246.542361 833.000 833.000 25.150 25.480 10.900 23.990 1.000 211.200 11.970 0.456
246.542361 246.543056 833.000 833.000 25.170 25.500 10.890 30.720 1.000 211.200 12.120 0.456
246.543750 246.544444 833.000 833.000 25.180 25.510 10.870 36.160 1.000 183.300 12.250 0.456
246.545833 246.546528 833.000 833.000 25.180 25.520 10.840 40.730 1.000 103.800 12.110 0.456
246.547222 246.547917 833.000 833.000 25.180 25.530 10.830 44.280 1.000 53.520 12.380 0.456
246.547917 246.548611 833.000 833.000 25.180 25.530 10.810 47.070 1.000 28.330 12.330 0.456
246.549306 246.550000 833.000 833.000 25.170 25.520 10.810 49.310 1.000 15.380 12.160 0.456
246.551389 246.552083 833.000 833.000 25.150 25.510 10.820 50.980 1.000 10.090 11.990 0.456
246.552778 246.553472 833.000 833.000 25.140 25.500 10.810 52.160 1.000 57.380 11.940 0.456
246.553472 246.554167 833.000 833.000 25.120 25.490 10.810 52.960 1.000 194.400 11.740 0.456
246.554861 246.555556 833.000 833.000 25.110 25.480 10.800 53.500 1.000 211.100 12.000 0.456
246.556944 246.557639 833.000 833.000 25.090 25.460 10.800 53.790 1.000 211.200 11.790 0.456
246.558333 246.559028 833.000 833.000 25.070 25.440 10.790 53.900 1.000 211.200 11.550 0.456
246.559028 246.559722 833.000 833.000 25.060 25.430 10.780 54.000 1.000 211.200 11.910 0.456
246.560417 246.561111 833.000 833.000 25.040 25.420 10.780 54.060 1.000 211.200 11.750 0.456
246.562500 246.563194 833.000 833.000 25.030 25.400 10.790 54.000 1.000 211.100 11.930 0.456
246.563889 246.564583 833.000 833.000 25.010 25.390 10.790 53.870 1.000 211.100 11.890 0.456
246.564583 246.565278 833.000 833.000 25.010 25.380 10.790 53.670 1.000 206.700 11.970 0.456
246.565972 246.566667 833.000 833.000 24.990 25.370 10.770 52.050 1.000 179.000 12.280 0.456
246.568056 246.568750 833.000 833.000 24.970 25.350 10.780 47.620 1.000 161.500 12.420 0.456
246.569444 246.570139 833.000 833.000 24.960 25.330 10.770 42.160 1.000 149.500 12.440 0.456
246.570139 246.570833 833.000 833.000 24.950 25.320 10.760 36.920 1.000 143.300 13.010 0.456
246.571528 246.572222 833.000 833.000 24.940 25.310 10.760 32.720 1.000 133.400 12.700 0.456
246.573611 246.574306 833.000 833.000 24.930 25.300 10.760 29.490 1.000 130.000 12.900 0.456
246.575000 246.575694 833.000 833.000 24.920 25.290 10.750 26.770 1.000 128.500 12.480 0.456
246.576389 246.577083 833.000 833.000 24.910 25.280 10.760 24.770 1.000 122.600 12.270 0.456
246.577083 246.577778 833.000 833.000 24.910 25.270 10.770 23.810 1.000 109.900 12.640 0.456
246.578472 246.579167 833.000 833.000 24.900 25.270 10.770 25.420 1.000 79.500 12.540 0.456
246.580556 246.581250 833.000 833.000 24.890 25.260 10.770 29.990 1.000 50.470 12.380 0.456
246.581944 246.582639 833.000 833.000 24.890 25.260 10.770 35.010 1.000 28.630 12.580 0.456
246.583333 246.584028 833.000 833.000 24.880 25.260 10.790 39.630 1.000 16.860 12.620 0.456
246.584028 246.584722 833.000 833.000 24.880 25.260 10.790 43.200 1.000 9.620 12.720 0.456
246.585417 246.586111 833.000 833.000 24.870 25.260 10.790 45.930 1.000 6.693 12.990 0.456
246.587500 246.588194 833.000 833.000 24.860 25.250 10.790 47.900 1.000 6.345 12.750 0.456
246.588889 246.589583 833.000 833.000 24.870 25.240 10.790 49.190 1.000 6.914 12.530 0.456
246.589583 246.590278 833.000 833.000 24.860 25.240 10.790 50.030 1.000 8.890 12.930 0.456
246.590972 246.591667 833.000 833.000 24.860 25.240 10.780 50.630 1.000 10.420 12.350 0.456
246.593056 246.593750 833.000 833.000 24.850 25.240 10.780 51.180 1.000 10.730 12.070 0.456
246.594444 246.595139 833.000 833.000 24.800 25.150 10.820 50.450 1.000 12.110 11.000 0.456
246.595139 246.595833 833.000 833.000 24.780 25.120 10.820 48.840 1.000 7.370 4.690 0.456
246.596528 246.597222 833.000 833.000 24.750 25.090 10.790 47.790 1.000 2.523 1.536 0.456
246.598611 246.599306 833.000 833.000 24.740 25.070 10.710 46.920 1.000 1.515 0.666 0.456
246.600000 246.600694 833.000 833.000 24.740 25.070 10.590 46.100 1.000 0.318 0.251 0.456
246.600694 246.601389 833.000 833.000 24.740 25.060 10.460 45.260 1.000 0.035 0.093 0.456
246.602083 246.602778 833.000 833.000 24.730 25.060 10.310 44.410 1.000 9999.999 0.300 0.456
246.604167 246.604861 833.000 833.000 24.740 25.060 10.150 43.550 1.000 9999.999 9999.999 0.456
246.605556 246.606250 833.000 833.000 24.740 25.050 9.990 42.690 1.000 0.027 0.159 0.456
246.606250 246.606944 833.000 833.000 24.740 25.050 9.820 41.830 1.000 9999.999 0.324 0.456
246.607639 246.608333 833.000 833.000 24.740 25.050 9.650 41.000 1.000 0.111 0.478 0.456
246.609722 246.610417 833.000 833.000 24.740 25.050 9.500 40.210 1.000 0.019 0.337 0.456
246.611111 246.611806 833.000 833.000 24.740 25.050 9.350 39.440 1.000 0.034 0.270 0.456
246.611806 246.612500 833.000 833.000 24.740 25.050 9.210 38.710 1.000 0.082 0.157 0.456
246.613194 246.613889 833.000 833.000 24.740 25.050 9.070 38.010 1.000 9999.999 0.268 0.456
246.615278 246.615972 833.000 833.000 24.750 25.050 8.940 37.350 1.000 9999.999 0.093 0.456
246.616667 246.617361 833.000 833.000 24.740 25.050 8.830 36.710 1.000 9999.999 0.171 0.456
246.618056 246.618750 833.000 833.000 24.750 25.050 8.710 36.110 1.000 0.199 9999.999 0.456
246.618750 246.619444 833.000 833.000 24.750 25.050 8.600 35.520 1.000 0.123 0.215 0.456
246.620139 246.620833 833.000 833.000 24.750 25.050 8.490 34.960 1.000 0.275 0.379 0.456
246.622222 246.622917 833.000 833.000 24.750 25.050 8.400 34.450 1.000 0.318 0.284 0.456
246.623611 246.624306 833.000 833.000 24.750 25.050 8.310 34.010 1.000 9999.999 9999.999 0.456
246.625000 246.625694 833.000 833.000 24.760 25.060 8.220 33.600 1.000 0.246 0.011 0.456
246.625694 246.626389 833.000 833.000 24.760 25.060 8.130 33.200 1.000 9999.999 9999.999 0.456
246.627083 246.627778 833.000 833.000 24.760 25.060 8.050 32.810 1.000 9999.999 9999.999 0.456
246.629167 246.629861 833.000 833.000 24.760 25.060 7.980 32.430 1.000 0.142 0.017 0.456
246.630556 246.631250 833.000 833.000 24.760 25.060 7.890 32.060 1.000 0.121 0.142 0.456
246.631250 246.631944 833.000 833.000 24.750 25.060 6.843 31.070 1.000 3.227 6.961 0.456
246.632639 246.633333 833.000 833.000 24.760 25.070 5.491 26.800 1.000 32.880 48.830 0.456
246.634722 246.635417 833.000 833.000 24.780 25.070 5.242 25.240 1.000 59.420 65.900 0.456
246.636111 246.636806 833.000 833.000 24.780 25.070 5.147 24.660 1.000 65.540 67.330 0.456
246.636806 246.637500 833.000 833.000 24.780 25.070 5.099 24.280 1.000 65.490 67.730 0.456
246.638194 246.638889 833.000 833.000 24.790 25.070 5.060 24.020 1.000 66.360 67.000 0.456
246.640278 246.640972 833.000 833.000 24.790 25.070 5.026 23.830 1.000 67.210 67.030 0.456
246.641667 246.642361 833.000 833.000 24.790 25.080 5.003 23.700 1.000 66.670 67.610 0.456
246.642361 246.643056 833.000 833.000 24.790 25.080 4.982 23.600 1.000 67.200 67.730 0.456
246.643750 246.644444 833.000 833.000 24.790 25.070 4.957 23.520 1.000 66.080 67.600 0.456
246.645833 246.646528 833.000 833.000 24.790 25.070 4.940 23.460 1.000 67.000 67.770 0.456
246.647222 246.647917 833.000 833.000 24.790 25.070 4.916 23.420 1.000 67.080 66.780 0.456
246.647917 246.648611 833.000 833.000 24.780 25.070 4.899 23.380 1.000 67.450 67.230 0.456
246.649306 246.650000 833.000 833.000 24.780 25.070 4.879 23.340 1.000 66.920 68.380 0.456
246.651389 246.652083 833.000 833.000 24.770 25.070 4.864 23.320 1.000 66.720 67.240 0.456
246.652778 246.653472 833.000 833.000 24.780 25.060 4.845 23.300 1.000 66.730 67.680 0.456
246.653472 246.654167 833.000 833.000 24.790 25.060 4.832 23.270 1.000 67.180 68.500 0.456
246.654861 246.655556 833.000 833.000 24.780 25.060 4.809 23.250 1.000 66.570 67.120 0.456
246.656944 246.657639 833.000 833.000 24.780 25.060 4.792 23.230 1.000 67.300 68.230 0.456
246.658333 246.659028 833.000 833.000 24.770 25.050 4.780 23.220 1.000 66.760 67.910 0.456
246.659722 246.660417 833.000 833.000 24.770 25.050 4.767 23.200 1.000 67.350 67.680 0.456
246.660417 246.661111 833.000 833.000 24.780 25.050 4.746 23.190 1.000 66.790 67.250 0.456
246.661806 246.662500 833.000 833.000 24.780 25.050 4.737 23.170 1.000 66.360 68.140 0.456
246.663889 246.664583 833.000 833.000 24.770 25.050 4.714 23.150 1.000 67.410 68.740 0.456
246.665278 246.665972 833.000 833.000 24.760 25.050 4.748 23.150 1.000 65.510 64.280 0.456
246.666667 246.667361 833.000 833.000 24.760 25.030 4.858 22.510 1.000 40.880 36.690 0.456
246.667361 246.668056 833.000 833.000 24.750 25.020 4.792 21.400 1.000 20.930 15.420 0.456
246.668750 246.669444 833.000 833.000 24.750 25.010 4.772 20.990 1.000 9.790 5.876 0.456
246.670139 246.670833 833.000 833.000 24.740 25.020 4.770 20.770 1.000 4.685 2.258 0.456
246.671528 246.672222 833.000 833.000 24.750 25.020 4.773 20.650 1.000 2.171 1.122 0.456
246.673611 246.674306 833.000 833.000 24.750 25.020 4.781 20.580 1.000 1.023 0.629 0.456
246.675000 246.675694 833.000 833.000 24.740 25.020 4.791 20.520 1.000 0.559 0.637 0.456
246.676389 246.677083 833.000 833.000 24.730 25.020 4.791 20.480 1.000 0.438 0.318 0.456
246.677778 246.678472 833.000 833.000 24.730 25.010 4.795 20.440 1.000 0.595 9999.999 0.456
246.678472 246.679167 833.000 833.000 24.720 25.010 4.797 20.390 1.000 9999.999 0.161 0.456
246.679861 246.680556 833.000 833.000 24.720 25.000 4.802 20.340 1.000 0.263 0.000 0.456
246.681250 246.681944 833.000 833.000 24.710 25.000 4.803 20.290 1.000 0.471 0.205 0.456
246.682639 246.683333 833.000 833.000 24.720 25.000 4.793 20.240 1.000 0.033 0.275 0.456
246.684722 246.685417 833.000 833.000 24.720 25.000 4.801 20.180 1.000 0.019 9999.999 0.456
246.686111 246.686806 833.000 833.000 24.730 25.000 4.799 20.120 1.000 9999.999 0.068 0.456
246.687500 246.688194 833.000 833.000 24.730 25.000 4.800 20.060 1.000 0.010 0.370 0.456
246.688889 246.689583 833.000 833.000 24.740 25.010 4.797 19.990 1.000 9999.999 0.154 0.456
246.689583 246.690278 833.000 833.000 24.740 25.010 4.799 19.930 1.000 9999.999 0.238 0.456
246.690972 246.691667 833.000 833.000 24.730 25.010 4.792 19.860 1.000 0.034 0.161 0.456
246.692361 246.693056 833.000 833.000 24.720 25.000 4.797 19.790 1.000 0.334 0.040 0.456
246.693750 246.694444 833.000 833.000 24.710 24.990 4.795 19.720 1.000 9999.999 9999.999 0.456
246.695833 246.696528 833.000 833.000 24.710 24.990 4.788 19.660 1.000 9999.999 0.381 0.456
246.697222 246.697917 833.000 833.000 24.700 24.990 4.790 19.590 1.000 0.094 0.008 0.456
246.698611 246.699306 833.000 833.000 24.700 24.980 4.790 19.520 1.000 9999.999 0.290 0.456
246.700000 246.700694 833.000 833.000 24.700 24.980 4.782 19.460 1.000 9999.999 0.130 0.456
246.701389 246.702083 833.000 833.000 24.710 24.980 4.783 19.400 1.000 0.096 9999.999 0.456
246.702083 246.702778 833.000 833.000 24.710 24.980 4.787 19.350 1.000 0.368 0.095 0.456
246.703472 246.704167 833.000 833.000 24.710 24.990 4.793 19.290 1.000 0.359 0.249 0.456
246.704861 246.705556 833.000 833.000 24.720 24.990 4.792 19.240 1.000 0.307 0.200 0.456
246.706250 246.706944 833.000 833.000 24.730 24.990 4.789 19.190 1.000 0.058 0.478 0.456
246.708333 246.709028 833.000 833.000 24.730 25.000 4.799 19.130 1.000 0.146 0.259 0.456
246.709028 246.709722 833.000 833.000 24.730 25.000 4.801 19.080 1.000 9999.999 0.292 0.456
246.710417 246.711111 833.000 833.000 24.740 25.010 4.807 19.040 1.000 9999.999 0.396 0.456
246.711806 246.712500 833.000 833.000 24.750 25.010 4.808 18.990 1.000 0.254 0.320 0.456
246.713194 246.713889 833.000 833.000 24.760 25.020 4.807 18.940 1.000 0.085 0.542 0.456
246.715278 246.715972 833.000 833.000 24.760 25.020 4.814 18.900 1.000 0.288 0.385 0.456
246.716667 246.717361 833.000 833.000 24.770 25.030 4.821 18.850 1.000 0.267 0.424 0.456
246.718056 246.718750 833.000 833.000 24.780 25.040 4.831 18.810 1.000 0.115 0.381 0.456
246.719444 246.720139 833.000 833.000 24.790 25.050 4.832 18.760 1.000 0.411 0.815 0.456
246.720139 246.720833 833.000 833.000 24.800 25.050 4.835 18.720 1.000 0.661 0.361 0.456
246.721528 246.722222 833.000 833.000 24.800 25.060 4.843 18.680 1.000 0.184 0.084 0.456
246.722917 246.723611 833.000 833.000 24.810 25.070 4.854 18.640 1.000 0.407 0.156 0.456
246.724306 246.725000 833.000 833.000 24.820 25.080 4.855 18.590 1.000 0.343 0.147 0.456
246.726389 246.727083 833.000 833.000 24.830 25.090 4.858 18.550 1.000 0.325 0.253 0.456
246.727778 246.728472 833.000 833.000 24.850 25.100 4.862 18.520 1.000 0.489 0.430 0.456
246.729167 246.729861 833.000 833.000 24.860 25.110 4.868 18.480 1.000 0.122 0.582 0.456
246.730556 246.731250 833.000 833.000 24.880 25.120 4.870 18.440 1.000 0.601 0.470 0.456
246.731250 246.731944 833.000 833.000 24.890 25.140 4.876 18.400 1.000 0.399 0.697 0.456
246.732639 246.733333 833.000 833.000 24.910 25.150 4.880 18.370 1.000 0.269 0.274 0.456
246.734028 246.734722 833.000 833.000 24.930 25.160 4.892 18.330 1.000 0.559 0.382 0.456
246.735417 246.736111 833.000 833.000 24.940 25.180 4.887 18.290 1.000 0.378 0.557 0.456
246.737500 246.738194 833.000 833.000 24.960 25.190 4.898 18.260 1.000 0.214 0.715 0.456
246.738889 246.739583 833.000 833.000 24.970 25.210 4.901 18.220 1.000 0.299 0.581 0.456
246.740278 246.740972 833.000 833.000 24.990 25.220 4.901 18.180 1.000 0.287 0.596 0.456
246.741667 246.742361 833.000 833.000 25.010 25.240 4.912 18.150 1.000 0.247 0.752 0.456
246.743056 246.743750 833.000 833.000 25.020 25.250 4.911 18.110 1.000 0.270 0.520 0.456
246.743750 246.744444 833.000 833.000 25.040 25.270 4.921 18.080 1.000 0.349 0.609 0.456
246.745139 246.745833 833.000 833.000 25.050 25.280 4.919 18.050 1.000 0.414 0.318 0.456
246.746528 246.747222 833.000 833.000 25.070 25.290 4.930 18.010 1.000 0.189 0.707 0.456
246.747917 246.748611 833.000 833.000 25.080 25.310 4.936 17.980 1.000 0.573 0.949 0.456
246.750000 246.750694 833.000 833.000 25.100 25.330 4.935 17.950 1.000 0.972 0.741 0.456
246.750694 246.751389 833.000 833.000 25.110 25.340 4.947 17.910 1.000 0.405 0.781 0.456
246.752083 246.752778 833.000 833.000 25.130 25.360 4.946 17.890 1.000 0.428 0.707 0.456
246.753472 246.754167 833.000 833.000 25.140 25.370 4.956 17.850 1.000 0.400 0.439 0.456
246.754861 246.755556 833.000 833.000 25.150 25.390 4.961 17.830 1.000 0.271 0.731 0.456
246.756944 246.757639 833.000 833.000 25.170 25.400 4.963 17.790 1.000 0.092 0.626 0.456
246.758333 246.759028 833.000 833.000 25.180 25.410 4.968 17.760 1.000 0.296 0.692 0.456
246.759722 246.760417 833.000 833.000 25.200 25.430 4.971 17.740 1.000 0.307 0.764 0.456
246.761111 246.761806 833.000 833.000 25.210 25.440 4.976 17.700 1.000 9999.999 0.474 0.456
