HYGRO_dataset/YOS/US9042R.20020101000000.20181217000000.nephelometer.aerosol_light_scattering_coefficient.pm25.1y.2mn.Rad_Research_ref_Rad_Research_wet..lev0.nas
76 1001 
Day, Derek; Burgos, Maria A.  
US11L, Cooperative Institute for Research in the Atmosphere, , Colorado State University, ,,,Fort Collins, USA 
Burgos, Maria A. 
IMPROVE 
1 1 
2002 01 01 2018 12 17 
0.000 
Days from the file reference point (start_time) 
11 
1 1 1 1 1 1 1 1 1 1 1  
9999.999999 9999.999 9999.999 9999.999 9999.999 9999.999 9999.999 9.999 9999.999 9999.999 9.999 
end_time of measurement, days from the file reference point 
pressure, hPa, Location=reference nephelometer internal 
pressure, hPa, Location=humidified nephleometer internal 
temperature, K, Location=reference nephelometer internal 
temperature, K, Location=humidified nephleometer internal 
relative_humidity, %, Location=reference nephelometer internal 
relative_humidity, %, Location=humidified nephleometer internal 
number of wavelengths 
aerosol_light_scattering_coefficient, 1/Mm, Wavelength=530nm, Location=reference nephelometer 
aerosol_light_scattering_coefficient, 1/Mm, Wavelength=530nm, Location=humidified nephleometer, Matrix=pm25_humidified 
numflag, no unit 
0 
51
Data definition:              EBAS_1.1 
Set type code:                TI 
Station code:                 US9042R 
Platform code:                US9042S 
Timezone:                     UTC 
Startdate:                    20020714000000 
Revision date:                20181217000000 
Component:                    aerosol_light_scattering_coefficient 
Unit:                         1/Mm 
Matrix:                       pm25 
Period code:                  1y 
Resolution code:              2mn 
Sample duration:              1mn 
Laboratory code:              US11L 
Instrument type:              nephelometer 
Instrument manufacturer:      Radiance-Research 
Instrument model:             M903 
Instrument name:              Rad_Research_ref+Rad_Research_wet 
Method ref:                   US11L_hygro_tandem_neph_CorrData 
Orig. time res.:              1mn 
File name:                    US9042R.20020101000000.20181217000000.nephelometer.aerosol_light_scattering_coefficient.pm25.1y.2mn.Rad_Research_ref_Rad_Research_wet..lev0.nas 
File creation:                20181217000000 
Station GAW-Name:             Yosemite 
Station GAW-ID:               YOS 
Measurement latitude:         37.71 
Measurement longitude:        -119.7 
Station latitude:            37.71 
Station longitude:           -119.7 
Station altitude:            1615m 
Station land use:            Remote park 
Station setting:              Mountain 
Station WMO region:           4 
Originator:                   Day, Derek, Derek.Day@colostate.edu, Cooperative Institute for Research in the Atmosphere, , Colorado State University, ,,,Fort Collins, USA 
Originator:                   Burgos, Maria A., paul.zieger@aces.su.se, Department of Environmental Science and Analytical Chemistry, ACES,,Frescativägen 54,, SE10691, Stockholm, Sweden 
Submitter:                    Burgos, Maria A., paul.zieger@aces.su.se, Department of Environmental Science and Analytical Chemistry, ACES,,Frescativägen 54,, SE10691, Stockholm, Sweden 
Data level:                   0 
Version:                      1 
Version description:          raw values, RH sensor correction 
Inlet type:                   Cyclone 
Humidity/temperature control: Humidification 
Humidity/temperature control description: humidogram 
Volume std. temperature:      instrument internal 
Volume std. pressure:         instrument internal 
Detection limit:              0.5 1/Mm 
Detection limit expl.:        Determined by instrument counting statistics, no detection limit flag used 
Measurement uncertainty expl.: Uncertainty analysis described in Burgos et al., 2019 
Zero/negative values code:    zero/negative possible 
Zero/negative values:         zero and neg. values may appear due to statistical variations at very low concentrations  
Standard method:              cal-gas=CO2+AIR_truncation-correction=none 
Acknowledgement:              Request acknowledgement details from data originator 
start_time end_time p_ref_int p_wet_int T_ref_int T_wet_int RH_ref_int RH_wet_int nWav sc530_ref sc530_wet numflag 
[from data line 14783]
214.531944 214.532639 833.000 833.000 25.030 25.560 11.580 46.630 1.000 47.270 46.510 0.000
214.533333 214.534028 833.000 833.000 24.980 25.540 11.590 47.170 1.000 47.680 46.510 0.000
214.534722 214.535417 833.000 833.000 24.940 25.520 11.610 47.680 1.000 47.690 46.680 0.000
214.535417 214.536111 833.000 833.000 24.910 25.500 11.620 48.100 1.000 49.510 47.190 0.000
214.536806 214.537500 833.000 833.000 24.880 25.480 11.620 48.460 1.000 49.200 47.180 0.000
214.538889 214.539583 833.000 833.000 24.830 25.450 11.630 48.820 1.000 49.080 46.610 0.000
214.540278 214.540972 833.000 833.000 24.780 25.410 11.650 49.350 1.000 49.280 46.790 0.000
214.541667 214.542361 833.000 833.000 24.730 25.360 11.660 50.010 1.000 49.490 47.960 0.000
214.542361 214.543056 833.000 833.000 24.640 25.280 11.690 50.660 1.000 49.740 47.100 0.000
214.543750 214.544444 833.000 833.000 24.580 25.190 11.720 51.180 1.000 49.860 46.700 0.000
214.545833 214.546528 833.000 833.000 24.540 25.130 11.730 51.640 1.000 48.340 45.710 0.000
214.547222 214.547917 833.000 833.000 24.470 25.060 11.730 52.130 1.000 48.040 46.420 0.000
214.547917 214.548611 833.000 833.000 24.410 24.990 11.740 52.750 1.000 48.820 45.400 0.000
214.549306 214.550000 833.000 833.000 24.380 24.940 11.750 53.400 1.000 48.050 45.030 0.000
214.551389 214.552083 833.000 833.000 24.360 24.900 11.740 53.940 1.000 47.410 44.730 0.000
214.552778 214.553472 833.000 833.000 24.310 24.860 11.730 54.440 1.000 47.760 47.460 0.000
214.553472 214.554167 833.000 833.000 24.260 24.810 11.730 54.840 1.000 48.550 47.050 0.000
214.554861 214.555556 833.000 833.000 24.230 24.780 11.730 55.200 1.000 48.850 46.940 0.000
214.556944 214.557639 833.000 833.000 24.190 24.740 11.730 55.720 1.000 49.190 47.900 0.000
214.558333 214.559028 833.000 833.000 24.140 24.700 11.760 56.350 1.000 49.330 46.990 0.000
214.559028 214.559722 833.000 833.000 24.120 24.660 11.780 56.900 1.000 48.720 43.710 0.000
214.560417 214.561111 833.000 833.000 24.090 24.630 11.780 57.360 1.000 46.200 41.760 0.000
214.562500 214.563194 833.000 833.000 24.040 24.590 11.760 57.800 1.000 44.800 40.210 0.000
214.563889 214.564583 833.000 833.000 24.010 24.550 11.700 58.150 1.000 43.910 42.640 0.000
214.564583 214.565278 833.000 833.000 23.990 24.530 11.630 58.620 1.000 45.500 45.510 0.000
214.565972 214.566667 833.000 833.000 23.950 24.500 11.590 59.230 1.000 47.250 47.070 0.000
214.568056 214.568750 833.000 833.000 23.910 24.460 11.570 59.790 1.000 49.030 45.610 0.000
214.569444 214.570139 833.000 833.000 23.900 24.440 11.560 60.220 1.000 48.720 46.090 0.000
214.570139 214.570833 833.000 833.000 23.900 24.430 11.540 60.590 1.000 48.440 47.760 0.000
214.571528 214.572222 833.000 833.000 23.870 24.400 11.550 60.940 1.000 50.080 48.710 0.000
214.573611 214.574306 833.000 833.000 23.840 24.380 11.570 61.280 1.000 51.490 49.120 0.000
214.575000 214.575694 833.000 833.000 23.830 24.370 11.560 61.840 1.000 52.050 49.670 0.000
214.576389 214.577083 833.000 833.000 23.800 24.350 11.590 62.460 1.000 51.520 50.340 0.000
214.577083 214.577778 833.000 833.000 23.760 24.310 11.620 63.030 1.000 53.490 50.570 0.000
214.578472 214.579167 833.000 833.000 23.740 24.290 11.640 63.480 1.000 54.140 51.360 0.000
214.580556 214.581250 833.000 833.000 23.710 24.270 11.670 63.850 1.000 53.950 51.510 0.000
214.581944 214.582639 833.000 833.000 23.660 24.230 11.710 64.220 1.000 53.640 50.730 0.000
214.583333 214.584028 833.000 833.000 23.640 24.200 11.740 64.730 1.000 54.020 50.610 0.000
214.584028 214.584722 833.000 833.000 23.640 24.180 11.770 65.310 1.000 53.610 51.550 0.000
214.585417 214.586111 833.000 833.000 23.620 24.170 11.790 65.820 1.000 53.960 50.910 0.000
214.587500 214.588194 833.000 833.000 23.600 24.140 11.800 66.280 1.000 53.570 50.610 0.000
214.588889 214.589583 833.000 833.000 23.600 24.120 11.780 66.650 1.000 54.590 51.130 0.000
214.589583 214.590278 833.000 833.000 23.600 24.110 11.770 66.940 1.000 55.210 50.640 0.000
214.590972 214.591667 833.000 833.000 23.570 24.090 11.780 67.200 1.000 54.030 50.320 0.000
214.593056 214.593750 833.000 833.000 23.560 24.080 11.790 67.400 1.000 52.980 51.560 0.000
214.594444 214.595139 833.000 833.000 23.560 24.070 11.800 67.580 1.000 54.620 53.300 0.000
214.595139 214.595833 833.000 833.000 23.550 24.070 11.810 67.760 1.000 56.180 53.210 0.000
214.596528 214.597222 833.000 833.000 23.540 24.060 11.830 67.930 1.000 55.520 51.960 0.000
214.598611 214.599306 833.000 833.000 23.540 24.050 11.820 68.070 1.000 55.220 51.170 0.000
214.600000 214.600694 833.000 833.000 23.550 24.050 11.820 68.250 1.000 54.830 52.810 0.000
214.600694 214.601389 833.000 833.000 23.560 24.060 11.820 68.610 1.000 55.450 53.630 0.000
214.602083 214.602778 833.000 833.000 23.580 24.070 11.800 68.980 1.000 56.930 54.570 0.000
214.604167 214.604861 833.000 833.000 23.590 24.080 11.760 69.280 1.000 57.820 54.460 0.000
214.605556 214.606250 833.000 833.000 23.600 24.080 11.730 69.520 1.000 57.400 53.170 0.000
214.606250 214.606944 833.000 833.000 23.620 24.090 11.700 69.700 1.000 55.920 52.510 0.000
214.607639 214.608333 833.000 833.000 23.620 24.100 11.690 69.830 1.000 56.330 54.000 0.000
214.609722 214.610417 833.000 833.000 23.630 24.110 11.680 70.100 1.000 56.720 55.960 0.000
214.611111 214.611806 833.000 833.000 23.640 24.120 11.650 70.600 1.000 59.720 59.990 0.000
214.611806 214.612500 833.000 833.000 23.650 24.130 11.630 71.000 1.000 60.900 59.120 0.000
214.613194 214.613889 833.000 833.000 23.660 24.140 11.590 71.300 1.000 60.680 56.770 0.000
214.615278 214.615972 833.000 833.000 23.630 24.130 11.580 71.600 1.000 60.030 53.870 0.000
214.616667 214.617361 833.000 833.000 23.610 24.110 11.600 72.000 1.000 58.110 53.030 0.000
214.618056 214.618750 833.000 833.000 23.610 24.100 11.610 72.200 1.000 56.830 52.500 0.000
214.618750 214.619444 833.000 833.000 23.610 24.090 11.610 72.600 1.000 57.210 53.680 0.000
214.620139 214.620833 833.000 833.000 23.600 24.080 11.630 73.200 1.000 58.970 57.440 0.000
214.622222 214.622917 833.000 833.000 23.580 24.060 11.640 73.700 1.000 61.280 57.540 0.000
214.623611 214.624306 833.000 833.000 23.570 24.050 11.640 74.000 1.000 61.780 55.640 0.000
214.625000 214.625694 833.000 833.000 23.560 24.040 11.650 74.300 1.000 60.490 52.790 0.000
214.625694 214.626389 833.000 833.000 23.540 24.030 11.670 74.600 1.000 58.350 51.510 0.000
214.627083 214.627778 833.000 833.000 23.530 24.020 11.690 74.900 1.000 57.470 52.840 0.000
214.629167 214.629861 833.000 833.000 23.540 24.010 11.700 75.400 1.000 57.320 52.060 0.000
214.630556 214.631250 833.000 833.000 23.510 24.000 11.730 75.900 1.000 56.990 52.910 0.000
214.631250 214.631944 833.000 833.000 23.500 23.990 11.740 76.300 1.000 57.740 55.340 0.000
214.632639 214.633333 833.000 833.000 23.500 23.980 11.750 76.700 1.000 58.500 53.730 0.000
214.634722 214.635417 833.000 833.000 23.490 23.970 11.750 77.000 1.000 58.340 52.510 0.000
214.636111 214.636806 833.000 833.000 23.470 23.950 11.760 77.200 1.000 58.140 54.120 0.000
214.636806 214.637500 833.000 833.000 23.470 23.940 11.740 77.600 1.000 59.520 59.320 0.000
214.638194 214.638889 833.000 833.000 23.470 23.940 11.710 78.100 1.000 63.780 63.750 0.000
214.640278 214.640972 833.000 833.000 23.450 23.920 11.660 78.600 1.000 66.840 62.600 0.000
214.641667 214.642361 833.000 833.000 23.440 23.910 11.590 79.000 1.000 65.790 59.950 0.000
214.642361 214.643056 833.000 833.000 23.440 23.900 11.530 79.300 1.000 63.640 56.870 0.000
214.643750 214.644444 833.000 833.000 23.430 23.900 11.500 79.600 1.000 62.440 51.740 0.000
214.645833 214.646528 833.000 833.000 23.410 23.890 11.520 79.900 1.000 58.630 48.680 0.000
214.647222 214.647917 833.000 833.000 23.410 23.880 11.540 80.400 1.000 56.180 48.800 0.000
214.647917 214.648611 833.000 833.000 23.410 23.880 11.570 80.900 1.000 56.460 49.870 0.000
214.649306 214.650000 833.000 833.000 23.400 23.870 11.610 81.300 1.000 55.630 50.750 0.000
214.651389 214.652083 833.000 833.000 23.390 23.860 11.640 81.700 1.000 55.320 49.260 0.000
214.652778 214.653472 833.000 833.000 23.390 23.860 11.660 82.100 1.000 56.250 48.640 0.000
214.653472 214.654167 833.000 833.000 23.380 23.850 11.680 82.300 1.000 56.810 48.690 0.000
214.654861 214.655556 833.000 833.000 23.360 23.840 11.720 82.600 1.000 56.130 47.790 0.000
214.656944 214.657639 833.000 833.000 23.360 23.830 11.750 82.800 1.000 56.420 47.830 0.000
214.658333 214.659028 833.000 833.000 23.360 23.820 11.760 83.000 1.000 56.140 48.150 0.000
214.659722 214.660417 833.000 833.000 23.330 23.820 11.790 83.400 1.000 56.950 47.880 0.000
214.660417 214.661111 833.000 833.000 23.320 23.810 11.820 84.400 1.000 57.640 48.370 0.000
214.661806 214.662500 833.000 833.000 23.320 23.810 11.830 85.300 1.000 58.580 49.080 0.000
214.663889 214.664583 833.000 833.000 23.320 23.810 11.830 86.000 1.000 59.130 49.940 0.000
214.665278 214.665972 833.000 833.000 23.310 23.800 11.840 86.600 1.000 59.920 48.700 0.000
214.666667 214.667361 833.000 833.000 23.310 23.790 11.830 87.200 1.000 61.350 48.660 0.000
214.667361 214.668056 833.000 833.000 23.320 23.790 11.830 87.600 1.000 62.120 49.310 0.000
214.668750 214.669444 833.000 833.000 23.300 23.780 11.830 87.900 1.000 62.110 48.370 0.000
214.670139 214.670833 833.000 833.000 23.280 23.780 11.830 88.300 1.000 61.250 47.570 0.000
214.671528 214.672222 833.000 833.000 23.290 23.770 11.820 88.700 1.000 62.200 48.250 0.000
214.673611 214.674306 833.000 833.000 23.290 23.770 11.830 88.900 1.000 61.680 47.260 0.000
214.675000 214.675694 833.000 833.000 23.260 23.750 11.840 89.000 1.000 61.970 47.410 0.000
214.676389 214.677083 833.000 833.000 23.240 23.730 11.860 89.300 1.000 62.440 48.000 0.000
214.677778 214.678472 833.000 833.000 23.240 23.720 11.870 89.700 1.000 63.500 48.270 0.000
214.678472 214.679167 833.000 833.000 23.230 23.710 11.870 89.900 1.000 62.360 48.880 0.000
214.679861 214.680556 833.000 833.000 23.210 23.690 11.880 90.000 1.000 64.240 50.370 0.000
214.681250 214.681944 833.000 833.000 23.190 23.680 11.890 90.200 1.000 65.450 50.630 0.000
214.682639 214.683333 833.000 833.000 23.190 23.670 11.890 90.500 1.000 66.370 50.360 0.000
214.684722 214.685417 833.000 833.000 23.170 23.650 11.910 90.600 1.000 66.760 50.740 0.000
214.686111 214.686806 833.000 833.000 23.160 23.640 11.920 90.700 1.000 67.150 49.060 0.000
214.687500 214.688194 833.000 833.000 23.160 23.630 11.930 91.000 1.000 65.860 49.400 0.000
214.688889 214.689583 833.000 833.000 23.150 23.620 11.920 91.100 1.000 66.120 48.940 0.000
214.689583 214.690278 833.000 833.000 23.130 23.610 11.920 91.200 1.000 65.690 49.160 0.000
214.690972 214.691667 833.000 833.000 23.130 23.600 11.910 91.300 1.000 65.780 49.630 0.000
214.692361 214.693056 833.000 833.000 23.130 23.590 11.910 91.500 1.000 67.470 50.730 0.000
214.693750 214.694444 833.000 833.000 23.110 23.580 11.910 91.600 1.000 68.080 51.100 0.000
214.695833 214.696528 833.000 833.000 23.110 23.580 11.910 91.800 1.000 68.480 52.690 0.000
214.697222 214.697917 833.000 833.000 23.120 23.590 11.910 92.000 1.000 71.000 52.570 0.000
214.698611 214.699306 833.000 833.000 23.120 23.600 11.890 92.100 1.000 71.300 52.920 0.000
214.700000 214.700694 833.000 833.000 23.130 23.610 11.880 92.300 1.000 73.200 53.130 0.000
214.701389 214.702083 833.000 833.000 23.140 23.620 11.880 92.400 1.000 73.500 54.840 0.000
214.702083 214.702778 833.000 833.000 23.150 23.640 11.860 92.500 1.000 73.600 53.920 0.000
214.703472 214.704167 833.000 833.000 23.150 23.650 11.850 92.400 1.000 71.200 54.390 0.000
214.704861 214.705556 833.000 833.000 23.160 23.550 11.820 86.800 1.000 67.900 53.890 0.000
214.706250 214.706944 833.000 833.000 23.170 23.590 11.800 74.100 1.000 63.040 55.010 0.000
214.708333 214.709028 833.000 833.000 23.180 23.610 11.780 65.330 1.000 60.170 54.580 0.000
214.709028 214.709722 833.000 833.000 23.190 23.630 11.750 57.400 1.000 58.550 53.760 0.000
214.710417 214.711111 833.000 833.000 23.200 23.640 11.730 50.370 1.000 57.250 54.210 0.000
214.711806 214.712500 833.000 833.000 23.200 23.650 11.700 44.350 1.000 56.350 53.950 0.000
214.713194 214.713889 833.000 833.000 23.220 23.660 11.660 39.380 1.000 56.240 53.840 0.000
214.715278 214.715972 833.000 833.000 23.230 23.670 11.640 35.360 1.000 55.810 54.440 0.000
214.716667 214.717361 833.000 833.000 23.230 23.690 11.610 32.370 1.000 55.180 55.170 0.000
214.718056 214.718750 833.000 833.000 23.240 23.700 11.580 29.990 1.000 54.990 55.120 0.000
214.719444 214.720139 833.000 833.000 23.250 23.710 11.550 27.950 1.000 54.760 53.940 0.000
214.720139 214.720833 833.000 833.000 23.260 23.720 11.510 26.150 1.000 54.470 54.150 0.000
214.721528 214.722222 833.000 833.000 23.270 23.730 11.470 24.550 1.000 53.130 54.620 0.000
214.722917 214.723611 833.000 833.000 23.280 23.740 11.430 23.120 1.000 54.150 56.260 0.000
214.724306 214.725000 833.000 833.000 23.290 23.750 11.410 21.800 1.000 55.040 56.580 0.000
214.726389 214.727083 833.000 833.000 23.300 23.760 11.380 20.590 1.000 55.670 56.630 0.000
214.727778 214.728472 833.000 833.000 23.320 23.780 11.350 19.480 1.000 54.920 57.120 0.000
214.729167 214.729861 833.000 833.000 23.330 23.790 11.330 18.420 1.000 55.600 58.470 0.000
214.730556 214.731250 833.000 833.000 23.340 23.800 11.310 17.430 1.000 56.250 58.210 0.000
214.731250 214.731944 833.000 833.000 23.360 23.820 11.290 16.510 1.000 56.530 60.180 0.000
214.732639 214.733333 833.000 833.000 23.370 23.830 11.270 15.640 1.000 56.710 60.490 0.000
214.734028 214.734722 833.000 833.000 23.390 23.850 11.260 14.820 1.000 57.830 60.820 0.000
214.735417 214.736111 833.000 833.000 23.410 23.870 11.240 14.060 1.000 58.230 60.000 0.000
214.737500 214.738194 833.000 833.000 23.420 23.880 11.230 13.360 1.000 59.340 62.300 0.000
214.738889 214.739583 833.000 833.000 23.440 23.900 11.210 12.710 1.000 59.550 62.350 0.000
214.740278 214.740972 833.000 833.000 23.450 23.920 11.180 12.100 1.000 60.520 61.520 0.000
214.741667 214.742361 833.000 833.000 23.470 23.940 11.160 11.540 1.000 61.410 62.360 0.000
214.743056 214.743750 833.000 833.000 23.490 23.960 11.140 11.030 1.000 61.570 62.250 0.000
214.743750 214.744444 833.000 833.000 23.510 23.980 11.110 10.560 1.000 61.870 62.940 0.000
214.745139 214.745833 833.000 833.000 23.530 24.000 11.090 10.130 1.000 62.430 61.390 0.000
214.746528 214.747222 833.000 833.000 23.550 24.020 11.060 9.730 1.000 62.740 62.070 0.000
214.747917 214.748611 833.000 833.000 23.570 24.040 11.030 9.370 1.000 61.740 62.040 0.000
214.750000 214.750694 833.000 833.000 23.590 24.070 11.000 9.040 1.000 62.180 62.200 0.000
214.750694 214.751389 833.000 833.000 23.610 24.090 10.970 8.730 1.000 62.200 61.570 0.000
214.752083 214.752778 833.000 833.000 23.640 24.110 10.940 8.450 1.000 62.570 61.090 0.000
214.753472 214.754167 833.000 833.000 23.660 24.130 10.900 8.180 1.000 62.280 62.640 0.000
214.754861 214.755556 833.000 833.000 23.680 24.160 10.880 7.950 1.000 62.680 61.900 0.000
214.756944 214.757639 833.000 833.000 23.700 24.180 10.840 7.720 1.000 62.290 62.100 0.000
214.758333 214.759028 833.000 833.000 23.730 24.210 10.820 7.520 1.000 63.220 62.220 0.000
214.759722 214.760417 833.000 833.000 23.750 24.240 10.780 7.330 1.000 62.830 61.510 0.000
214.761111 214.761806 833.000 833.000 23.770 24.260 10.740 7.160 1.000 62.520 61.600 0.000
214.761806 214.762500 833.000 833.000 23.800 24.290 10.690 6.990 1.000 62.540 62.480 0.000
214.763194 214.763889 833.000 833.000 23.830 24.310 10.660 6.845 1.000 62.800 62.360 0.000
214.764583 214.765278 833.000 833.000 23.850 24.340 10.620 6.702 1.000 63.150 61.670 0.000
214.765972 214.766667 833.000 833.000 23.880 24.370 10.600 6.570 1.000 61.570 62.860 0.000
214.768056 214.768750 833.000 833.000 23.900 24.390 10.560 6.442 1.000 61.410 61.240 0.000
214.769444 214.770139 833.000 833.000 23.930 24.430 10.530 6.326 1.000 61.710 61.480 0.000
214.770833 214.771528 833.000 833.000 23.960 24.450 10.490 6.214 1.000 61.420 61.300 0.000
