HYGRO_dataset/SGP/US6002C.19980101000000.20181219000000.nephelometer.aerosol_light_scattering_coefficient.pm1.1mo.1mn.TSI_3563_SGP_ref_TSI_3563_SGP_wet..lev0.nas
90 1001 
Andrews, Elisabeth; Jefferson, Anne; Burgos, Maria A.  
US06L, National Oceanic and Atmospheric Administration , NOAA/ESRL/GMD,  "Earth System Research Laboratory, Global Monitoring Division", 325 Broadway, , CO 80305-3, Boulder, U.S.A. 
Burgos, Maria A. 
NOAA-ESRL 
1 1 
1998 01 01 2018 12 19 
0.000000 
Days from the file reference point (start_time) 
21 
1 1 1 1 1 1 1 1 1 1 1 1 1 1 1 1 1 1 1 1 1  
9999.999999 9999.999 9999.999 9999.999 9999.999 9999.999 9999.999 9.999 9999.999 9999.999 9999.999 9999.999 9999.999 9999.999 9999.999 9999.999 9999.999 9999.999 9999.999 9999.999 9.999 
end_time of measurement, days from the file reference point 
pressure, hPa, Location=reference nephelometer internal 
pressure, hPa, Location=humidified nephleometer internal 
temperature, K, Location=reference nephelometer internal 
temperature, K, Location=humidified nephleometer internal 
relative_humidity, %, Location=reference nephelometer internal 
relative_humidity, %, Location=humidified nephleometer internal 
number of wavelengths 
aerosol_light_scattering_coefficient, 1/Mm, Wavelength=450nm, Location=reference nephelometer 
aerosol_light_scattering_coefficient, 1/Mm, Wavelength=450nm, Location=humidified nephleometer, Matrix=pm1_humidified 
aerosol_light_scattering_coefficient, 1/Mm, Wavelength=550nm, Location=reference nephelometer 
aerosol_light_scattering_coefficient, 1/Mm, Wavelength=550nm, Location=humidified nephleometer, Matrix=pm1_humidified 
aerosol_light_scattering_coefficient, 1/Mm, Wavelength=700nm, Location=reference nephelometer 
aerosol_light_scattering_coefficient, 1/Mm, Wavelength=700nm, Location=humidified nephleometer, Matrix=pm1_humidified 
aerosol_light_backscattering_coefficient, 1/Mm, Wavelength=450nm, Location=reference nephelometer 
aerosol_light_backscattering_coefficient, 1/Mm, Wavelength=450nm, Location=humidified nephleometer, Matrix=pm1_humidified 
aerosol_light_backscattering_coefficient, 1/Mm, Wavelength=550nm, Location=reference nephelometer 
aerosol_light_backscattering_coefficient, 1/Mm, Wavelength=550nm, Location=humidified nephleometer, Matrix=pm1_humidified 
aerosol_light_backscattering_coefficient, 1/Mm, Wavelength=700nm, Location=reference nephelometer 
aerosol_light_backscattering_coefficient, 1/Mm, Wavelength=700nm, Location=humidified nephleometer, Matrix=pm1_humidified 
numflag, no unit 
0 
55
Data definition:              EBAS_1.1 
Set type code:                TI 
Station code:                 US6002C 
Platform code:                US6002S 
Timezone:                     UTC 
Startdate:                    19981219000000 
Revision date:                20181219000000 
Component:                    aerosol_light_scattering_coefficient 
Unit:                         1/Mm 
Matrix:                       pm1 
Period code:                  1mo 
Resolution code:              1mn 
Sample duration:              1mn 
Laboratory code:              US06L 
Instrument type:              nephelometer 
Instrument manufacturer:      TSI 
Instrument model:             3563 
Instrument name:              TSI_3563_SGP_ref+TSI_3563_SGP_wet 
Method ref:                   US06L_hygro_tandem_neph_CorrData 
Orig. time res.:              1mn 
[...]
Submitter:                    Burgos, Maria A., paul.zieger@aces.su.se, Department of Environmental Science and Analytical Chemistry, ACES,,Frescativägen 54,, SE10691, Stockholm, Sweden 
Data level:                   0 
Version:                      1 
Version description:          raw values, RH sensor correction 
Height AGL:                   2.5m 
Inlet type:                   Hat or hood 
Inlet description:            Heated, stainless steel, see full description in Delene and Ogren, J. Atmos. Sci, 2002. 
Humidity/temperature control: Humidification 
Humidity/temperature control description: humidogram 
Volume std. temperature:      instrument internal 
Volume std. pressure:         instrument internal 
Detection limit:              0.5 1/Mm 
Detection limit expl.:        Determined by instrument counting statistics, no detection limit flag used 
Measurement uncertainty expl.: Uncertainty analysis described in Burgos et al., 2019 
Zero/negative values code:    zero/negative possible 
Zero/negative values:         zero and neg. values may appear due to statistical variations at very low concentrations  
Standard method:              cal-gas=CO2+AIR_truncation-correction=none 
Acknowledgement:              Request acknowledgement details from data originator 
start_time end_time p_ref_int p_wet_int T_ref_int T_wet_int RH_ref_int RH_wet_int nWav sc450_ref sc550_ref sc700_ref sc450_wet sc550_wet sc700_wet bsc450_ref bsc550_ref bsc700_ref bsc450_wet bsc550_wet bsc700_wet numflag 
[from data line 6171]
357.058333 357.059028 986.500 988.400 306.550 307.950 3.700 62.838 3.000 11.790 7.930 4.420 12.750 7.980 5.380 1.060 1.550 0.710 0.290 0.210 0.580 0.000
357.059028 357.059722 986.500 988.500 306.550 308.050 3.900 63.376 3.000 11.010 7.100 3.240 11.400 8.410 4.750 1.490 1.160 0.760 0.500 0.440 0.070 0.000
357.059722 357.060417 986.600 988.600 306.550 307.950 3.700 63.740 3.000 11.770 7.620 4.190 12.410 8.250 4.360 1.730 0.930 0.900 0.590 0.340 9999.999 0.000
357.060417 357.061111 986.600 988.700 306.550 307.950 3.800 63.920 3.000 12.110 7.300 3.990 12.500 7.920 4.850 2.310 1.160 1.260 0.530 0.340 0.100 0.000
357.061111 357.061806 986.600 988.700 306.550 307.950 3.800 64.641 3.000 11.350 7.470 4.030 12.280 8.570 4.170 1.870 1.500 0.720 0.630 0.300 9999.999 0.000
357.061806 357.062500 986.600 988.800 306.550 307.950 3.700 66.649 3.000 12.380 7.570 4.390 13.490 8.200 5.000 1.640 1.300 0.950 0.520 0.190 0.100 0.000
357.062500 357.063194 986.600 988.900 306.550 307.950 3.600 67.737 3.000 11.550 7.420 4.080 12.820 8.650 5.190 1.580 1.440 0.750 0.860 0.250 0.270 0.000
357.063194 357.063889 986.600 988.800 306.550 308.050 3.800 66.809 3.000 12.350 7.430 3.590 12.060 8.410 4.550 1.880 1.080 0.290 0.770 0.400 9999.999 0.000
357.063889 357.064583 986.600 988.800 306.550 308.050 3.800 67.080 3.000 11.790 7.280 3.880 13.320 8.780 5.310 1.760 1.300 0.900 0.220 0.350 0.460 0.000
357.064583 357.065278 986.600 988.700 306.550 308.050 3.800 69.192 3.000 12.470 7.830 4.200 13.770 9.030 5.520 1.040 1.310 1.040 0.980 0.360 9999.999 0.000
357.065278 357.065972 986.700 988.600 306.550 308.050 3.700 70.190 3.000 12.070 7.350 3.550 14.130 9.720 5.950 1.730 1.270 0.420 0.720 0.220 0.140 0.000
357.065972 357.066667 986.700 988.600 306.550 308.150 3.800 71.645 3.000 12.130 7.620 4.180 14.300 9.580 5.600 1.380 1.380 0.500 0.510 0.280 9999.999 0.000
357.066667 357.067361 986.700 988.500 306.550 308.150 3.700 72.099 3.000 11.780 7.690 3.960 14.440 9.680 6.220 2.000 1.390 0.950 0.750 0.490 0.430 0.000
357.067361 357.068056 986.700 988.400 306.550 308.150 3.700 72.699 3.000 12.020 7.840 3.990 14.140 10.030 5.760 2.310 1.290 0.450 0.610 0.680 9999.999 0.000
357.068056 357.068750 986.700 988.400 306.550 308.150 3.700 72.973 3.000 12.260 7.660 3.970 15.030 9.600 6.630 1.710 1.190 0.580 0.570 0.490 0.420 0.000
357.068750 357.069444 986.700 988.300 306.550 308.150 3.700 73.155 3.000 12.400 7.480 3.850 14.880 9.950 6.290 1.600 1.420 0.060 1.250 0.570 0.080 0.000
357.069444 357.070139 986.700 988.200 306.550 308.150 3.700 74.680 3.000 11.770 7.750 4.180 15.100 10.130 5.710 1.490 1.390 0.660 0.780 0.500 0.160 0.000
357.070139 357.070833 986.700 988.200 306.550 308.150 3.700 76.698 3.000 11.680 7.560 4.410 15.320 10.470 6.520 1.880 1.180 0.970 0.450 0.570 0.520 0.000
357.070833 357.071528 986.700 988.100 306.550 308.150 3.700 78.065 3.000 11.790 7.870 3.900 17.530 11.530 6.440 1.530 1.250 1.170 0.830 0.480 0.300 0.000
357.071528 357.072222 986.700 988.000 306.550 308.150 3.700 77.972 3.000 11.100 8.380 3.970 16.910 11.380 6.550 1.840 1.440 0.300 1.210 0.400 0.110 0.000
357.072222 357.072917 986.700 988.000 306.550 308.250 3.700 77.895 3.000 12.850 7.560 4.080 16.230 11.250 6.830 1.850 1.620 0.410 0.600 0.660 0.090 0.000
357.072917 357.073611 986.700 987.900 306.550 308.250 3.700 78.991 3.000 12.450 7.900 4.110 16.950 11.540 6.940 1.090 1.250 0.390 1.320 0.600 0.490 0.000
357.073611 357.074306 986.800 987.800 306.650 308.250 3.700 80.840 3.000 12.600 8.010 3.710 17.430 11.640 6.540 1.680 1.370 0.340 0.680 0.380 0.150 0.000
357.074306 357.075000 986.900 987.800 306.650 308.350 3.800 82.133 3.000 12.570 7.910 4.010 18.570 12.390 7.590 1.770 1.440 1.020 1.200 0.730 9999.999 0.000
357.075000 357.075694 986.900 987.700 306.650 308.350 3.800 82.608 3.000 12.760 8.120 4.660 18.840 12.960 8.430 1.720 1.410 0.990 0.750 0.900 0.280 0.000
357.075694 357.076389 987.000 987.600 306.650 308.350 3.800 82.793 3.000 12.330 7.920 3.930 19.650 13.100 8.440 1.490 1.130 0.070 1.400 0.950 0.720 0.000
357.076389 357.077083 987.000 987.600 306.650 308.350 3.600 82.051 3.000 12.320 8.160 4.360 18.500 12.850 7.810 2.010 1.230 0.740 1.320 0.840 0.370 0.000
357.077083 357.077778 987.000 987.500 306.650 308.350 3.700 83.178 3.000 12.540 8.190 4.590 18.570 12.890 7.630 1.670 1.330 1.020 0.870 0.690 0.430 0.000
357.077778 357.078472 987.000 987.400 306.650 308.350 3.700 84.485 3.000 12.480 7.580 4.440 19.810 13.670 8.350 1.590 1.270 0.840 1.020 0.750 0.600 0.000
357.078472 357.079167 987.000 987.400 306.650 308.350 3.700 87.789 3.000 12.680 7.360 4.440 20.620 14.350 8.460 2.020 1.190 1.250 1.140 0.840 0.060 0.000
357.079167 357.079861 987.100 987.300 306.650 308.350 3.700 89.806 3.000 11.920 7.600 4.240 21.140 14.840 8.630 1.440 1.190 0.460 0.540 0.640 0.260 0.000
357.079861 357.080556 987.100 987.200 306.650 308.450 3.600 89.764 3.000 12.510 7.120 3.970 22.580 15.320 9.910 2.200 1.500 0.780 0.500 0.810 9999.999 0.000
357.090278 357.090972 987.000 987.800 306.550 307.950 3.800 38.762 3.000 12.100 7.890 4.370 11.310 7.240 3.300 1.730 1.530 0.700 0.860 0.220 9999.999 0.000
357.090972 357.091667 987.000 987.900 306.550 307.950 3.900 43.505 3.000 11.950 7.740 4.490 11.310 7.060 4.160 1.640 1.300 1.200 0.640 0.370 0.210 0.000
357.091667 357.092361 987.100 987.900 306.550 307.950 3.900 45.521 3.000 12.020 7.860 4.520 11.890 7.190 3.830 1.630 1.250 0.550 0.830 0.250 9999.999 0.000
357.092361 357.093056 987.100 988.000 306.550 307.950 3.900 45.883 3.000 11.960 7.660 4.200 10.310 7.140 4.070 1.000 1.610 1.180 0.730 0.270 9999.999 0.000
357.093056 357.093750 987.100 988.100 306.550 307.950 3.800 46.159 3.000 13.210 7.840 4.030 11.330 7.320 4.360 2.140 1.260 0.880 0.750 0.430 0.250 0.000
357.093750 357.094444 987.100 988.200 306.550 307.950 3.900 45.979 3.000 11.840 7.890 4.690 11.180 7.360 4.590 2.320 1.310 1.000 0.570 0.190 0.030 0.000
357.094444 357.095139 987.100 988.300 306.550 307.850 3.800 48.320 3.000 11.650 7.530 4.480 11.480 7.570 3.920 1.780 1.090 0.930 0.340 0.320 9999.999 0.000
357.095139 357.095833 987.000 988.400 306.550 307.850 4.000 52.827 3.000 12.170 7.690 4.470 11.450 7.410 4.090 1.620 1.380 0.950 0.530 0.150 0.120 0.000
357.095833 357.096528 987.000 988.500 306.550 307.850 4.000 54.089 3.000 11.740 7.480 4.430 11.370 7.500 4.460 1.470 1.350 1.040 0.610 0.220 0.020 0.000
357.096528 357.097222 987.100 988.500 306.550 307.950 4.000 54.318 3.000 10.930 7.800 4.270 11.620 7.440 4.500 2.140 0.920 0.720 0.780 0.130 0.060 0.000
357.097222 357.097917 987.100 988.600 306.550 307.950 4.000 54.587 3.000 12.140 7.620 4.310 11.720 7.570 4.310 1.730 1.150 0.710 0.630 0.320 9999.999 0.000
357.097917 357.098611 987.100 988.700 306.550 307.950 4.100 54.677 3.000 12.410 7.690 4.240 11.990 7.660 4.860 1.890 1.120 1.130 0.800 0.270 0.460 0.000
357.098611 357.099306 987.200 988.800 306.550 307.950 4.000 56.559 3.000 12.080 7.740 4.600 12.050 7.980 4.600 1.680 1.190 0.770 0.650 0.370 9999.999 0.000
357.099306 357.100000 987.200 988.900 306.550 307.950 4.000 61.756 3.000 11.480 7.760 4.020 12.550 8.110 4.770 2.080 1.290 0.810 0.420 0.410 0.220 0.000
357.100000 357.100694 987.300 989.000 306.550 308.050 3.900 62.659 3.000 11.550 7.820 4.030 12.740 8.160 4.470 1.780 1.600 0.970 0.610 0.440 9999.999 0.000
357.100694 357.101389 987.200 989.100 306.550 307.950 3.800 63.289 3.000 10.530 7.310 3.920 12.680 8.640 5.140 2.490 1.590 0.660 0.470 0.100 0.290 0.000
357.101389 357.102083 987.200 989.200 306.550 307.950 3.800 63.559 3.000 11.260 7.220 4.100 12.550 8.230 4.790 1.680 1.160 0.700 0.560 0.310 9999.999 0.000
357.102083 357.102778 987.200 989.200 306.550 307.950 3.800 63.650 3.000 11.450 7.730 4.560 12.230 8.410 5.230 1.920 1.280 1.100 0.840 0.090 0.140 0.000
357.102778 357.103472 987.200 989.300 306.550 307.950 3.800 65.002 3.000 11.360 7.390 4.160 12.390 8.360 4.940 1.860 1.290 0.670 0.440 0.310 0.190 0.000
357.103472 357.104167 987.200 989.400 306.550 307.950 3.800 66.084 3.000 12.050 7.420 4.070 12.800 8.530 5.440 2.020 1.170 0.780 0.650 0.350 0.130 0.000
357.104167 357.104861 987.300 989.500 306.550 307.950 3.800 67.918 3.000 11.650 7.340 3.780 13.620 8.910 4.840 1.770 1.420 1.080 0.770 0.390 0.010 0.000
357.104861 357.105556 987.300 9999.999 306.550 307.950 3.900 68.009 3.000 11.640 7.550 3.630 12.690 9.020 4.730 1.410 1.510 1.250 0.780 0.260 9999.999 0.000
357.105556 357.106250 987.200 9999.999 306.550 308.050 3.900 67.350 3.000 11.880 7.440 4.550 13.060 8.590 5.290 1.540 1.220 0.560 0.400 0.390 9999.999 0.000
357.106250 357.106944 987.200 9999.999 306.550 308.050 3.900 68.432 3.000 10.840 7.310 3.860 12.690 8.510 4.960 2.030 1.170 0.610 0.720 0.320 0.120 0.000
357.106944 357.107639 987.200 9999.999 306.550 308.050 3.900 70.008 3.000 10.540 7.120 3.980 13.170 8.600 5.410 1.780 1.200 0.550 0.770 0.070 0.110 0.000
357.107639 357.108333 987.300 9999.999 306.550 308.050 3.800 72.147 3.000 11.420 7.540 3.810 13.270 9.510 5.770 1.610 1.250 0.750 0.500 0.390 9999.999 0.000
357.108333 357.109028 987.300 9999.999 306.550 308.150 3.800 72.189 3.000 11.600 7.050 3.810 14.010 9.620 5.870 1.630 1.120 0.100 0.640 0.280 0.180 0.000
357.109028 357.109722 987.300 9999.999 306.550 308.150 3.700 72.824 3.000 10.550 7.360 4.360 14.030 9.890 6.130 1.900 1.290 0.530 0.610 0.270 0.360 0.000
357.109722 357.110417 987.300 9999.999 306.550 308.150 3.800 73.155 3.000 11.050 6.770 4.200 13.860 9.850 6.020 1.800 1.060 0.710 1.040 0.250 9999.999 0.000
357.110417 357.111111 987.200 9999.999 306.550 308.150 3.800 73.702 3.000 11.310 7.260 4.710 14.140 9.550 6.030 1.820 1.340 1.320 0.990 0.660 0.080 0.000
357.111111 357.111806 987.300 9999.999 306.550 308.150 3.800 73.064 3.000 12.130 7.190 4.210 13.710 9.430 5.810 1.700 1.470 0.590 0.550 0.330 9999.999 0.000
357.111806 357.112500 987.300 9999.999 306.550 308.150 4.000 76.056 3.000 11.360 7.490 3.890 14.700 10.170 6.360 2.020 1.570 1.110 0.990 0.350 0.210 0.000
357.112500 357.113194 987.400 9999.999 306.550 308.150 4.000 77.340 3.000 11.130 7.340 4.150 14.720 9.950 6.200 1.590 0.970 1.010 0.270 0.390 0.040 0.000
357.113194 357.113889 987.400 9999.999 306.550 308.150 4.000 78.074 3.000 11.660 6.840 4.240 15.070 10.600 5.420 1.880 0.830 1.010 0.450 0.520 0.220 0.000
357.113889 357.114583 987.500 9999.999 306.550 308.150 3.800 78.065 3.000 10.610 7.420 4.230 14.840 10.830 6.650 1.350 1.130 0.240 0.840 0.640 0.290 0.000
357.114583 357.115278 987.500 9999.999 306.550 308.250 3.800 78.445 3.000 11.460 7.370 3.450 15.990 10.810 6.430 1.430 1.210 0.950 0.800 0.590 0.360 0.000
357.115278 357.115972 987.500 9999.999 306.550 308.250 3.900 80.560 3.000 11.620 7.520 3.770 16.160 10.900 6.570 1.520 1.280 1.110 1.080 0.300 0.170 0.000
357.115972 357.116667 987.500 9999.999 306.550 308.250 3.800 82.511 3.000 10.890 7.030 3.430 16.610 11.240 6.610 1.960 1.250 0.560 1.090 0.470 0.120 0.000
357.116667 357.117361 987.600 9999.999 306.550 308.350 3.800 83.241 3.000 10.590 6.470 4.130 16.990 11.370 7.340 2.130 1.450 0.610 0.750 0.430 0.230 0.000
357.117361 357.118056 987.600 9999.999 306.550 308.350 3.800 82.964 3.000 10.590 6.280 4.740 16.840 11.530 7.010 2.180 1.260 1.230 1.100 0.660 0.370 0.000
357.118056 357.118750 987.700 9999.999 306.650 308.350 3.800 81.865 3.000 11.650 7.070 3.420 16.730 11.210 7.420 1.860 1.170 0.410 0.700 0.680 0.510 0.000
357.118750 357.119444 987.700 9999.999 306.650 308.250 3.800 82.427 3.000 10.840 7.410 4.280 16.340 11.370 6.940 1.710 1.100 0.820 1.080 0.250 0.300 0.000
357.119444 357.120139 987.700 9999.999 306.650 308.250 3.800 84.108 3.000 11.090 6.810 3.800 16.970 11.900 7.120 1.710 0.950 0.140 0.380 0.740 0.190 0.000
357.120139 357.120833 987.700 9999.999 306.650 308.350 3.700 88.126 3.000 11.380 7.280 4.590 18.650 13.100 8.120 1.510 1.200 0.580 0.550 0.500 0.560 0.000
357.120833 357.121528 987.800 9999.999 306.650 308.350 3.700 89.761 3.000 10.910 6.920 3.770 19.400 13.530 8.500 1.150 1.280 0.560 0.860 0.420 0.810 0.000
357.121528 357.122222 987.800 9999.999 306.650 308.350 3.800 90.606 3.000 11.010 7.020 3.970 19.560 13.960 9.000 2.550 1.630 0.560 1.070 0.880 0.530 0.000
357.122222 357.122917 987.900 9999.999 306.550 308.450 3.900 89.670 3.000 10.700 6.960 4.060 19.610 13.670 8.580 1.440 1.320 0.760 0.830 0.640 0.380 0.000
357.122917 357.123611 988.000 9999.999 306.650 308.450 3.900 89.809 3.000 10.600 7.350 3.900 19.960 13.970 8.980 1.380 1.160 0.580 0.720 0.880 0.460 0.000
357.123611 357.124306 988.000 9999.999 306.650 308.250 4.000 79.683 3.000 10.420 6.530 4.440 19.500 14.700 12.280 1.850 1.050 0.510 1.600 0.560 1.080 0.000
357.127778 357.128472 984.200 9999.999 306.350 307.650 3.700 35.910 3.000 10.680 6.950 3.990 9.440 6.200 3.930 1.910 1.140 1.440 0.660 0.020 0.240 0.000
357.128472 357.129167 984.100 9999.999 306.250 307.750 3.700 35.593 3.000 11.050 7.240 3.900 10.200 6.140 3.680 1.920 1.110 0.300 0.240 9999.999 9999.999 0.000
357.129167 357.129861 984.400 9999.999 306.250 307.850 3.900 35.859 3.000 10.920 6.870 4.190 9.940 6.320 3.610 1.610 1.140 1.020 0.070 0.060 9999.999 0.000
357.129861 357.130556 987.400 9999.999 306.350 307.850 4.000 37.396 3.000 11.180 7.260 4.500 9.930 5.960 3.580 1.440 1.210 0.450 0.160 9999.999 9999.999 0.000
357.130556 357.131250 987.400 9999.999 306.450 307.850 3.900 36.720 3.000 10.440 7.040 4.160 9.830 5.890 3.570 1.360 1.220 0.620 0.350 0.140 9999.999 0.000
357.131250 357.131944 987.500 9999.999 306.450 307.850 3.900 36.233 3.000 11.030 7.100 4.080 9.960 6.650 4.220 1.440 1.450 0.580 0.430 0.120 9999.999 0.000
357.131944 357.132639 987.500 9999.999 306.450 307.850 4.000 38.942 3.000 11.060 7.110 3.500 10.050 6.570 3.690 1.440 1.090 0.400 0.350 9999.999 9999.999 0.000
357.132639 357.133333 987.600 9999.999 306.550 307.850 3.900 43.593 3.000 10.570 7.130 3.810 10.710 6.480 3.760 1.710 1.350 0.850 0.450 9999.999 0.030 0.000
357.133333 357.134028 987.600 9999.999 306.450 307.850 4.000 45.964 3.000 12.150 7.280 3.740 10.310 6.620 3.900 1.260 1.500 0.330 0.260 0.150 9999.999 0.000
357.134028 357.134722 987.500 9999.999 306.550 307.850 3.900 46.243 3.000 10.330 7.040 4.110 9.910 6.360 4.020 2.940 1.170 0.890 0.430 0.310 9999.999 0.000
357.134722 357.135417 987.500 9999.999 306.550 307.850 3.900 46.062 3.000 11.790 7.180 3.860 10.320 6.520 3.580 1.810 1.250 0.780 0.290 0.020 9999.999 0.000
357.135417 357.136111 987.400 9999.999 306.450 307.850 4.000 45.796 3.000 10.890 7.170 3.960 10.750 7.060 3.970 1.380 1.350 0.760 0.470 9999.999 0.080 0.000
357.136111 357.136806 987.400 9999.999 306.450 307.850 4.000 48.320 3.000 11.940 7.150 3.660 10.580 6.770 4.210 1.730 1.170 0.760 0.360 0.070 9999.999 0.000
357.136806 357.137500 987.400 9999.999 306.450 307.850 3.900 53.188 3.000 11.480 7.130 3.780 11.000 6.830 4.790 1.450 1.060 0.540 0.410 0.070 9999.999 0.000
357.137500 357.138194 987.500 9999.999 306.450 307.850 3.900 54.901 3.000 11.100 7.130 4.190 10.960 7.090 4.280 1.630 1.080 0.910 0.420 0.240 0.050 0.000
357.138194 357.138889 987.500 9999.999 306.450 307.850 3.900 54.720 3.000 10.780 6.500 4.450 10.770 7.230 4.750 1.720 1.110 1.110 0.030 0.110 9999.999 0.000
357.138889 357.139583 987.500 9999.999 306.450 307.850 4.000 55.622 3.000 11.090 7.000 3.920 11.140 7.420 4.180 2.000 1.100 0.920 0.350 0.250 9999.999 0.000
357.139583 357.140278 987.500 9999.999 306.450 307.850 4.000 55.261 3.000 10.590 7.010 4.210 11.500 6.930 4.000 1.750 1.190 0.820 0.370 9999.999 9999.999 0.000
357.140278 357.140972 987.600 9999.999 306.450 307.850 3.900 57.335 3.000 11.240 6.990 3.440 11.250 7.110 4.630 2.000 1.000 0.680 0.350 0.130 9999.999 0.000
357.140972 357.141667 987.600 9999.999 306.450 307.950 4.100 61.131 3.000 11.130 6.870 4.160 11.420 7.310 4.370 1.700 0.850 0.500 0.400 0.100 9999.999 0.000
357.141667 357.142361 987.500 9999.999 306.450 307.950 4.000 61.399 3.000 11.050 7.040 4.250 11.620 7.830 4.300 1.690 1.270 1.360 0.570 9999.999 9999.999 0.000
