HYGRO_dataset/SGP/US6002C.19980101000000.20181219000000.nephelometer.aerosol_light_scattering_coefficient.pm1.1mo.1mn.TSI_3563_SGP_ref_TSI_3563_SGP_wet..lev0.nas
90 1001 
Andrews, Elisabeth; Jefferson, Anne; Burgos, Maria A.  
US06L, National Oceanic and Atmospheric Administration , NOAA/ESRL/GMD,  "Earth System Research Laboratory, Global Monitoring Division", 325 Broadway, , CO 80305-3, Boulder, U.S.A. 
Burgos, Maria A. 
NOAA-ESRL 
1 1 
1998 01 01 2018 12 19 
0.000000 
Days from the file reference point (start_time) 
21 
1 1 1 1 1 1 1 1 1 1 1 1 1 1 1 1 1 1 1 1 1  
9999.999999 9999.999 9999.999 9999.999 9999.999 9999.999 9999.999 9.999 9999.999 9999.999 9999.999 9999.999 9999.999 9999.999 9999.999 9999.999 9999.999 9999.999 9999.999 9999.999 9.999 
end_time of measurement, days from the file reference point 
pressure, hPa, Location=reference nephelometer internal 
pressure, hPa, Location=humidified nephleometer internal 
temperature, K, Location=reference nephelometer internal 
temperature, K, Location=humidified nephleometer internal 
relative_humidity, %, Location=reference nephelometer internal 
relative_humidity, %, Location=humidified nephleometer internal 
number of wavelengths 
aerosol_light_scattering_coefficient, 1/Mm, Wavelength=450nm, Location=reference nephelometer 
aerosol_light_scattering_coefficient, 1/Mm, Wavelength=450nm, Location=humidified nephleometer, Matrix=pm1_humidified 
aerosol_light_scattering_coefficient, 1/Mm, Wavelength=550nm, Location=reference nephelometer 
aerosol_light_scattering_coefficient, 1/Mm, Wavelength=550nm, Location=humidified nephleometer, Matrix=pm1_humidified 
aerosol_light_scattering_coefficient, 1/Mm, Wavelength=700nm, Location=reference nephelometer 
aerosol_light_scattering_coefficient, 1/Mm, Wavelength=700nm, Location=humidified nephleometer, Matrix=pm1_humidified 
aerosol_light_backscattering_coefficient, 1/Mm, Wavelength=450nm, Location=reference nephelometer 
aerosol_light_backscattering_coefficient, 1/Mm, Wavelength=450nm, Location=humidified nephleometer, Matrix=pm1_humidified 
aerosol_light_backscattering_coefficient, 1/Mm, Wavelength=550nm, Location=reference nephelometer 
aerosol_light_backscattering_coefficient, 1/Mm, Wavelength=550nm, Location=humidified nephleometer, Matrix=pm1_humidified 
aerosol_light_backscattering_coefficient, 1/Mm, Wavelength=700nm, Location=reference nephelometer 
aerosol_light_backscattering_coefficient, 1/Mm, Wavelength=700nm, Location=humidified nephleometer, Matrix=pm1_humidified 
numflag, no unit 
0 
55
Data definition:              EBAS_1.1 
Set type code:                TI 
Station code:                 US6002C 
Platform code:                US6002S 
Timezone:                     UTC 
Startdate:                    19981219000000 
Revision date:                20181219000000 
Component:                    aerosol_light_scattering_coefficient 
Unit:                         1/Mm 
Matrix:                       pm1 
Period code:                  1mo 
Resolution code:              1mn 
Sample duration:              1mn 
Laboratory code:              US06L 
Instrument type:              nephelometer 
Instrument manufacturer:      TSI 
Instrument model:             3563 
Instrument name:              TSI_3563_SGP_ref+TSI_3563_SGP_wet 
Method ref:                   US06L_hygro_tandem_neph_CorrData 
Orig. time res.:              1mn 
[...]
Submitter:                    Burgos, Maria A., paul.zieger@aces.su.se, Department of Environmental Science and Analytical Chemistry, ACES,,Frescativägen 54,, SE10691, Stockholm, Sweden 
Data level:                   0 
Version:                      1 
Version description:          raw values, RH sensor correction 
Height AGL:                   2.5m 
Inlet type:                   Hat or hood 
Inlet description:            Heated, stainless steel, see full description in Delene and Ogren, J. Atmos. Sci, 2002. 
Humidity/temperature control: Humidification 
Humidity/temperature control description: humidogram 
Volume std. temperature:      instrument internal 
Volume std. pressure:         instrument internal 
Detection limit:              0.5 1/Mm 
Detection limit expl.:        Determined by instrument counting statistics, no detection limit flag used 
Measurement uncertainty expl.: Uncertainty analysis described in Burgos et al., 2019 
Zero/negative values code:    zero/negative possible 
Zero/negative values:         zero and neg. values may appear due to statistical variations at very low concentrations  
Standard method:              cal-gas=CO2+AIR_truncation-correction=none 
Acknowledgement:              Request acknowledgement details from data originator 
start_time end_time p_ref_int p_wet_int T_ref_int T_wet_int RH_ref_int RH_wet_int nWav sc450_ref sc550_ref sc700_ref sc450_wet sc550_wet sc700_wet bsc450_ref bsc550_ref bsc700_ref bsc450_wet bsc550_wet bsc700_wet numflag 
[from data line 5759]
356.740972 356.741667 986.500 988.800 306.850 308.450 3.800 82.333 3.000 17.590 11.110 5.810 25.810 17.960 10.510 2.900 2.120 1.010 2.010 1.490 1.030 0.000
356.741667 356.742361 986.600 988.800 306.850 308.450 3.900 82.240 3.000 17.050 10.960 6.030 26.250 18.210 10.660 2.700 2.030 1.440 2.150 1.450 0.780 0.000
356.742361 356.743056 986.600 988.800 306.950 308.550 3.900 83.637 3.000 16.800 11.400 5.000 27.090 19.120 11.950 3.030 2.260 0.230 1.660 1.450 1.900 0.000
356.743056 356.743750 986.600 988.800 306.950 308.550 4.000 84.194 3.000 16.510 11.300 5.870 27.210 19.050 11.870 2.780 1.940 1.440 1.990 1.420 1.320 0.000
356.743750 356.744444 986.600 988.800 306.950 308.650 4.000 83.826 3.000 17.120 10.990 6.220 27.620 18.810 11.560 3.090 1.920 0.870 1.930 1.620 1.280 0.000
356.744444 356.745139 986.700 988.800 306.950 308.650 4.000 85.033 3.000 16.980 11.210 6.310 28.800 19.300 12.010 3.420 1.750 1.390 2.180 1.830 1.400 0.000
356.745139 356.745833 986.700 988.800 306.950 308.650 3.900 86.830 3.000 17.210 11.430 5.720 29.200 20.130 12.000 2.750 1.880 0.830 2.040 1.550 1.140 0.000
356.745833 356.746528 986.700 988.800 306.950 308.650 3.900 88.175 3.000 16.700 11.370 6.080 30.020 21.410 12.940 2.760 2.220 0.850 2.290 1.530 1.030 0.000
356.746528 356.747222 986.700 988.800 306.950 308.650 3.800 87.612 3.000 16.650 10.980 5.350 29.560 21.520 13.050 2.900 1.950 1.410 2.840 1.680 1.580 0.000
356.747222 356.747917 986.700 988.700 306.950 308.650 3.800 89.533 3.000 16.860 11.370 5.960 30.910 21.960 13.200 2.190 1.820 1.110 2.500 1.860 1.340 0.000
356.747917 356.748611 986.700 988.700 306.950 308.750 3.800 88.930 3.000 16.390 11.320 6.030 31.230 22.150 12.840 2.410 2.010 1.670 2.320 1.860 1.280 0.000
356.748611 356.749306 986.700 988.700 306.950 308.750 3.500 78.804 3.000 18.030 11.460 6.130 23.230 16.520 10.100 3.730 2.170 1.130 2.190 1.250 1.240 0.000
356.749306 356.750000 986.600 988.700 306.950 308.450 3.900 49.953 3.000 16.830 10.580 6.650 18.620 12.480 7.630 2.810 2.160 1.470 1.310 0.900 0.660 0.000
356.750000 356.750694 986.400 988.700 306.950 308.250 3.800 39.377 3.000 18.000 11.170 6.080 15.720 10.510 6.180 2.860 1.990 1.100 1.590 0.900 0.920 0.000
356.750694 356.751389 986.200 988.700 306.950 308.250 4.000 37.086 3.000 17.130 11.160 7.090 14.670 9.570 6.350 2.340 2.070 1.360 1.390 0.860 0.840 0.000
356.751389 356.752083 986.100 988.600 306.850 308.250 4.100 35.566 3.000 16.350 11.100 5.960 15.180 10.340 5.930 3.000 2.070 1.140 1.330 0.880 0.630 0.000
356.752083 356.752778 985.900 988.600 306.850 308.250 3.900 35.286 3.000 16.940 10.700 6.080 14.630 9.680 5.550 3.170 1.960 1.040 1.140 0.700 0.570 0.000
356.752778 356.753472 985.900 988.600 306.850 308.250 3.900 35.362 3.000 17.620 11.440 5.920 15.060 9.700 6.220 3.080 2.070 0.790 1.620 0.790 0.770 0.000
356.753472 356.754167 985.700 988.500 306.850 308.250 3.900 35.251 3.000 17.530 11.100 6.450 15.270 9.810 5.920 3.220 2.190 1.130 1.330 0.720 0.890 0.000
356.754167 356.754861 985.600 988.500 306.850 308.150 3.900 36.356 3.000 17.520 11.420 5.770 15.540 9.820 5.510 3.450 2.020 1.140 1.130 0.820 0.390 0.000
356.754861 356.755556 986.000 988.500 306.850 308.150 4.000 37.156 3.000 17.920 11.620 5.970 15.350 9.950 6.200 2.700 1.760 1.520 1.230 1.100 0.900 0.000
356.755556 356.756250 986.000 988.400 306.850 308.150 4.000 36.121 3.000 17.220 11.450 6.070 15.510 10.130 5.980 3.120 1.930 1.100 1.110 0.990 0.900 0.000
356.756250 356.756944 986.000 988.400 306.850 308.150 3.900 35.460 3.000 17.210 11.130 6.030 15.050 9.800 5.610 2.900 1.700 1.190 1.600 0.970 0.900 0.000
356.756944 356.757639 986.000 988.400 306.850 308.050 3.900 38.582 3.000 18.190 11.370 6.220 15.410 10.100 6.080 3.060 2.090 1.270 1.520 0.880 1.200 0.000
356.757639 356.758333 986.000 988.300 306.850 308.050 3.900 42.984 3.000 18.150 11.040 6.190 16.000 10.560 6.410 2.900 2.280 1.430 1.840 0.890 1.010 0.000
356.758333 356.759028 985.900 988.300 306.750 308.050 4.000 45.614 3.000 16.950 11.660 6.260 16.210 10.650 5.790 2.750 2.190 1.880 1.540 0.910 9999.999 0.000
356.759028 356.759722 985.800 988.300 306.750 308.050 4.100 45.441 3.000 17.390 11.460 6.800 15.610 10.530 5.840 2.520 1.850 1.710 1.600 0.620 0.390 0.000
356.759722 356.760417 985.800 988.200 306.750 308.050 4.000 45.802 3.000 17.530 11.350 6.120 16.390 10.700 6.230 3.000 2.050 1.170 1.320 0.950 0.530 0.000
356.760417 356.761111 985.700 988.200 306.750 308.050 4.000 45.269 3.000 17.200 11.280 5.860 15.660 10.410 5.750 2.830 1.940 0.670 1.220 0.960 0.530 0.000
356.761111 356.761806 985.700 988.200 306.750 308.050 3.900 48.047 3.000 17.990 11.300 5.870 16.160 10.690 5.590 3.680 1.950 1.290 1.400 1.160 0.630 0.000
356.761806 356.762500 985.700 988.100 306.750 308.150 4.000 52.408 3.000 18.040 11.220 6.530 16.990 11.370 6.260 2.950 2.080 1.420 1.730 0.770 0.740 0.000
356.762500 356.763194 985.600 988.100 306.750 308.150 4.000 53.567 3.000 17.020 11.080 6.370 17.570 11.550 6.060 3.110 2.070 1.300 1.600 1.040 0.350 0.000
356.763194 356.763889 985.700 988.100 306.750 308.050 4.000 55.039 3.000 17.990 11.270 6.550 18.390 11.510 6.790 1.950 2.430 1.300 1.490 0.950 1.240 0.000
356.763889 356.764583 985.700 988.000 306.750 308.050 4.100 54.681 3.000 18.700 11.570 6.360 18.090 11.840 7.230 3.070 1.940 1.430 1.630 1.010 1.010 0.000
356.764583 356.765278 985.700 988.000 306.750 308.050 4.100 55.577 3.000 18.830 11.700 6.500 18.480 11.600 6.880 3.210 1.940 1.480 1.570 0.990 0.600 0.000
356.765278 356.765972 985.800 988.000 306.750 308.050 4.000 56.832 3.000 18.220 11.690 6.410 18.520 12.160 6.820 2.790 2.130 1.750 1.790 1.190 0.940 0.000
356.765972 356.766667 985.900 987.900 306.750 308.050 3.900 60.418 3.000 18.660 12.160 6.380 18.980 12.530 6.820 3.090 2.090 1.350 1.690 0.960 0.450 0.000
356.766667 356.767361 986.000 987.900 306.750 308.050 3.900 62.838 3.000 18.390 11.730 6.310 19.660 12.860 7.320 2.950 1.750 1.340 1.440 1.150 0.900 0.000
356.767361 356.768056 985.900 987.900 306.750 308.050 4.000 63.555 3.000 18.300 11.640 6.370 18.930 12.760 7.310 2.920 2.180 1.250 1.400 1.020 1.340 0.000
356.768056 356.768750 985.800 987.800 306.750 308.050 4.000 63.203 3.000 18.860 12.250 6.180 19.730 12.920 7.810 3.980 2.100 0.850 2.000 1.120 1.420 0.000
356.768750 356.769444 985.700 987.800 306.750 308.050 4.000 64.465 3.000 18.540 11.740 6.750 20.130 13.490 7.750 2.940 1.920 1.600 1.360 1.210 1.030 0.000
356.769444 356.770139 985.600 987.800 306.750 308.150 4.000 64.815 3.000 17.960 11.850 6.620 20.690 13.260 7.840 2.930 2.030 0.810 1.560 1.370 0.720 0.000
356.770139 356.770833 985.500 987.700 306.750 308.150 4.000 66.543 3.000 18.130 12.080 6.150 20.920 13.940 7.510 2.970 1.960 1.390 1.670 1.090 0.830 0.000
356.770833 356.771528 985.500 987.700 306.750 308.150 4.000 67.265 3.000 18.700 11.580 6.250 20.890 13.700 7.820 3.230 1.940 1.120 2.000 1.310 0.620 0.000
356.771528 356.772222 985.500 9999.999 306.750 308.250 4.000 67.450 3.000 18.030 12.480 5.820 21.180 14.110 7.680 3.020 2.110 1.530 1.650 0.920 0.510 0.000
356.772222 356.772917 985.600 9999.999 306.750 308.150 3.800 67.473 3.000 18.800 12.190 6.630 21.560 14.210 8.260 2.880 2.160 1.730 1.820 1.100 0.950 0.000
356.772917 356.773611 985.600 9999.999 306.750 308.150 3.900 68.743 3.000 19.070 12.290 7.050 22.390 14.300 8.470 3.270 2.300 1.520 1.720 1.190 0.870 0.000
356.773611 356.774306 985.700 9999.999 306.750 308.150 4.100 70.648 3.000 19.070 12.210 6.480 23.090 14.870 9.020 3.000 2.060 1.020 1.850 1.210 1.260 0.000
356.774306 356.775000 985.700 9999.999 306.750 308.250 4.300 72.013 3.000 20.210 12.580 6.840 23.720 15.250 9.230 3.200 2.310 1.340 1.990 1.540 0.800 0.000
356.775000 356.775694 985.600 9999.999 306.750 308.150 4.100 72.334 3.000 18.960 13.070 7.070 23.510 15.710 9.630 2.810 2.210 1.530 1.790 1.450 1.410 0.000
356.775694 356.776389 985.500 9999.999 306.750 308.150 4.100 72.608 3.000 19.370 13.120 6.590 23.460 16.470 10.220 2.800 2.460 1.410 2.180 1.490 1.420 0.000
356.776389 356.777083 985.500 9999.999 306.750 308.250 4.100 73.615 3.000 19.280 12.720 7.290 24.560 16.350 9.530 3.260 2.230 1.190 1.540 1.660 0.940 0.000
356.777083 356.777778 985.500 9999.999 306.750 308.250 4.000 72.247 3.000 18.980 12.620 6.800 23.930 15.920 9.180 3.100 2.080 1.580 2.190 1.370 1.200 0.000
356.777778 356.778472 985.500 9999.999 306.750 308.250 3.900 73.524 3.000 19.340 12.690 6.720 24.140 16.030 9.340 2.530 2.060 1.950 1.630 1.510 1.330 0.000
356.778472 356.779167 985.600 9999.999 306.750 308.350 4.100 76.813 3.000 19.690 12.580 6.290 25.940 17.200 10.320 3.350 2.030 1.230 1.990 1.630 0.860 0.000
356.779167 356.779861 985.600 9999.999 306.750 308.350 4.000 77.716 3.000 19.460 12.430 6.410 26.900 18.360 10.700 3.030 2.090 0.880 2.270 1.690 1.380 0.000
356.779861 356.780556 985.700 9999.999 306.750 308.350 3.900 77.532 3.000 20.590 12.700 7.120 26.710 17.950 10.580 2.870 1.860 1.670 2.420 1.470 0.970 0.000
356.780556 356.781250 985.800 9999.999 306.750 308.350 4.000 78.811 3.000 19.720 12.770 7.010 27.360 18.730 11.380 3.450 1.750 1.500 2.250 1.610 1.370 0.000
356.781250 356.781944 985.800 9999.999 306.750 308.350 4.000 78.442 3.000 19.900 12.630 7.180 27.160 18.660 11.350 3.130 2.040 1.680 2.460 1.780 1.330 0.000
356.781944 356.782639 985.800 9999.999 306.750 308.350 4.100 80.659 3.000 19.990 12.770 6.470 28.360 19.590 11.500 3.420 2.240 1.300 2.320 1.740 1.540 0.000
356.782639 356.783333 985.800 9999.999 306.750 308.450 4.100 81.768 3.000 20.410 12.880 7.020 30.230 20.480 12.170 3.210 2.290 1.460 2.330 2.020 1.550 0.000
356.783333 356.784028 985.800 9999.999 306.750 308.450 4.000 82.322 3.000 19.720 12.690 6.390 30.350 20.420 12.350 3.280 1.920 1.000 2.390 1.970 1.630 0.000
356.784028 356.784722 985.800 9999.999 306.750 308.450 4.000 82.705 3.000 20.610 13.120 6.440 32.350 21.640 13.320 3.420 1.640 1.530 2.470 2.010 1.560 0.000
356.784722 356.785417 985.800 9999.999 306.750 308.450 4.000 83.169 3.000 20.570 12.470 6.030 31.490 21.360 12.370 2.900 2.150 1.320 2.660 1.660 1.380 0.000
356.785417 356.786111 985.800 9999.999 306.750 308.450 4.000 84.115 3.000 20.160 12.430 7.050 32.430 22.140 13.150 3.710 2.360 1.480 2.460 1.920 2.120 0.000
356.786111 356.786806 985.800 9999.999 306.750 308.450 4.000 84.022 3.000 20.720 12.720 6.580 32.610 22.420 13.420 3.670 2.260 1.500 2.590 2.020 1.540 0.000
356.786806 356.787500 985.800 9999.999 306.750 308.450 4.100 87.793 3.000 20.210 12.460 6.280 33.800 23.960 14.580 3.070 2.050 1.320 2.610 1.840 1.910 0.000
356.787500 356.788194 985.900 9999.999 306.750 308.550 4.000 88.320 3.000 19.520 12.320 6.800 35.280 24.310 14.540 2.900 2.320 1.100 2.880 2.040 1.550 0.000
356.788194 356.788889 985.900 9999.999 306.750 308.650 4.000 88.137 3.000 18.930 12.290 6.330 35.090 23.930 14.930 3.050 2.060 2.040 2.370 2.460 1.930 0.000
356.788889 356.789583 985.900 9999.999 306.750 308.650 4.000 89.772 3.000 20.170 12.640 6.330 37.110 25.500 15.820 3.120 2.230 1.600 2.990 2.000 1.700 0.000
356.789583 356.790278 985.900 9999.999 306.850 308.650 4.100 89.866 3.000 19.790 12.910 6.780 37.140 25.890 15.160 3.350 2.210 1.590 3.150 2.420 1.360 0.000
356.790278 356.790972 985.900 9999.999 306.850 308.550 4.400 80.935 3.000 20.250 12.140 6.850 35.460 26.070 21.150 3.220 1.800 1.520 2.600 1.670 5.310 0.000
356.794444 356.795139 982.200 9999.999 306.450 307.850 4.000 35.800 3.000 19.740 12.340 6.720 17.180 11.140 6.640 3.620 2.350 1.170 1.840 0.650 0.910 0.000
356.795139 356.795833 982.100 9999.999 306.350 307.950 4.100 35.485 3.000 19.160 12.500 6.840 16.590 11.100 6.280 3.040 2.440 1.270 1.460 0.820 0.090 0.000
356.795833 356.796528 982.700 9999.999 306.350 307.950 4.100 35.841 3.000 18.810 12.400 7.100 17.140 11.170 6.540 3.160 2.020 1.580 1.670 1.070 0.410 0.000
356.796528 356.797222 985.300 9999.999 306.450 307.950 4.000 37.398 3.000 19.100 12.280 6.940 16.780 11.030 6.230 3.040 2.410 1.130 1.700 0.930 9999.999 0.000
356.797222 356.797917 985.300 9999.999 306.550 308.050 4.100 36.420 3.000 19.130 12.640 6.860 17.100 10.670 6.390 2.950 2.370 1.590 2.010 0.640 0.630 0.000
356.797917 356.798611 985.200 9999.999 306.650 308.050 4.200 35.754 3.000 19.780 12.290 6.610 16.320 10.590 6.510 3.430 2.190 1.660 1.340 0.550 0.590 0.000
356.798611 356.799306 985.200 9999.999 306.650 308.050 4.200 38.450 3.000 19.300 12.400 6.190 15.820 10.980 6.250 3.040 2.370 1.160 1.640 0.470 0.250 0.000
356.799306 356.800000 985.300 9999.999 306.650 308.050 4.200 43.166 3.000 19.550 12.700 6.760 16.770 11.030 6.180 3.090 2.130 1.390 1.730 0.810 0.500 0.000
356.800000 356.800694 985.300 9999.999 306.650 308.050 3.900 45.342 3.000 19.810 12.170 6.710 17.850 11.450 7.020 3.570 2.380 1.430 1.670 0.750 0.610 0.000
356.800694 356.801389 985.300 9999.999 306.650 307.950 4.100 45.702 3.000 20.990 11.660 6.070 16.660 10.680 6.570 3.290 2.310 1.060 1.280 0.520 0.580 0.000
356.801389 356.802083 985.200 9999.999 306.650 307.950 4.000 45.883 3.000 18.700 11.540 5.990 16.870 10.510 6.230 2.710 1.930 1.460 1.430 0.730 0.060 0.000
356.802083 356.802778 985.200 9999.999 306.650 307.950 4.000 45.709 3.000 19.080 11.740 6.740 16.590 11.240 6.510 3.140 2.210 1.430 1.740 0.680 0.730 0.000
356.802778 356.803472 985.200 9999.999 306.650 307.950 4.000 47.963 3.000 17.810 12.080 6.480 17.070 11.330 6.760 2.940 2.340 1.510 1.420 0.510 0.770 0.000
356.803472 356.804167 985.200 9999.999 306.650 307.950 4.000 52.200 3.000 19.060 11.820 6.440 16.940 11.000 6.830 3.570 1.990 1.050 1.460 0.900 0.180 0.000
356.804167 356.804861 985.200 9999.999 306.550 307.950 4.100 53.781 3.000 18.150 11.990 6.960 18.770 11.790 7.260 3.400 1.710 1.480 1.470 0.800 0.180 0.000
356.804861 356.805556 985.200 9999.999 306.650 307.950 4.100 54.767 3.000 18.590 11.840 6.030 18.150 12.020 7.130 3.050 2.220 1.160 1.620 0.650 0.490 0.000
356.805556 356.806250 985.100 9999.999 306.650 307.950 4.000 54.856 3.000 18.030 11.970 6.000 18.240 12.130 7.470 3.480 2.040 0.760 1.550 0.950 0.620 0.000
356.806250 356.806944 985.100 9999.999 306.650 307.950 4.100 55.215 3.000 19.790 12.210 5.980 18.250 12.110 7.330 3.100 2.150 1.050 1.630 0.820 0.370 0.000
356.806944 356.807639 985.100 9999.999 306.650 307.950 4.000 57.724 3.000 19.800 12.430 6.830 18.550 12.400 7.320 3.430 2.230 1.450 1.800 0.910 0.680 0.000
356.807639 356.808333 985.100 9999.999 306.650 308.050 3.900 61.673 3.000 18.840 11.950 6.560 20.030 12.950 7.550 3.140 2.290 1.600 1.840 0.690 0.900 0.000
356.808333 356.809028 985.100 9999.999 306.650 308.050 4.000 62.211 3.000 19.030 12.660 6.270 19.930 13.050 8.240 3.380 2.080 1.590 1.750 0.860 0.850 0.000
356.809028 356.809722 985.100 9999.999 306.650 308.050 4.100 63.735 3.000 18.290 11.550 6.540 19.700 13.370 7.790 3.240 2.260 0.650 1.720 1.130 0.130 0.000
356.809722 356.810417 985.100 9999.999 306.650 308.050 4.100 63.383 3.000 17.480 12.080 6.080 19.570 13.060 7.710 2.680 1.980 1.020 1.770 0.860 0.490 0.000
356.810417 356.811111 985.100 9999.999 306.650 308.050 3.900 64.285 3.000 18.450 12.170 6.250 19.810 13.100 8.050 3.190 2.160 1.150 1.610 0.820 0.640 0.000
356.811111 356.811806 985.100 9999.999 306.650 308.050 4.000 64.105 3.000 19.350 11.780 6.540 20.520 13.330 8.130 3.410 2.140 1.440 1.260 0.900 0.720 0.000
356.811806 356.812500 985.100 9999.999 306.650 308.050 4.000 66.178 3.000 19.650 12.180 6.490 20.940 13.490 8.040 2.960 1.820 1.140 1.550 0.950 0.500 0.000
356.812500 356.813194 985.100 987.300 306.650 308.050 4.000 66.629 3.000 19.150 11.950 6.670 21.030 14.490 8.560 3.290 2.140 1.370 2.080 1.130 1.170 0.000
356.813194 356.813889 985.100 9999.999 306.650 308.050 4.000 67.651 3.000 19.690 12.630 6.870 21.400 14.140 8.480 3.310 2.170 1.670 1.640 0.980 0.860 0.000
356.813889 356.814583 985.100 9999.999 306.650 308.050 4.000 67.923 3.000 19.240 11.920 6.680 20.830 14.020 8.450 3.350 2.180 1.610 1.690 1.000 0.750 0.000
