HYGRO_dataset/SGP/US6002C.19980101000000.20181219000000.nephelometer.aerosol_light_scattering_coefficient.pm1.1mo.1mn.TSI_3563_SGP_ref_TSI_3563_SGP_wet..lev0.nas
90 1001 
Andrews, Elisabeth; Jefferson, Anne; Burgos, Maria A.  
US06L, National Oceanic and Atmospheric Administration , NOAA/ESRL/GMD,  "Earth System Research Laboratory, Global Monitoring Division", 325 Broadway, , CO 80305-3, Boulder, U.S.A. 
Burgos, Maria A. 
NOAA-ESRL 
1 1 
1998 01 01 2018 12 19 
0.000000 
Days from the file reference point (start_time) 
21 
1 1 1 1 1 1 1 1 1 1 1 1 1 1 1 1 1 1 1 1 1  
9999.999999 9999.999 9999.999 9999.999 9999.999 9999.999 9999.999 9.999 9999.999 9999.999 9999.999 9999.999 9999.999 9999.999 9999.999 9999.999 9999.999 9999.999 9999.999 9999.999 9.999 
end_time of measurement, days from the file reference point 
pressure, hPa, Location=reference nephelometer internal 
pressure, hPa, Location=humidified nephleometer internal 
temperature, K, Location=reference nephelometer internal 
temperature, K, Location=humidified nephleometer internal 
relative_humidity, %, Location=reference nephelometer internal 
relative_humidity, %, Location=humidified nephleometer internal 
number of wavelengths 
aerosol_light_scattering_coefficient, 1/Mm, Wavelength=450nm, Location=reference nephelometer 
aerosol_light_scattering_coefficient, 1/Mm, Wavelength=450nm, Location=humidified nephleometer, Matrix=pm1_humidified 
aerosol_light_scattering_coefficient, 1/Mm, Wavelength=550nm, Location=reference nephelometer 
aerosol_light_scattering_coefficient, 1/Mm, Wavelength=550nm, Location=humidified nephleometer, Matrix=pm1_humidified 
aerosol_light_scattering_coefficient, 1/Mm, Wavelength=700nm, Location=reference nephelometer 
aerosol_light_scattering_coefficient, 1/Mm, Wavelength=700nm, Location=humidified nephleometer, Matrix=pm1_humidified 
aerosol_light_backscattering_coefficient, 1/Mm, Wavelength=450nm, Location=reference nephelometer 
aerosol_light_backscattering_coefficient, 1/Mm, Wavelength=450nm, Location=humidified nephleometer, Matrix=pm1_humidified 
aerosol_light_backscattering_coefficient, 1/Mm, Wavelength=550nm, Location=reference nephelometer 
aerosol_light_backscattering_coefficient, 1/Mm, Wavelength=550nm, Location=humidified nephleometer, Matrix=pm1_humidified 
aerosol_light_backscattering_coefficient, 1/Mm, Wavelength=700nm, Location=reference nephelometer 
aerosol_light_backscattering_coefficient, 1/Mm, Wavelength=700nm, Location=humidified nephleometer, Matrix=pm1_humidified 
numflag, no unit 
0 
55
Data definition:              EBAS_1.1 
Set type code:                TI 
Station code:                 US6002C 
Platform code:                US6002S 
Timezone:                     UTC 
Startdate:                    19981219000000 
Revision date:                20181219000000 
Component:                    aerosol_light_scattering_coefficient 
Unit:                         1/Mm 
Matrix:                       pm1 
Period code:                  1mo 
Resolution code:              1mn 
Sample duration:              1mn 
Laboratory code:              US06L 
Instrument type:              nephelometer 
Instrument manufacturer:      TSI 
Instrument model:             3563 
Instrument name:              TSI_3563_SGP_ref+TSI_3563_SGP_wet 
Method ref:                   US06L_hygro_tandem_neph_CorrData 
Orig. time res.:              1mn 
[...]
Submitter:                    Burgos, Maria A., paul.zieger@aces.su.se, Department of Environmental Science and Analytical Chemistry, ACES,,Frescativägen 54,, SE10691, Stockholm, Sweden 
Data level:                   0 
Version:                      1 
Version description:          raw values, RH sensor correction 
Height AGL:                   2.5m 
Inlet type:                   Hat or hood 
Inlet description:            Heated, stainless steel, see full description in Delene and Ogren, J. Atmos. Sci, 2002. 
Humidity/temperature control: Humidification 
Humidity/temperature control description: humidogram 
Volume std. temperature:      instrument internal 
Volume std. pressure:         instrument internal 
Detection limit:              0.5 1/Mm 
Detection limit expl.:        Determined by instrument counting statistics, no detection limit flag used 
Measurement uncertainty expl.: Uncertainty analysis described in Burgos et al., 2019 
Zero/negative values code:    zero/negative possible 
Zero/negative values:         zero and neg. values may appear due to statistical variations at very low concentrations  
Standard method:              cal-gas=CO2+AIR_truncation-correction=none 
Acknowledgement:              Request acknowledgement details from data originator 
start_time end_time p_ref_int p_wet_int T_ref_int T_wet_int RH_ref_int RH_wet_int nWav sc450_ref sc550_ref sc700_ref sc450_wet sc550_wet sc700_wet bsc450_ref bsc550_ref bsc700_ref bsc450_wet bsc550_wet bsc700_wet numflag 
[from data line 13095]
362.864583 362.865278 980.000 9999.999 306.950 308.550 6.100 78.450 3.000 20.170 14.720 9.270 31.290 23.890 15.250 2.380 2.130 1.800 1.540 1.470 0.840 0.000
362.865278 362.865972 980.000 9999.999 306.950 308.550 6.000 79.738 3.000 19.970 14.580 9.130 31.940 23.510 15.870 2.310 1.810 1.600 1.420 1.260 0.810 0.000
362.865972 362.866667 980.000 9999.999 306.950 308.550 6.000 82.616 3.000 20.530 14.070 9.100 33.610 25.030 16.190 2.900 1.840 1.840 1.400 1.060 0.980 0.000
362.866667 362.867361 980.000 9999.999 306.950 308.550 5.900 83.839 3.000 21.220 14.080 8.310 33.730 25.630 16.710 3.000 1.670 1.200 1.190 1.290 0.980 0.000
362.867361 362.868056 980.000 9999.999 306.950 308.650 6.200 83.084 3.000 20.250 14.280 8.150 33.550 25.570 16.450 1.890 1.780 1.350 1.200 1.450 0.520 0.000
362.868056 362.868750 980.000 9999.999 306.950 308.650 6.000 83.656 3.000 19.950 14.490 9.040 34.800 26.410 17.480 2.540 2.020 2.070 1.530 1.370 1.120 0.000
362.868750 362.869444 980.000 9999.999 307.050 308.650 5.900 83.189 3.000 20.420 14.570 9.330 34.690 26.030 17.040 2.720 1.920 1.500 1.490 1.280 1.100 0.000
362.869444 362.870139 980.000 9999.999 307.050 308.650 6.000 85.264 3.000 20.760 14.910 9.260 35.030 27.360 17.940 2.300 2.330 1.430 1.540 1.270 1.270 0.000
362.870139 362.870833 980.100 9999.999 307.050 308.650 6.100 88.494 3.000 20.690 14.520 9.300 38.440 28.950 19.050 2.650 1.960 1.590 1.550 1.670 1.360 0.000
362.870833 362.871528 980.000 9999.999 307.050 308.750 6.000 89.212 3.000 20.550 14.290 9.210 38.580 29.620 19.950 2.220 1.920 1.960 1.540 1.370 1.140 0.000
362.871528 362.872222 980.000 9999.999 307.050 308.750 5.800 89.914 3.000 20.850 14.250 8.300 40.030 30.720 21.420 2.740 2.150 1.220 1.870 1.590 1.790 0.000
362.872222 362.872917 980.100 9999.999 307.050 308.750 6.100 89.955 3.000 21.150 14.810 8.780 40.280 30.220 20.470 2.660 1.820 0.950 1.570 1.520 1.630 0.000
362.872917 362.873611 980.100 9999.999 307.050 308.750 5.900 89.860 3.000 20.620 14.550 8.370 38.700 29.590 20.030 2.500 1.980 1.440 1.420 1.660 1.190 0.000
362.873611 362.874306 980.200 9999.999 307.050 308.750 5.900 79.997 3.000 15.420 13.900 9.110 39.010 29.400 20.000 2.170 2.160 1.430 2.600 1.420 1.910 0.000
362.877778 362.878472 979.600 9999.999 306.950 307.950 6.100 36.181 3.000 19.700 13.550 8.920 17.390 12.090 7.400 2.040 2.020 1.610 0.870 0.890 0.070 0.000
362.878472 362.879167 979.600 9999.999 306.950 308.150 6.100 35.751 3.000 18.850 13.380 8.200 16.680 11.740 7.520 2.570 1.910 0.760 0.990 0.810 0.630 0.000
362.879167 362.879861 979.600 9999.999 306.950 308.150 5.800 36.010 3.000 19.150 13.420 8.690 17.480 12.410 7.680 2.050 1.470 1.390 1.020 0.400 0.580 0.000
362.879861 362.880556 979.800 9999.999 306.950 308.150 5.800 35.987 3.000 18.370 13.320 8.490 17.090 12.560 8.140 2.040 1.720 1.460 0.750 0.610 0.790 0.000
362.880556 362.881250 979.800 9999.999 306.950 308.150 5.900 36.055 3.000 19.370 13.510 8.130 17.410 12.330 7.740 2.050 1.770 1.260 0.740 0.510 0.490 0.000
362.881250 362.881944 979.800 9999.999 306.950 308.150 6.000 36.121 3.000 19.860 14.960 10.290 18.530 13.390 8.720 2.510 2.240 1.740 1.230 0.860 0.660 0.000
362.881944 362.882639 979.800 9999.999 306.950 308.150 5.900 38.725 3.000 18.900 13.680 8.110 17.450 12.660 8.140 2.240 1.940 1.660 0.940 0.560 0.670 0.000
362.882639 362.883333 979.800 9999.999 306.950 308.150 5.900 43.441 3.000 18.590 13.660 8.140 16.930 12.230 7.700 2.330 2.040 1.160 0.510 0.540 0.380 0.000
362.883333 362.884028 979.900 9999.999 306.950 308.150 5.800 45.254 3.000 18.870 13.210 8.190 17.140 12.330 7.900 2.390 1.820 0.980 0.890 0.570 0.300 0.000
362.884028 362.884722 979.900 9999.999 306.950 308.150 6.000 45.534 3.000 19.030 13.040 7.860 18.330 12.430 7.430 2.700 1.570 1.580 1.130 0.620 0.730 0.000
362.884722 362.885417 979.900 9999.999 306.950 308.050 6.100 45.886 3.000 19.000 13.610 8.700 18.130 13.180 8.040 2.020 1.790 1.340 0.920 0.630 0.320 0.000
362.885417 362.886111 979.900 9999.999 306.950 308.050 6.000 45.982 3.000 18.100 13.190 7.830 16.290 12.140 7.780 2.350 1.630 1.280 0.490 0.480 0.440 0.000
362.886111 362.886806 979.800 9999.999 306.950 308.050 5.900 48.056 3.000 19.510 13.490 8.220 18.020 12.290 8.140 2.560 2.120 1.310 0.890 0.820 0.600 0.000
362.886806 362.887500 979.900 9999.999 306.850 308.150 5.900 52.175 3.000 18.920 13.480 8.320 18.460 13.660 8.420 2.340 1.600 1.540 0.930 0.940 9999.999 0.000
362.887500 362.888194 979.900 9999.999 306.850 308.150 6.000 53.430 3.000 19.710 13.160 8.120 20.110 13.980 8.670 2.420 1.560 1.540 1.040 0.830 0.280 0.000
362.888194 362.888889 979.900 9999.999 306.950 308.150 6.100 54.595 3.000 18.880 12.950 8.110 19.420 14.120 8.270 2.400 1.610 1.640 0.830 0.600 0.080 0.000
362.888889 362.889583 980.000 9999.999 306.850 308.050 6.000 55.359 3.000 18.680 13.240 8.220 19.650 13.690 9.250 2.310 1.780 1.460 1.240 0.410 0.800 0.000
362.889583 362.890278 979.900 9999.999 306.850 308.150 6.000 54.326 3.000 17.970 12.450 7.460 18.360 13.320 8.830 2.260 1.790 1.500 1.050 0.560 0.530 0.000
362.890278 362.890972 980.000 9999.999 306.850 308.150 6.000 57.105 3.000 18.060 12.570 7.730 18.780 13.240 8.830 2.090 1.940 1.610 0.450 0.710 0.730 0.000
362.890972 362.891667 980.000 9999.999 306.850 308.150 6.200 60.422 3.000 17.790 12.280 7.760 19.680 14.590 9.250 2.420 1.630 1.420 0.590 0.660 0.550 0.000
362.891667 362.892361 980.000 9999.999 306.850 308.150 6.000 62.215 3.000 16.910 12.430 7.790 20.250 14.350 9.540 2.230 1.840 1.260 1.030 0.430 0.600 0.000
362.892361 362.893056 980.100 9999.999 306.850 308.150 6.000 62.574 3.000 16.860 12.370 8.100 20.070 14.520 9.440 1.930 1.870 1.000 1.060 0.890 0.640 0.000
362.893056 362.893750 980.100 9999.999 306.850 308.150 5.900 63.478 3.000 17.340 12.520 7.990 20.240 14.450 9.170 2.260 1.650 1.570 1.030 0.340 0.710 0.000
362.893750 362.894444 980.200 9999.999 306.850 308.150 5.900 63.297 3.000 16.530 12.400 7.740 20.090 14.310 8.800 2.310 1.550 1.270 0.950 0.830 0.680 0.000
362.894444 362.895139 980.100 9999.999 306.850 308.150 5.800 64.470 3.000 17.330 11.880 7.030 19.690 14.520 9.180 1.920 1.590 1.140 0.720 0.720 0.510 0.000
362.895139 362.895833 980.100 9999.999 306.850 308.250 5.800 66.164 3.000 16.870 11.650 7.150 19.520 14.280 9.050 2.030 1.680 1.290 0.960 0.420 0.210 0.000
362.895833 362.896528 980.100 982.300 306.850 308.250 5.800 66.999 3.000 15.870 11.160 7.160 19.570 14.130 9.710 2.070 1.610 1.400 0.580 0.630 0.430 0.000
362.896528 362.897222 980.200 9999.999 306.850 308.250 5.900 67.359 3.000 16.190 10.850 6.800 19.610 14.730 9.050 2.190 1.380 1.520 0.550 0.560 0.310 0.000
362.897222 362.897917 980.200 9999.999 306.850 308.250 5.800 67.359 3.000 16.380 11.300 7.250 20.340 14.840 10.290 2.010 1.700 0.930 0.510 0.560 0.430 0.000
362.897917 362.898611 980.200 9999.999 306.850 308.250 5.700 68.022 3.000 16.360 11.070 6.570 18.920 14.030 9.610 1.680 1.500 1.170 0.770 0.620 0.790 0.000
362.898611 362.899306 980.200 9999.999 306.850 308.250 5.800 69.110 3.000 15.760 10.880 6.700 18.690 14.330 8.920 2.000 1.530 0.910 0.580 0.340 0.200 0.000
362.899306 362.900000 980.200 9999.999 306.850 308.250 5.800 72.065 3.000 15.580 10.680 6.390 20.120 15.020 9.370 2.150 1.450 0.570 0.960 0.550 0.180 0.000
362.900000 362.900694 980.200 9999.999 306.850 308.250 5.800 72.065 3.000 16.920 11.700 7.690 21.990 16.090 10.590 2.520 1.390 1.840 0.930 0.500 0.710 0.000
362.900694 362.901389 980.300 9999.999 306.950 308.250 5.700 72.703 3.000 17.550 12.300 7.570 22.790 16.620 11.260 1.950 1.730 1.090 1.140 0.630 0.130 0.000
362.901389 362.902083 980.300 9999.999 306.850 308.350 5.700 72.434 3.000 16.870 11.590 7.160 21.760 16.110 10.640 2.200 1.630 2.120 0.940 0.470 0.390 0.000
362.902083 362.902778 980.200 9999.999 306.850 308.350 5.600 72.251 3.000 16.260 10.860 6.350 21.130 15.390 10.420 2.180 1.660 0.700 0.380 0.600 0.150 0.000
362.902778 362.903472 980.300 9999.999 306.950 308.350 5.600 75.055 3.000 15.700 10.970 7.010 21.520 15.620 10.030 1.430 1.510 0.970 0.440 0.500 0.310 0.000
362.903472 362.904167 980.400 9999.999 306.850 308.350 5.500 76.982 3.000 14.880 10.570 6.230 21.990 16.420 10.480 1.670 1.620 0.810 1.180 0.460 0.710 0.000
362.904167 362.904861 980.400 9999.999 306.950 308.450 5.500 78.363 3.000 14.610 10.380 6.420 21.590 16.380 10.910 1.880 1.290 1.450 0.530 0.410 0.590 0.000
362.904861 362.905556 980.400 9999.999 306.850 308.450 5.500 78.454 3.000 13.830 9.100 6.520 20.360 14.650 10.700 1.070 1.330 0.960 0.010 0.280 0.950 0.000
362.905556 362.906250 980.400 9999.999 306.850 308.450 5.400 77.812 3.000 12.830 9.030 5.650 19.230 13.910 9.630 1.630 1.160 0.760 0.450 0.290 0.450 0.000
362.906250 362.906944 980.400 9999.999 306.950 308.450 5.400 77.615 3.000 12.210 8.770 5.560 18.890 13.480 9.110 1.050 1.300 1.160 9999.999 0.330 0.640 0.000
362.906944 362.907639 980.400 9999.999 306.950 308.450 5.300 80.848 3.000 12.540 8.550 5.400 19.030 14.320 9.710 2.150 1.050 0.670 0.370 0.240 9999.999 0.000
362.907639 362.908333 980.500 9999.999 306.950 308.450 5.300 82.519 3.000 12.760 9.120 5.980 20.340 14.710 10.280 1.640 1.330 1.280 0.560 0.360 0.430 0.000
362.908333 362.909028 980.500 9999.999 306.950 308.450 5.300 82.983 3.000 12.350 8.590 5.860 20.160 15.160 10.020 1.590 0.980 1.610 0.470 0.370 0.270 0.000
362.909028 362.909722 980.600 9999.999 306.950 308.550 5.500 83.637 3.000 12.820 8.410 5.430 20.130 15.470 10.080 1.490 1.230 0.410 0.120 0.290 0.250 0.000
362.909722 362.910417 980.600 9999.999 306.950 308.550 5.500 84.008 3.000 12.340 8.760 5.590 20.290 15.340 10.530 1.210 1.190 1.210 0.600 0.410 0.120 0.000
362.910417 362.911111 980.600 9999.999 306.950 308.550 5.500 84.119 3.000 12.870 8.410 5.420 20.840 15.460 10.350 1.530 1.400 1.090 0.690 0.280 0.630 0.000
362.911111 362.911806 980.500 9999.999 306.950 308.550 5.600 84.772 3.000 12.290 8.740 5.430 19.940 15.730 10.620 1.060 1.010 1.040 0.740 0.310 0.460 0.000
362.911806 362.912500 980.500 9999.999 306.950 308.650 5.400 87.764 3.000 13.100 8.450 4.970 22.170 17.580 11.250 1.430 1.480 0.630 0.710 0.360 0.240 0.000
362.912500 362.913194 980.500 9999.999 306.950 308.650 5.700 88.457 3.000 12.080 8.760 5.360 21.930 17.090 11.730 1.470 1.240 1.000 0.680 0.570 0.050 0.000
362.913194 362.913889 980.500 9999.999 306.950 308.650 5.400 88.739 3.000 11.850 8.350 5.810 23.580 16.610 11.680 0.900 1.280 0.510 0.530 0.290 0.430 0.000
362.913889 362.914583 980.500 9999.999 306.950 308.650 5.500 88.966 3.000 12.310 8.880 6.030 22.790 17.320 11.720 1.510 1.070 1.170 0.590 0.380 0.520 0.000
362.914583 362.915278 980.500 9999.999 306.950 308.650 5.500 90.237 3.000 12.720 9.040 5.770 23.790 17.960 12.710 1.740 1.280 0.810 0.630 0.560 0.520 0.000
362.915278 362.915972 980.500 9999.999 306.950 308.550 5.500 80.831 3.000 14.620 8.330 5.320 23.860 16.850 10.900 2.000 1.020 1.110 0.600 1.660 0.390 0.000
362.919444 362.920139 980.100 9999.999 306.850 307.850 5.600 36.180 3.000 12.190 8.670 5.500 10.880 7.950 5.170 1.200 1.350 1.040 0.160 0.130 0.290 0.000
362.920139 362.920833 980.100 9999.999 306.850 308.050 5.500 35.750 3.000 13.020 8.400 4.830 11.230 7.680 5.190 1.350 1.220 0.670 0.720 0.030 0.490 0.000
362.920833 362.921528 980.100 9999.999 306.850 308.050 5.500 35.730 3.000 12.050 8.390 4.850 10.690 7.280 4.590 1.230 1.280 0.830 0.290 9999.999 9999.999 0.000
362.921528 362.922222 980.200 9999.999 306.850 308.050 5.500 35.985 3.000 12.160 8.460 4.820 10.420 7.650 4.920 2.350 1.010 0.420 0.620 0.030 9999.999 0.000
362.922222 362.922917 980.200 9999.999 306.850 308.050 5.500 35.962 3.000 12.720 8.100 5.680 10.320 7.700 4.920 1.450 1.240 0.920 0.450 0.400 9999.999 0.000
362.922917 362.923611 980.200 9999.999 306.850 308.050 5.700 36.028 3.000 12.020 8.200 5.430 10.380 7.580 4.970 1.490 1.020 0.870 0.630 0.060 0.050 0.000
362.923611 362.924306 980.200 9999.999 306.850 308.050 5.600 38.450 3.000 12.450 8.540 5.260 10.670 7.990 4.870 2.030 1.160 0.690 0.320 0.110 9999.999 0.000
362.924306 362.925000 980.300 9999.999 306.850 308.050 5.600 43.166 3.000 12.200 8.400 5.370 11.220 7.830 5.550 2.000 1.240 0.610 0.160 0.280 9999.999 0.000
362.925000 362.925694 980.300 9999.999 306.850 308.050 5.600 45.171 3.000 12.540 8.410 5.530 11.690 8.010 5.210 1.920 1.460 0.760 0.010 0.250 0.000 0.000
362.925694 362.926389 980.200 9999.999 306.850 307.950 5.500 45.883 3.000 11.740 9.340 5.840 11.600 7.820 5.690 1.500 1.430 1.360 0.600 0.170 0.690 0.000
362.926389 362.927083 980.300 9999.999 306.850 307.950 5.400 46.340 3.000 12.340 8.980 5.430 12.390 8.090 5.200 1.320 1.320 1.230 0.190 0.240 9999.999 0.000
362.927083 362.927778 980.300 9999.999 306.850 307.950 5.400 45.799 3.000 13.090 8.530 5.120 11.430 8.210 5.310 1.370 1.060 0.650 0.330 9999.999 0.020 0.000
362.927778 362.928472 980.300 9999.999 306.850 307.950 5.300 48.143 3.000 11.820 8.220 5.420 11.430 7.970 5.370 1.710 1.030 0.600 0.300 0.050 9999.999 0.000
362.928472 362.929167 980.400 9999.999 306.750 308.050 5.400 52.261 3.000 12.840 8.640 5.410 12.430 8.650 5.670 1.600 1.260 0.760 0.680 0.240 0.190 0.000
362.929167 362.929861 980.400 9999.999 306.750 308.050 5.600 53.157 3.000 12.370 8.570 5.760 12.320 8.980 5.800 1.430 0.960 0.700 0.290 0.210 0.230 0.000
362.929861 362.930556 980.400 9999.999 306.850 308.150 5.400 53.923 3.000 12.860 8.320 4.680 12.050 8.690 6.270 1.660 0.840 0.580 9999.999 0.310 0.260 0.000
362.930556 362.931250 980.400 9999.999 306.850 308.150 5.300 53.656 3.000 12.550 8.470 5.830 12.200 8.920 5.980 1.060 1.140 0.770 0.560 0.260 0.000 0.000
362.931250 362.931944 980.400 9999.999 306.850 308.150 5.200 54.954 3.000 12.640 8.650 5.170 12.720 9.220 6.370 1.550 1.170 0.610 0.410 0.230 0.580 0.000
362.931944 362.932639 980.400 9999.999 306.850 308.150 5.300 56.388 3.000 13.020 8.940 5.910 12.690 9.560 5.770 1.550 1.030 0.920 0.530 0.440 9999.999 0.000
362.932639 362.933333 980.400 9999.999 306.850 308.150 5.300 60.691 3.000 12.820 8.870 5.950 13.800 9.410 6.460 1.880 1.440 1.230 0.270 0.130 0.160 0.000
362.933333 362.934028 980.500 9999.999 306.850 308.250 5.500 61.861 3.000 12.680 8.790 5.240 14.350 10.140 6.560 1.770 1.290 0.530 0.520 0.140 0.090 0.000
362.934028 362.934722 980.500 9999.999 306.850 308.250 5.500 63.295 3.000 13.560 9.030 6.360 15.030 10.580 7.410 1.720 1.090 1.550 0.590 0.460 0.310 0.000
362.934722 362.935417 980.500 9999.999 306.850 308.250 5.500 62.668 3.000 14.250 9.420 5.670 14.370 10.650 6.910 1.510 1.520 1.090 0.260 0.420 0.350 0.000
362.935417 362.936111 980.500 9999.999 306.950 308.250 5.500 63.662 3.000 13.630 9.840 5.800 15.000 11.410 7.310 1.550 1.430 1.170 0.200 0.470 0.240 0.000
362.936111 362.936806 980.500 9999.999 306.950 308.250 5.500 64.744 3.000 14.640 10.100 5.940 16.130 11.670 7.560 1.580 1.410 0.890 0.880 0.570 0.040 0.000
362.936806 362.937500 980.500 9999.999 306.950 308.250 5.600 66.007 3.000 14.530 10.580 6.600 17.760 12.830 8.430 1.680 1.750 1.400 0.750 0.580 0.310 0.000
362.937500 362.938194 980.500 982.700 306.950 308.350 5.700 67.454 3.000 15.510 11.210 7.220 18.750 13.170 8.490 1.370 1.580 1.290 0.670 0.550 0.650 0.000
362.938194 362.938889 980.500 9999.999 306.950 308.350 5.700 67.184 3.000 14.050 9.750 6.300 17.060 12.730 8.050 1.760 1.860 0.680 0.480 0.190 0.660 0.000
362.938889 362.939583 980.600 9999.999 306.950 308.350 5.800 67.936 3.000 16.340 11.390 7.420 18.900 13.740 8.920 1.860 1.460 1.110 0.870 0.560 0.150 0.000
362.939583 362.940278 980.600 9999.999 306.950 308.350 5.700 67.936 3.000 16.470 11.860 7.860 20.340 14.280 9.520 2.200 1.670 1.610 1.060 0.980 0.290 0.000
362.940278 362.940972 980.600 9999.999 306.950 308.350 5.700 68.933 3.000 17.350 11.650 7.830 20.790 14.570 9.680 1.950 1.700 1.150 0.910 0.700 0.590 0.000
362.940972 362.941667 980.600 9999.999 306.950 308.350 5.600 72.069 3.000 16.690 12.110 7.730 22.070 16.330 10.950 2.020 1.660 1.400 1.160 0.900 1.200 0.000
362.941667 362.942361 980.600 9999.999 306.950 308.450 5.600 71.931 3.000 17.600 11.970 7.260 23.090 16.040 11.390 2.060 1.640 1.570 1.270 0.800 0.860 0.000
