HYGRO_dataset/SGP/US6002C.19980101000000.20181219000000.nephelometer.aerosol_light_scattering_coefficient.pm1.1mo.1mn.TSI_3563_SGP_ref_TSI_3563_SGP_wet..lev0.nas
90 1001 
Andrews, Elisabeth; Jefferson, Anne; Burgos, Maria A.  
US06L, National Oceanic and Atmospheric Administration , NOAA/ESRL/GMD,  "Earth System Research Laboratory, Global Monitoring Division", 325 Broadway, , CO 80305-3, Boulder, U.S.A. 
Burgos, Maria A. 
NOAA-ESRL 
1 1 
1998 01 01 2018 12 19 
0.000000 
Days from the file reference point (start_time) 
21 
1 1 1 1 1 1 1 1 1 1 1 1 1 1 1 1 1 1 1 1 1  
9999.999999 9999.999 9999.999 9999.999 9999.999 9999.999 9999.999 9.999 9999.999 9999.999 9999.999 9999.999 9999.999 9999.999 9999.999 9999.999 9999.999 9999.999 9999.999 9999.999 9.999 
end_time of measurement, days from the file reference point 
pressure, hPa, Location=reference nephelometer internal 
pressure, hPa, Location=humidified nephleometer internal 
temperature, K, Location=reference nephelometer internal 
temperature, K, Location=humidified nephleometer internal 
relative_humidity, %, Location=reference nephelometer internal 
relative_humidity, %, Location=humidified nephleometer internal 
number of wavelengths 
aerosol_light_scattering_coefficient, 1/Mm, Wavelength=450nm, Location=reference nephelometer 
aerosol_light_scattering_coefficient, 1/Mm, Wavelength=450nm, Location=humidified nephleometer, Matrix=pm1_humidified 
aerosol_light_scattering_coefficient, 1/Mm, Wavelength=550nm, Location=reference nephelometer 
aerosol_light_scattering_coefficient, 1/Mm, Wavelength=550nm, Location=humidified nephleometer, Matrix=pm1_humidified 
aerosol_light_scattering_coefficient, 1/Mm, Wavelength=700nm, Location=reference nephelometer 
aerosol_light_scattering_coefficient, 1/Mm, Wavelength=700nm, Location=humidified nephleometer, Matrix=pm1_humidified 
aerosol_light_backscattering_coefficient, 1/Mm, Wavelength=450nm, Location=reference nephelometer 
aerosol_light_backscattering_coefficient, 1/Mm, Wavelength=450nm, Location=humidified nephleometer, Matrix=pm1_humidified 
aerosol_light_backscattering_coefficient, 1/Mm, Wavelength=550nm, Location=reference nephelometer 
aerosol_light_backscattering_coefficient, 1/Mm, Wavelength=550nm, Location=humidified nephleometer, Matrix=pm1_humidified 
aerosol_light_backscattering_coefficient, 1/Mm, Wavelength=700nm, Location=reference nephelometer 
aerosol_light_backscattering_coefficient, 1/Mm, Wavelength=700nm, Location=humidified nephleometer, Matrix=pm1_humidified 
numflag, no unit 
0 
55
Data definition:              EBAS_1.1 
Set type code:                TI 
Station code:                 US6002C 
Platform code:                US6002S 
Timezone:                     UTC 
Startdate:                    19981219000000 
Revision date:                20181219000000 
Component:                    aerosol_light_scattering_coefficient 
Unit:                         1/Mm 
Matrix:                       pm1 
Period code:                  1mo 
Resolution code:              1mn 
Sample duration:              1mn 
Laboratory code:              US06L 
Instrument type:              nephelometer 
Instrument manufacturer:      TSI 
Instrument model:             3563 
Instrument name:              TSI_3563_SGP_ref+TSI_3563_SGP_wet 
Method ref:                   US06L_hygro_tandem_neph_CorrData 
Orig. time res.:              1mn 
[...]
Submitter:                    Burgos, Maria A., paul.zieger@aces.su.se, Department of Environmental Science and Analytical Chemistry, ACES,,Frescativägen 54,, SE10691, Stockholm, Sweden 
Data level:                   0 
Version:                      1 
Version description:          raw values, RH sensor correction 
Height AGL:                   2.5m 
Inlet type:                   Hat or hood 
Inlet description:            Heated, stainless steel, see full description in Delene and Ogren, J. Atmos. Sci, 2002. 
Humidity/temperature control: Humidification 
Humidity/temperature control description: humidogram 
Volume std. temperature:      instrument internal 
Volume std. pressure:         instrument internal 
Detection limit:              0.5 1/Mm 
Detection limit expl.:        Determined by instrument counting statistics, no detection limit flag used 
Measurement uncertainty expl.: Uncertainty analysis described in Burgos et al., 2019 
Zero/negative values code:    zero/negative possible 
Zero/negative values:         zero and neg. values may appear due to statistical variations at very low concentrations  
Standard method:              cal-gas=CO2+AIR_truncation-correction=none 
Acknowledgement:              Request acknowledgement details from data originator 
start_time end_time p_ref_int p_wet_int T_ref_int T_wet_int RH_ref_int RH_wet_int nWav sc450_ref sc550_ref sc700_ref sc450_wet sc550_wet sc700_wet bsc450_ref bsc550_ref bsc700_ref bsc450_wet bsc550_wet bsc700_wet numflag 
[from data line 4168]
355.497222 355.497917 994.500 9999.999 306.250 308.050 1.800 91.313 3.000 10.720 6.850 4.220 18.620 12.970 8.640 1.860 1.170 1.060 9999.999 9999.999 9999.999 0.000
355.497917 355.498611 994.500 9999.999 306.250 308.050 1.800 90.453 3.000 10.460 6.770 3.900 18.670 13.260 8.700 1.550 1.220 0.670 9999.999 9999.999 9999.999 0.000
355.498611 355.499306 994.500 9999.999 306.250 308.050 1.800 84.236 3.000 10.970 7.050 3.970 16.450 12.550 10.110 1.370 0.930 1.130 9999.999 9999.999 9999.999 0.000
355.502778 355.503472 991.300 9999.999 305.950 307.350 1.800 38.282 3.000 9.770 6.840 4.080 9.080 5.650 2.920 1.160 0.930 1.410 9999.999 9999.999 9999.999 0.000
355.503472 355.504167 993.600 9999.999 305.950 307.450 1.800 41.064 3.000 10.200 6.950 3.980 8.770 5.510 3.520 1.130 1.410 0.860 9999.999 9999.999 9999.999 0.000
355.504167 355.504861 994.100 9999.999 306.050 307.550 1.700 39.933 3.000 9.900 6.460 4.030 8.330 5.980 3.370 1.320 1.130 0.850 9999.999 9999.999 9999.999 0.000
355.504861 355.505556 994.200 9999.999 306.150 307.550 1.700 38.201 3.000 10.150 6.600 2.700 8.930 5.670 3.170 1.950 1.050 1.000 9999.999 9999.999 9999.999 0.000
355.505556 355.506250 994.200 9999.999 306.150 307.550 1.800 37.141 3.000 10.510 6.480 4.470 8.960 5.430 3.680 2.130 1.080 1.500 9999.999 9999.999 9999.999 0.000
355.506250 355.506944 994.200 9999.999 306.150 307.550 1.800 36.741 3.000 9.340 6.750 4.080 9.540 5.820 2.900 1.480 0.950 1.230 9999.999 9999.999 9999.999 0.000
355.506944 355.507639 994.300 9999.999 306.150 307.550 1.700 39.573 3.000 10.880 7.300 3.750 8.660 5.470 3.740 1.110 1.230 0.690 9999.999 9999.999 9999.999 0.000
355.507639 355.508333 994.400 9999.999 306.150 307.550 1.800 44.647 3.000 10.150 6.660 3.860 9.080 6.230 3.220 1.380 1.000 0.870 9999.999 9999.999 9999.999 0.000
355.508333 355.509028 994.400 9999.999 306.150 307.550 1.800 46.307 3.000 10.370 6.900 3.420 8.780 6.050 3.590 1.590 0.990 0.890 9999.999 9999.999 9999.999 0.000
355.509028 355.509722 994.400 9999.999 306.250 307.550 1.800 46.498 3.000 10.690 6.940 3.910 9.810 6.000 4.290 0.930 0.980 0.830 9999.999 9999.999 9999.999 0.000
355.509722 355.510417 994.400 9999.999 306.250 307.550 1.800 46.498 3.000 10.710 7.040 3.800 9.030 6.100 3.330 1.830 1.100 0.910 9999.999 9999.999 9999.999 0.000
355.510417 355.511111 994.400 9999.999 306.250 307.550 1.700 46.315 3.000 10.270 6.940 4.070 9.040 6.000 3.600 0.830 1.130 0.630 9999.999 9999.999 9999.999 0.000
355.511111 355.511806 994.400 9999.999 306.150 307.550 1.800 49.239 3.000 9.770 6.950 3.380 9.020 5.830 3.670 1.840 0.840 0.820 9999.999 9999.999 9999.999 0.000
355.511806 355.512500 994.400 9999.999 306.150 307.550 1.700 54.801 3.000 9.780 6.710 3.800 10.170 6.380 3.930 1.330 1.360 1.140 9999.999 9999.999 9999.999 0.000
355.512500 355.513194 994.500 9999.999 306.250 307.550 1.700 56.077 3.000 10.470 6.950 4.020 9.620 6.880 3.500 2.040 1.400 1.160 9999.999 9999.999 9999.999 0.000
355.513194 355.513889 994.500 9999.999 306.150 307.550 1.700 56.351 3.000 10.580 6.670 3.840 9.630 6.440 4.400 1.670 1.330 0.390 9999.999 9999.999 9999.999 0.000
355.513889 355.514583 994.600 9999.999 306.150 307.550 1.800 56.260 3.000 9.930 6.770 4.430 10.320 6.130 4.650 1.530 1.000 0.590 9999.999 9999.999 9999.999 0.000
355.514583 355.515278 994.600 9999.999 306.150 307.550 1.700 55.257 3.000 10.030 6.730 3.870 10.340 6.770 3.870 2.050 0.910 1.090 9999.999 9999.999 9999.999 0.000
355.515278 355.515972 994.600 9999.999 306.150 307.550 1.800 58.631 3.000 9.920 6.550 3.740 10.010 6.650 3.910 1.480 1.160 0.760 9999.999 9999.999 9999.999 0.000
355.515972 355.516667 994.600 9999.999 306.250 307.650 1.800 63.558 3.000 10.770 6.550 4.160 10.670 7.270 4.580 1.700 0.830 1.330 9999.999 9999.999 9999.999 0.000
355.516667 355.517361 994.600 9999.999 306.250 307.650 1.700 65.564 3.000 9.840 7.160 3.540 11.050 7.250 4.730 1.430 1.170 0.680 9999.999 9999.999 9999.999 0.000
355.517361 355.518056 994.600 9999.999 306.250 307.650 1.600 65.291 3.000 10.430 6.720 4.520 10.400 7.330 4.570 2.040 1.060 1.360 0.000 9999.999 9999.999 0.000
355.518056 355.518750 994.600 9999.999 306.250 307.650 1.800 64.379 3.000 9.940 7.220 3.930 11.070 7.530 4.280 1.950 1.050 1.200 9999.999 9999.999 9999.999 0.000
355.518750 355.519444 994.700 9999.999 306.250 307.650 1.800 65.291 3.000 10.650 7.140 4.330 10.510 7.300 4.830 2.000 1.470 0.840 9999.999 9999.999 9999.999 0.000
355.519444 355.520139 994.700 9999.999 306.250 307.650 1.800 66.385 3.000 10.100 6.640 3.760 11.630 7.710 4.970 1.740 1.130 0.900 9999.999 9999.999 9999.999 0.000
355.520139 355.520833 994.800 9999.999 306.150 307.650 1.800 68.880 3.000 10.290 6.750 3.720 11.310 7.950 4.730 1.440 1.130 0.390 9999.999 9999.999 9999.999 0.000
355.520833 355.521528 994.900 997.100 306.250 307.650 1.800 69.981 3.000 10.620 7.000 3.950 11.940 7.810 5.100 1.720 1.270 0.610 9999.999 9999.999 9999.999 0.000
355.521528 355.522222 994.900 9999.999 306.250 307.750 1.800 69.398 3.000 10.330 6.740 4.080 12.430 7.950 5.180 1.110 1.160 0.890 0.120 9999.999 9999.999 0.000
355.522222 355.522917 994.800 9999.999 306.150 307.650 1.700 70.664 3.000 9.930 6.850 4.030 11.910 8.250 5.110 1.450 1.270 0.830 9999.999 9999.999 9999.999 0.000
355.522917 355.523611 994.800 9999.999 306.250 307.750 1.800 68.884 3.000 9.870 6.840 3.900 11.810 7.890 4.490 1.900 0.820 0.920 9999.999 9999.999 9999.999 0.000
355.523611 355.524306 994.800 9999.999 306.250 307.750 1.700 69.801 3.000 10.190 6.650 3.970 11.950 7.930 4.600 2.020 1.150 0.970 9999.999 9999.999 9999.999 0.000
355.524306 355.525000 994.900 9999.999 306.250 307.750 1.800 73.066 3.000 10.690 6.760 3.630 12.620 8.600 5.320 1.470 0.890 0.790 9999.999 9999.999 9999.999 0.000
355.525000 355.525694 994.900 9999.999 306.250 307.850 1.700 74.362 3.000 9.430 6.610 3.900 12.610 8.530 5.730 1.450 1.250 0.750 9999.999 9999.999 9999.999 0.000
355.525694 355.526389 995.000 9999.999 306.250 307.850 1.700 74.454 3.000 9.890 6.520 4.680 12.180 8.800 5.700 1.500 0.990 0.610 9999.999 9999.999 9999.999 0.000
355.526389 355.527083 995.000 9999.999 306.250 307.750 1.800 74.232 3.000 9.640 6.900 3.760 12.860 8.540 5.690 1.730 1.050 1.120 0.030 9999.999 9999.999 0.000
355.527083 355.527778 995.100 9999.999 306.250 307.750 1.700 73.768 3.000 9.710 6.830 3.980 12.560 8.720 5.310 1.320 1.130 0.800 0.180 9999.999 9999.999 0.000
355.527778 355.528472 995.100 9999.999 306.250 307.750 1.700 75.903 3.000 10.200 7.180 4.070 12.880 9.090 5.600 1.560 1.150 1.030 9999.999 9999.999 9999.999 0.000
355.528472 355.529167 995.100 9999.999 306.250 307.850 1.700 78.505 3.000 10.550 6.500 4.210 13.640 9.680 6.220 1.790 1.010 1.030 0.160 9999.999 9999.999 0.000
355.529167 355.529861 995.200 9999.999 306.250 307.850 1.800 80.082 3.000 10.170 6.770 4.180 13.810 9.650 6.560 2.120 0.980 0.220 9999.999 9999.999 9999.999 0.000
355.529861 355.530556 995.200 9999.999 306.250 307.850 1.800 79.706 3.000 10.000 7.370 3.360 13.780 9.650 6.770 1.490 1.160 0.480 9999.999 9999.999 9999.999 0.000
355.530556 355.531250 995.200 9999.999 306.250 307.850 1.800 79.799 3.000 10.440 7.040 3.740 14.280 9.470 6.150 1.430 1.000 0.690 0.080 9999.999 9999.999 0.000
355.531250 355.531944 995.200 9999.999 306.250 307.850 1.800 79.979 3.000 9.800 6.870 4.130 14.500 10.020 6.200 1.350 0.970 0.430 9999.999 9999.999 9999.999 0.000
355.531944 355.532639 995.200 9999.999 306.250 307.950 1.800 80.270 3.000 10.210 6.720 3.940 13.530 9.880 6.280 1.540 0.950 1.000 9999.999 9999.999 9999.999 0.000
355.532639 355.533333 995.300 9999.999 306.250 307.950 1.800 83.550 3.000 10.840 7.010 4.300 15.580 10.890 6.570 1.380 1.070 0.710 0.130 9999.999 9999.999 0.000
355.533333 355.534028 995.300 9999.999 306.250 307.950 1.700 84.770 3.000 10.510 7.120 4.040 15.760 11.280 6.500 1.420 1.250 0.800 9999.999 9999.999 9999.999 0.000
355.534028 355.534722 995.400 9999.999 306.250 307.950 1.700 86.299 3.000 10.990 7.220 3.780 16.500 11.600 7.210 1.780 1.220 0.540 0.270 9999.999 9999.999 0.000
355.534722 355.535417 995.400 9999.999 306.250 307.950 1.700 86.299 3.000 10.240 7.170 4.010 16.740 11.800 7.520 1.960 1.160 0.850 0.300 9999.999 9999.999 0.000
355.535417 355.536111 995.400 9999.999 306.250 307.950 1.700 86.771 3.000 10.140 6.920 3.920 17.000 11.910 7.920 1.450 1.080 1.040 0.120 0.030 9999.999 0.000
355.536111 355.536806 995.400 9999.999 306.250 307.950 1.900 87.621 3.000 10.230 7.170 4.100 17.520 12.070 7.730 1.730 1.300 1.080 0.440 9999.999 9999.999 0.000
355.536806 355.537500 995.400 9999.999 306.250 307.950 1.800 90.596 3.000 10.130 7.030 3.790 19.160 13.280 8.120 1.460 1.180 0.800 0.240 9999.999 9999.999 0.000
355.537500 355.538194 995.400 9999.999 306.250 308.050 1.900 90.979 3.000 10.310 6.970 4.130 18.930 13.540 8.530 2.030 0.960 0.820 0.560 9999.999 9999.999 0.000
355.538194 355.538889 995.400 9999.999 306.250 308.050 1.900 90.219 3.000 10.370 6.980 4.450 19.870 14.140 8.530 1.630 1.220 0.810 0.420 9999.999 9999.999 0.000
355.538889 355.539583 995.400 9999.999 306.350 308.050 1.900 90.740 3.000 11.510 7.670 4.720 20.640 14.680 9.390 1.590 1.370 0.940 0.330 0.150 9999.999 0.000
355.539583 355.540278 995.200 9999.999 306.350 308.150 1.900 91.029 3.000 11.470 8.020 4.350 22.400 15.340 9.850 2.170 1.310 0.670 0.430 0.060 9999.999 0.000
355.540278 355.540972 994.200 9999.999 306.350 308.350 1.700 83.470 3.000 11.440 7.490 3.290 27.610 15.500 8.130 5.190 2.620 1.300 2.390 1.460 0.890 0.000
355.544444 355.545139 992.000 9999.999 305.950 307.350 1.900 38.282 3.000 11.650 7.570 4.540 10.540 6.770 4.180 1.750 1.370 0.730 9999.999 9999.999 9999.999 0.000
355.545139 355.545833 994.500 9999.999 306.050 307.450 2.000 41.351 3.000 11.810 8.030 4.930 10.670 7.000 4.480 1.970 1.520 0.990 9999.999 9999.999 9999.999 0.000
355.545833 355.546528 994.600 9999.999 306.150 307.550 1.900 41.821 3.000 10.820 7.690 4.500 10.390 6.770 4.070 1.510 1.590 0.910 9999.999 9999.999 9999.999 0.000
355.546528 355.547222 995.000 9999.999 306.150 307.550 1.800 43.049 3.000 12.630 8.050 4.000 9.960 6.490 3.640 2.530 1.410 0.560 9999.999 9999.999 9999.999 0.000
355.547222 355.547917 995.000 9999.999 306.150 307.650 2.000 39.849 3.000 11.370 7.840 4.360 10.550 6.610 3.160 1.740 1.370 0.960 9999.999 9999.999 9999.999 0.000
355.547917 355.548611 995.000 9999.999 306.250 307.550 1.900 37.888 3.000 12.240 7.960 4.800 10.400 6.960 3.980 1.900 1.600 0.910 9999.999 9999.999 9999.999 0.000
355.548611 355.549306 994.900 9999.999 306.250 307.550 1.900 40.267 3.000 12.880 8.120 5.080 10.450 7.000 4.350 1.960 1.550 1.040 9999.999 9999.999 9999.999 0.000
355.549306 355.550000 995.000 9999.999 306.250 307.550 1.900 45.092 3.000 12.440 8.070 4.450 10.480 7.110 4.380 2.480 1.580 0.530 9999.999 9999.999 9999.999 0.000
355.550000 355.550694 995.000 9999.999 306.150 307.550 1.900 46.215 3.000 11.390 8.160 4.950 10.770 7.370 4.240 1.850 1.520 1.040 9999.999 9999.999 9999.999 0.000
355.550694 355.551389 995.100 9999.999 306.150 307.550 1.800 46.584 3.000 10.810 7.800 4.930 11.010 6.830 3.720 1.990 1.500 1.020 9999.999 9999.999 9999.999 0.000
355.551389 355.552083 995.100 9999.999 306.150 307.550 1.900 46.407 3.000 11.670 7.660 4.450 10.650 7.080 4.180 1.870 1.380 0.710 9999.999 9999.999 9999.999 0.000
355.552083 355.552778 995.100 9999.999 306.150 307.550 1.900 46.132 3.000 11.680 7.870 4.800 10.080 7.180 4.530 2.110 1.700 0.860 9999.999 9999.999 9999.999 0.000
355.552778 355.553472 995.100 9999.999 306.150 307.550 1.900 49.239 3.000 12.170 7.980 4.480 10.970 7.330 4.330 1.840 1.470 0.780 9999.999 9999.999 9999.999 0.000
355.553472 355.554167 995.100 9999.999 306.150 307.550 2.000 54.661 3.000 12.190 8.090 4.280 11.530 7.850 4.640 1.980 1.430 1.180 9999.999 9999.999 9999.999 0.000
355.554167 355.554861 995.100 9999.999 306.150 307.650 2.000 55.898 3.000 11.730 8.490 4.710 11.990 8.200 4.100 2.110 1.340 1.070 9999.999 9999.999 9999.999 0.000
355.554861 355.555556 995.000 9999.999 306.250 307.550 1.900 56.403 3.000 11.910 8.350 5.040 12.340 8.610 5.360 2.600 1.400 0.290 0.130 9999.999 9999.999 0.000
355.555556 355.556250 995.000 9999.999 306.150 307.550 2.000 56.495 3.000 11.960 8.790 4.760 12.770 8.790 5.280 1.870 1.380 0.890 0.030 9999.999 9999.999 0.000
355.556250 355.556944 995.000 9999.999 306.250 307.550 2.000 55.713 3.000 12.830 8.550 4.540 12.630 8.180 5.200 1.830 1.570 0.910 0.000 9999.999 9999.999 0.000
355.556944 355.557639 995.000 9999.999 306.250 307.550 2.000 58.357 3.000 13.210 8.840 5.380 12.760 8.690 5.420 1.760 1.600 0.860 0.110 9999.999 9999.999 0.000
355.557639 355.558333 995.000 9999.999 306.150 307.550 2.000 63.832 3.000 12.780 8.660 5.240 13.230 8.880 5.570 1.930 1.490 1.270 9999.999 9999.999 9999.999 0.000
355.558333 355.559028 995.100 9999.999 306.150 307.650 2.000 66.112 3.000 12.660 8.490 5.070 13.910 9.800 5.090 2.490 1.500 0.910 0.380 9999.999 9999.999 0.000
355.559028 355.559722 995.100 9999.999 306.250 307.650 1.900 65.656 3.000 12.770 8.390 4.360 14.060 9.210 5.900 1.490 1.550 0.880 0.430 9999.999 9999.999 0.000
355.559722 355.560417 995.000 9999.999 306.150 307.650 2.000 64.744 3.000 12.600 8.430 4.910 13.650 9.140 5.520 1.770 1.530 0.890 0.190 9999.999 9999.999 0.000
355.560417 355.561111 995.000 9999.999 306.150 307.650 1.900 65.028 3.000 12.360 8.110 4.650 13.220 9.090 5.060 1.940 1.350 1.340 0.170 9999.999 9999.999 0.000
355.561111 355.561806 995.000 9999.999 306.250 307.650 2.000 67.046 3.000 12.070 8.190 4.650 13.720 9.280 5.800 1.750 1.620 0.810 9999.999 9999.999 9999.999 0.000
355.561806 355.562500 995.100 9999.999 306.250 307.750 2.000 69.581 3.000 12.100 8.170 4.940 13.750 9.440 5.690 2.060 1.530 0.770 0.050 9999.999 9999.999 0.000
355.562500 355.563194 995.100 997.300 306.250 307.750 2.000 69.710 3.000 11.240 8.060 4.350 13.980 9.290 5.710 2.480 1.550 1.190 9999.999 9999.999 9999.999 0.000
355.563194 355.563889 995.100 997.300 306.150 307.650 2.000 70.480 3.000 12.620 8.170 4.260 13.670 9.370 6.090 2.670 1.310 0.230 9999.999 9999.999 0.050 0.000
355.563889 355.564583 995.100 997.300 306.250 307.650 2.000 70.295 3.000 11.610 7.820 4.660 14.160 9.510 5.560 2.430 1.540 0.680 0.120 9999.999 9999.999 0.000
355.564583 355.565278 995.100 997.300 306.150 307.650 1.900 69.096 3.000 11.580 8.030 4.850 14.000 9.270 5.460 2.030 1.510 0.870 0.020 9999.999 9999.999 0.000
355.565278 355.565972 995.100 997.300 306.150 307.650 2.000 69.926 3.000 12.000 8.000 4.600 13.970 9.850 5.570 1.730 1.480 1.090 9999.999 9999.999 9999.999 0.000
355.565972 355.566667 995.200 997.300 306.150 307.750 1.900 73.159 3.000 12.170 7.740 4.180 14.370 9.830 6.070 1.900 1.540 0.980 0.370 9999.999 9999.999 0.000
355.566667 355.567361 995.200 997.300 306.250 307.750 1.900 74.358 3.000 11.480 8.180 4.800 14.430 10.210 6.080 2.100 1.260 0.950 0.090 9999.999 9999.999 0.000
355.567361 355.568056 995.200 997.300 306.150 307.750 1.900 73.989 3.000 10.930 8.150 4.920 14.500 9.880 5.710 1.310 1.730 0.470 0.480 9999.999 9999.999 0.000
355.568056 355.568750 995.200 997.300 306.150 307.750 1.900 74.882 3.000 11.270 8.270 4.110 14.850 10.010 5.760 1.920 1.360 0.280 0.090 9999.999 9999.999 0.000
355.568750 355.569444 995.200 997.300 306.250 307.850 2.000 73.716 3.000 10.820 7.820 4.860 14.500 10.170 5.910 1.920 1.380 0.590 0.000 9999.999 9999.999 0.000
355.569444 355.570139 995.200 997.300 306.250 307.850 1.900 75.008 3.000 10.920 7.830 4.210 14.290 9.820 6.170 1.850 1.470 0.660 0.180 9999.999 9999.999 0.000
355.570139 355.570833 995.200 997.300 306.250 307.850 1.900 78.041 3.000 10.990 7.890 4.620 15.560 10.530 6.290 2.170 1.360 0.990 0.170 9999.999 9999.999 0.000
355.570833 355.571528 995.100 997.300 306.250 307.850 1.900 79.433 3.000 11.080 7.940 4.300 15.780 11.220 7.150 1.950 1.410 0.470 0.300 9999.999 9999.999 0.000
355.571528 355.572222 995.200 997.300 306.250 307.850 2.000 80.639 3.000 11.020 7.490 4.370 15.560 11.160 6.810 1.790 1.180 0.130 0.160 9999.999 9999.999 0.000
