PGH/IN0003R.20110101000000.20190603000000.nephelometer.aerosol_light_scattering_coefficient.pm1.1y.1h.TSI_3563_PGH_ref_TSI_3563_PGH_wet..lev2.nas
118 1001 
Andrews, Elisabeth; Jefferson, Anne; Burgos, Maria A.  
US06L, National Oceanic and Atmospheric Administration , NOAA/ESRL/GMD,  "Earth System Research Laboratory, Global Monitoring Division", 325 Broadway, , CO 80305-3, Boulder, U.S.A. 
Burgos, Maria A. 
CAMPAIGN 
1 1 
2011 01 01 2019 06 03 
0.041667 
Days from the file reference point (start_time) 
50 
1 1 1 1 1 1 1 1 1 1 1 1 1 1 1 1 1 1 1 1 1 1 1 1 1 1 1 1 1 1 1 1 1 1 1 1 1 1 1 1 1 1 1 1 1 1 1 1 1 1  
9999.999999 9999.999 9999.999 9999.999 9999.999 9999.999 9999.999 9999.999 9999.999 9999.999 9999.999 9999.999 9999.999 9999.999 9999.999 9999.999 9999.999 9999.999 9999.999 9999.999 9999.999 9999.999 9999.999 9999.999 9999.999 9999.999 9999.999 9999.999 9999.999 9999.999 9999.999 9999.999 9999.999 9999.999 9999.999 9999.999 9999.999 9999.999 9999.999 9999.999 9999.999 9999.999 9999.999 999.999 999.999 999.999 999.999 999.999 999.999 9.999 
end_time of measurement, days from the file reference point 
aerosol_light_scattering_coefficient, 1/Mm, Wavelength=450nm, Matrix=pm1_humidified, RH=30% 
aerosol_light_scattering_coefficient, 1/Mm, Wavelength=450nm, Matrix=pm1_humidified, RH=35% 
aerosol_light_scattering_coefficient, 1/Mm, Wavelength=450nm, Matrix=pm1_humidified, RH=40% 
aerosol_light_scattering_coefficient, 1/Mm, Wavelength=450nm, Matrix=pm1_humidified, RH=45% 
aerosol_light_scattering_coefficient, 1/Mm, Wavelength=450nm, Matrix=pm1_humidified, RH=50% 
aerosol_light_scattering_coefficient, 1/Mm, Wavelength=450nm, Matrix=pm1_humidified, RH=55% 
aerosol_light_scattering_coefficient, 1/Mm, Wavelength=450nm, Matrix=pm1_humidified, RH=60% 
aerosol_light_scattering_coefficient, 1/Mm, Wavelength=450nm, Matrix=pm1_humidified, RH=65% 
aerosol_light_scattering_coefficient, 1/Mm, Wavelength=450nm, Matrix=pm1_humidified, RH=70% 
aerosol_light_scattering_coefficient, 1/Mm, Wavelength=450nm, Matrix=pm1_humidified, RH=75% 
aerosol_light_scattering_coefficient, 1/Mm, Wavelength=450nm, Matrix=pm1_humidified, RH=80% 
aerosol_light_scattering_coefficient, 1/Mm, Wavelength=450nm, Matrix=pm1_humidified, RH=85% 
aerosol_light_scattering_coefficient, 1/Mm, Wavelength=450nm, Matrix=pm1_humidified, RH=90% 
aerosol_light_scattering_coefficient, 1/Mm, Wavelength=450nm, Matrix=pm1_humidified, RH=95% 
aerosol_light_scattering_coefficient, 1/Mm, Wavelength=550nm, Matrix=pm1_humidified, RH=30% 
aerosol_light_scattering_coefficient, 1/Mm, Wavelength=550nm, Matrix=pm1_humidified, RH=35% 
aerosol_light_scattering_coefficient, 1/Mm, Wavelength=550nm, Matrix=pm1_humidified, RH=40% 
aerosol_light_scattering_coefficient, 1/Mm, Wavelength=550nm, Matrix=pm1_humidified, RH=45% 
aerosol_light_scattering_coefficient, 1/Mm, Wavelength=550nm, Matrix=pm1_humidified, RH=50% 
aerosol_light_scattering_coefficient, 1/Mm, Wavelength=550nm, Matrix=pm1_humidified, RH=55% 
aerosol_light_scattering_coefficient, 1/Mm, Wavelength=550nm, Matrix=pm1_humidified, RH=60% 
aerosol_light_scattering_coefficient, 1/Mm, Wavelength=550nm, Matrix=pm1_humidified, RH=65% 
aerosol_light_scattering_coefficient, 1/Mm, Wavelength=550nm, Matrix=pm1_humidified, RH=70% 
aerosol_light_scattering_coefficient, 1/Mm, Wavelength=550nm, Matrix=pm1_humidified, RH=75% 
aerosol_light_scattering_coefficient, 1/Mm, Wavelength=550nm, Matrix=pm1_humidified, RH=80% 
[...]
Version:                      1 
Version description:          interpolated scattering coefficients, calculated scattering enhancement factors as described in Burgos et al., 2018 
Height AGL:                   10m 
Inlet type:                   Hat or hood 
Inlet description:            Heated, stainless steel, see full description in Delene and Ogren, J. Atmos. Sci, 2002. 
Humidity/temperature control: Humidification 
Humidity/temperature control description: humidogram 
Volume std. temperature:       273.15 K 
Volume std. pressure:         1013.25 hPa 
Detection limit:              0.5 1/Mm 
Detection limit expl.:        Determined by instrument counting statistics, no detection limit flag used 
Measurement uncertainty expl.: Uncertainty analysis described in Burgos et al., 2019 
Zero/negative values code:    zero/negative possible 
Zero/negative values:         zero and neg. values may appear due to statistical variations at very low concentrations  
Standard method:              cal-gas=CO2+AIR_truncation-correction=Anderson1998 
Acknowledgement:              Request acknowledgement details from data originator 
start_time end_time scat_30_B scat_35_B scat_40_B scat_45_B scat_50_B scat_55_B scat_60_B scat_65_B scat_70_B scat_75_B scat_80_B scat_85_B scat_90_B scat_95_B scat_30_G scat_35_G scat_40_G scat_45_G scat_50_G scat_55_G scat_60_G scat_65_G scat_70_G scat_75_G scat_80_G scat_85_G scat_90_G scat_95_G scat_30_R scat_35_R scat_40_R scat_45_R scat_50_R scat_55_R scat_60_R scat_65_R scat_70_R scat_75_R scat_80_R scat_85_R scat_90_R scat_95_R f85dry_B f8540_B f85dry_G f8540_G f85dry_R f8540_R numflag 
[from data line 4080]
329.479167 329.520833 -999.999 247.601 251.310 294.097 355.615 268.651 261.929 322.629 299.568 -999.999 -999.999 -999.999 -999.999 -999.999 -999.999 204.862 208.599 238.616 300.917 219.076 215.184 267.666 245.328 -999.999 -999.999 -999.999 -999.999 -999.999 -999.999 169.572 176.178 202.287 251.873 185.921 182.471 224.187 210.050 -999.999 -999.999 -999.999 -999.999 -999.999 -999.999 -999.999 -999.999 -999.999 -999.999 -999.999 0.000
329.520833 329.562500 -999.999 417.352 373.993 251.222 252.808 259.056 266.162 280.200 267.707 287.431 -999.999 -999.999 -999.999 -999.999 -999.999 343.490 306.697 207.649 208.011 212.632 217.947 228.363 221.541 236.907 -999.999 -999.999 -999.999 -999.999 -999.999 266.446 245.553 174.274 173.068 177.433 185.903 196.857 193.882 204.563 -999.999 -999.999 -999.999 -999.999 -999.999 -999.999 -999.999 -999.999 -999.999 -999.999 0.000
329.562500 329.604167 -999.999 -999.999 -999.999 -999.999 -999.999 -999.999 -999.999 -999.999 -999.999 -999.999 -999.999 -999.999 -999.999 -999.999 -999.999 -999.999 -999.999 -999.999 -999.999 -999.999 -999.999 -999.999 -999.999 -999.999 -999.999 -999.999 -999.999 -999.999 -999.999 -999.999 -999.999 -999.999 -999.999 -999.999 -999.999 -999.999 -999.999 -999.999 -999.999 -999.999 -999.999 -999.999 -999.999 -999.999 -999.999 -999.999 -999.999 -999.999 0.000
329.604167 329.645833 -999.999 172.507 172.150 170.872 168.590 165.449 164.285 179.684 190.771 -999.999 -999.999 -999.999 -999.999 -999.999 -999.999 136.128 136.034 135.993 132.816 130.972 127.723 138.749 150.001 -999.999 -999.999 -999.999 -999.999 -999.999 -999.999 116.478 117.370 117.316 115.491 113.052 113.060 123.332 134.787 -999.999 -999.999 -999.999 -999.999 -999.999 -999.999 -999.999 -999.999 -999.999 -999.999 -999.999 0.000
329.645833 329.687500 122.176 155.422 167.372 100.582 109.146 190.440 212.345 220.436 218.113 -999.999 -999.999 -999.999 -999.999 -999.999 95.862 124.406 132.921 77.176 85.143 151.802 168.785 179.642 173.657 -999.999 -999.999 -999.999 -999.999 -999.999 82.130 105.385 112.780 72.129 78.131 130.650 146.408 153.154 156.504 -999.999 -999.999 -999.999 -999.999 -999.999 -999.999 1.975 -999.999 2.011 -999.999 -999.999 0.000
329.687500 329.729167 68.951 68.567 70.731 77.996 93.057 82.387 85.397 95.479 99.337 -999.999 -999.999 -999.999 -999.999 -999.999 49.870 49.776 53.072 58.202 70.475 61.726 62.884 69.158 71.883 -999.999 -999.999 -999.999 -999.999 -999.999 49.556 48.839 50.406 55.737 65.600 59.870 62.143 69.001 74.334 -999.999 -999.999 -999.999 -999.999 -999.999 -999.999 -999.999 -999.999 -999.999 -999.999 -999.999 0.000
329.729167 329.770833 120.053 118.596 134.543 131.907 125.829 122.308 139.773 121.744 110.890 -999.999 -999.999 -999.999 -999.999 -999.999 92.121 92.637 105.981 104.306 96.876 94.603 106.346 91.940 80.666 -999.999 -999.999 -999.999 -999.999 -999.999 79.164 80.832 92.230 91.236 84.339 84.074 97.353 86.951 81.642 -999.999 -999.999 -999.999 -999.999 -999.999 -999.999 -999.999 -999.999 -999.999 -999.999 -999.999 0.000
329.770833 329.812500 107.524 114.819 111.750 111.360 107.817 106.601 104.532 119.071 82.677 -999.999 -999.999 -999.999 -999.999 -999.999 82.419 88.037 85.933 86.428 83.238 80.268 77.183 88.697 59.086 -999.999 -999.999 -999.999 -999.999 -999.999 72.900 75.420 74.413 77.877 74.081 72.532 71.812 84.128 61.880 -999.999 -999.999 -999.999 -999.999 -999.999 -999.999 -999.999 -999.999 -999.999 -999.999 -999.999 0.000
329.812500 329.854167 -999.999 130.703 127.144 129.528 127.237 120.571 121.813 130.243 118.264 -999.999 -999.999 -999.999 -999.999 -999.999 -999.999 102.641 98.333 99.684 96.805 88.983 89.983 97.138 87.558 -999.999 -999.999 -999.999 -999.999 -999.999 -999.999 87.933 83.201 84.754 84.464 80.991 82.781 90.672 84.464 -999.999 -999.999 -999.999 -999.999 -999.999 1.166 -999.999 -999.999 -999.999 -999.999 -999.999 0.000
329.854167 329.895833 -999.999 124.764 153.491 159.120 -999.999 -999.999 -999.999 -999.999 -999.999 -999.999 -999.999 -999.999 -999.999 -999.999 -999.999 96.692 121.845 127.193 -999.999 -999.999 -999.999 -999.999 -999.999 -999.999 -999.999 -999.999 -999.999 -999.999 -999.999 84.834 104.416 107.172 -999.999 -999.999 -999.999 -999.999 -999.999 -999.999 -999.999 -999.999 -999.999 -999.999 -999.999 -999.999 -999.999 -999.999 -999.999 -999.999 0.000
329.895833 329.937500 -999.999 149.067 146.717 143.769 137.669 132.180 136.656 134.039 118.689 -999.999 -999.999 -999.999 -999.999 -999.999 -999.999 116.751 115.825 113.680 108.980 102.028 104.814 100.720 88.237 -999.999 -999.999 -999.999 -999.999 -999.999 -999.999 98.856 97.174 95.275 92.852 89.041 93.797 90.940 86.551 -999.999 -999.999 -999.999 -999.999 -999.999 -999.999 -999.999 -999.999 -999.999 -999.999 -999.999 0.000
329.937500 329.979167 -999.999 114.213 126.008 122.754 125.032 136.025 143.512 128.568 133.711 -999.999 -999.999 -999.999 -999.999 -999.999 -999.999 86.317 97.667 94.615 97.759 106.719 109.151 94.125 101.884 -999.999 -999.999 -999.999 -999.999 -999.999 -999.999 74.482 82.236 78.524 83.609 90.916 97.565 82.938 93.756 -999.999 -999.999 -999.999 -999.999 -999.999 -999.999 1.384 -999.999 1.335 -999.999 -999.999 0.000
329.979167 330.020833 92.649 90.438 90.858 90.682 90.281 90.461 91.312 89.709 91.480 -999.999 -999.999 -999.999 -999.999 -999.999 68.577 67.669 67.638 66.031 65.662 64.365 64.519 63.988 64.638 -999.999 -999.999 -999.999 -999.999 -999.999 59.973 58.192 58.733 58.975 58.381 59.562 60.078 63.085 64.776 -999.999 -999.999 -999.999 -999.999 -999.999 1.133 -999.999 -999.999 -999.999 -999.999 -999.999 0.000
330.020833 330.062500 -999.999 100.873 94.188 92.092 91.559 90.938 93.825 96.614 97.086 -999.999 -999.999 -999.999 -999.999 -999.999 -999.999 75.344 70.559 68.432 67.966 67.735 66.904 67.446 69.058 -999.999 -999.999 -999.999 -999.999 -999.999 -999.999 65.787 61.934 61.425 58.541 60.730 63.565 65.342 69.670 -999.999 -999.999 -999.999 -999.999 -999.999 1.122 -999.999 -999.999 -999.999 -999.999 -999.999 0.000
330.062500 330.104167 -999.999 92.343 91.492 91.208 91.687 97.049 98.095 97.313 99.634 -999.999 -999.999 -999.999 -999.999 -999.999 -999.999 67.024 68.224 68.323 67.243 69.341 70.329 71.397 70.011 -999.999 -999.999 -999.999 -999.999 -999.999 -999.999 60.350 60.098 59.529 59.610 64.954 64.416 65.707 68.702 -999.999 -999.999 -999.999 -999.999 -999.999 1.140 1.148 1.051 -999.999 -999.999 -999.999 0.000
330.104167 330.145833 -999.999 121.722 123.166 127.691 127.901 127.452 126.703 117.513 123.492 -999.999 -999.999 -999.999 -999.999 -999.999 -999.999 91.722 91.726 97.346 97.019 95.932 95.143 85.289 91.657 -999.999 -999.999 -999.999 -999.999 -999.999 -999.999 78.567 77.714 79.181 82.160 82.623 81.997 77.183 82.337 -999.999 -999.999 -999.999 -999.999 -999.999 -999.999 -999.999 -999.999 -999.999 -999.999 -999.999 0.000
330.145833 330.187500 -999.999 136.945 139.241 142.284 143.565 140.316 124.922 120.671 115.954 -999.999 -999.999 -999.999 -999.999 -999.999 -999.999 106.025 109.342 109.569 111.740 107.477 91.621 88.318 83.682 -999.999 -999.999 -999.999 -999.999 -999.999 -999.999 89.457 93.245 90.627 94.180 91.774 82.550 81.202 79.131 -999.999 -999.999 -999.999 -999.999 -999.999 1.174 -999.999 -999.999 -999.999 -999.999 -999.999 0.000
330.187500 330.229167 -999.999 161.852 164.392 161.194 162.145 169.212 176.270 177.269 175.563 -999.999 -999.999 -999.999 -999.999 -999.999 -999.999 126.824 130.151 127.233 127.037 132.591 136.193 138.507 135.086 -999.999 -999.999 -999.999 -999.999 -999.999 -999.999 104.285 107.737 103.576 106.124 112.787 118.628 122.486 123.635 -999.999 -999.999 -999.999 -999.999 -999.999 1.168 1.199 1.143 1.181 -999.999 -999.999 0.000
330.229167 330.270833 181.133 184.768 180.805 179.858 184.409 185.199 181.887 185.412 191.578 -999.999 -999.999 -999.999 -999.999 -999.999 146.792 146.274 144.588 144.235 149.773 146.075 143.494 147.125 150.504 -999.999 -999.999 -999.999 -999.999 -999.999 118.679 120.958 118.402 120.193 126.920 124.199 126.971 128.979 132.725 -999.999 -999.999 -999.999 -999.999 -999.999 1.177 1.130 1.159 -999.999 -999.999 -999.999 0.000
330.270833 330.312500 -999.999 370.147 362.781 363.883 362.254 368.422 373.606 368.184 381.769 367.672 -999.999 -999.999 -999.999 -999.999 -999.999 314.363 308.405 307.956 307.151 310.922 314.929 307.018 320.418 310.165 -999.999 -999.999 -999.999 -999.999 -999.999 256.743 251.600 254.462 254.557 255.303 261.176 258.693 272.418 262.816 -999.999 -999.999 -999.999 -999.999 1.357 -999.999 1.398 -999.999 -999.999 -999.999 0.000
330.312500 330.354167 -999.999 443.913 442.904 443.516 444.504 446.515 451.415 470.563 494.258 485.223 -999.999 -999.999 -999.999 -999.999 -999.999 375.723 379.910 375.781 375.956 382.666 386.686 399.451 425.121 413.693 -999.999 -999.999 -999.999 -999.999 -999.999 315.178 305.586 310.195 312.168 311.901 320.987 334.167 364.969 358.692 -999.999 -999.999 -999.999 -999.999 1.353 1.229 1.395 1.244 -999.999 -999.999 0.000
330.354167 330.395833 -999.999 434.321 438.776 442.377 447.556 461.470 473.268 497.356 535.794 604.548 -999.999 -999.999 -999.999 -999.999 -999.999 369.729 371.752 377.754 381.413 393.416 402.904 425.582 461.008 521.716 -999.999 -999.999 -999.999 -999.999 -999.999 298.965 302.118 307.022 315.752 325.165 333.992 361.067 385.644 444.280 -999.999 -999.999 -999.999 -999.999 1.385 1.547 1.445 1.603 -999.999 -999.999 0.000
330.395833 330.437500 383.764 380.281 383.658 386.083 384.552 394.456 408.741 430.413 461.593 525.088 -999.999 -999.999 -999.999 -999.999 319.363 319.458 324.175 322.279 328.428 330.534 347.609 365.071 391.418 449.360 -999.999 -999.999 -999.999 -999.999 262.171 263.327 265.486 267.118 270.087 275.171 290.266 303.693 331.942 393.541 -999.999 -999.999 -999.999 -999.999 1.371 1.496 1.410 1.539 -999.999 -999.999 0.000
330.437500 330.479167 319.234 344.139 369.312 363.787 376.498 379.308 386.240 387.550 418.710 -999.999 -999.999 -999.999 -999.999 -999.999 265.808 287.609 310.081 307.038 316.946 320.007 322.624 324.582 357.784 -999.999 -999.999 -999.999 -999.999 -999.999 214.150 237.335 256.082 251.906 262.141 265.767 271.768 277.938 300.746 -999.999 -999.999 -999.999 -999.999 -999.999 1.331 1.492 1.350 1.519 -999.999 -999.999 0.000
330.479167 330.520833 284.263 264.054 292.120 320.811 302.918 330.456 282.455 265.316 338.473 -999.999 -999.999 -999.999 -999.999 -999.999 236.031 218.780 242.152 269.101 252.502 278.333 236.225 218.857 283.037 -999.999 -999.999 -999.999 -999.999 -999.999 194.800 185.224 204.912 222.052 210.808 228.575 202.619 189.916 245.469 -999.999 -999.999 -999.999 -999.999 -999.999 1.335 1.505 1.349 1.545 -999.999 -999.999 0.000
330.520833 330.562500 324.517 410.241 411.743 364.296 331.003 363.514 370.298 348.082 318.540 -999.999 -999.999 -999.999 -999.999 -999.999 269.276 338.379 339.985 301.439 277.698 304.541 309.272 288.095 263.944 -999.999 -999.999 -999.999 -999.999 -999.999 217.911 274.593 275.161 248.467 227.077 250.048 252.419 244.638 228.378 -999.999 -999.999 -999.999 -999.999 -999.999 -999.999 -999.999 -999.999 -999.999 -999.999 -999.999 0.000
330.562500 330.604167 382.625 377.843 389.511 383.751 354.038 345.227 353.343 352.034 390.667 -999.999 -999.999 -999.999 -999.999 -999.999 313.191 315.079 321.025 316.858 294.484 286.121 291.160 290.882 324.606 -999.999 -999.999 -999.999 -999.999 -999.999 251.562 254.566 257.931 259.198 239.249 242.184 242.046 244.828 271.963 -999.999 -999.999 -999.999 -999.999 -999.999 -999.999 -999.999 -999.999 -999.999 -999.999 -999.999 0.000
330.604167 330.645833 158.383 191.176 208.456 214.780 218.121 223.428 232.935 241.902 256.505 -999.999 -999.999 -999.999 -999.999 -999.999 125.440 155.169 168.134 174.746 178.353 180.179 187.412 198.163 208.775 -999.999 -999.999 -999.999 -999.999 -999.999 105.447 130.161 142.435 147.028 151.151 153.053 161.578 172.414 184.613 -999.999 -999.999 -999.999 -999.999 -999.999 -999.999 1.619 -999.999 1.644 -999.999 -999.999 0.000
330.645833 330.687500 183.325 189.382 192.872 206.865 218.033 215.165 190.200 209.564 250.366 -999.999 -999.999 -999.999 -999.999 -999.999 144.011 150.646 158.383 166.989 174.357 173.014 149.844 166.847 202.233 -999.999 -999.999 -999.999 -999.999 -999.999 122.136 127.927 134.228 140.170 148.642 146.050 130.017 147.932 177.382 -999.999 -999.999 -999.999 -999.999 -999.999 -999.999 1.398 -999.999 1.370 -999.999 -999.999 0.000
330.687500 330.729167 127.417 132.227 134.903 123.753 127.191 114.567 113.755 116.059 135.730 -999.999 -999.999 -999.999 -999.999 -999.999 98.282 103.303 108.478 96.593 99.135 86.066 84.589 85.648 102.805 -999.999 -999.999 -999.999 -999.999 -999.999 87.502 92.412 98.928 85.702 88.199 78.839 79.961 83.335 98.067 -999.999 -999.999 -999.999 -999.999 -999.999 -999.999 -999.999 -999.999 -999.999 -999.999 -999.999 0.000
330.729167 330.770833 58.504 53.992 56.610 89.601 112.510 108.726 117.177 115.890 117.788 -999.999 -999.999 -999.999 -999.999 -999.999 42.024 38.654 40.437 68.074 86.156 81.909 86.619 86.365 88.107 -999.999 -999.999 -999.999 -999.999 -999.999 42.777 41.177 42.351 63.571 77.515 76.840 80.375 84.439 88.208 -999.999 -999.999 -999.999 -999.999 -999.999 -999.999 3.824 -999.999 4.240 -999.999 -999.999 0.000
330.770833 330.812500 58.281 61.883 63.111 64.077 64.519 61.030 63.797 65.362 73.087 -999.999 -999.999 -999.999 -999.999 -999.999 40.231 43.705 46.093 45.936 45.054 41.939 44.080 42.794 48.818 -999.999 -999.999 -999.999 -999.999 -999.999 41.867 43.018 45.926 46.061 47.750 45.174 48.430 51.916 57.334 -999.999 -999.999 -999.999 -999.999 -999.999 -999.999 1.440 -999.999 1.290 -999.999 -999.999 0.000
330.812500 330.854167 58.489 57.533 56.963 57.872 60.165 59.391 61.144 59.958 57.593 -999.999 -999.999 -999.999 -999.999 -999.999 41.017 40.613 40.098 40.276 41.109 40.313 40.398 38.002 34.408 -999.999 -999.999 -999.999 -999.999 -999.999 40.138 39.911 41.977 41.190 41.128 45.919 43.600 46.084 44.208 -999.999 -999.999 -999.999 -999.999 -999.999 1.193 -999.999 -999.999 -999.999 -999.999 -999.999 0.000
330.854167 330.895833 51.093 52.138 52.099 51.950 52.448 52.739 53.855 55.115 55.055 -999.999 -999.999 -999.999 -999.999 -999.999 36.083 35.623 36.142 35.744 35.444 35.110 34.999 35.347 33.767 -999.999 -999.999 -999.999 -999.999 -999.999 37.968 37.454 37.609 36.029 39.044 39.710 42.775 44.798 44.508 -999.999 -999.999 -999.999 -999.999 -999.999 1.165 1.230 -999.999 -999.999 -999.999 -999.999 0.000
330.895833 330.937500 50.799 51.118 51.073 53.206 52.615 54.085 54.402 54.890 56.555 -999.999 -999.999 -999.999 -999.999 -999.999 33.921 35.448 35.380 35.084 34.870 33.722 35.977 35.196 35.619 -999.999 -999.999 -999.999 -999.999 -999.999 35.578 35.825 37.557 37.558 39.087 39.375 43.202 42.418 45.391 -999.999 -999.999 -999.999 -999.999 -999.999 1.184 1.203 -999.999 -999.999 -999.999 -999.999 0.000
330.937500 330.979167 34.811 33.164 35.633 35.690 39.426 40.011 42.818 44.493 48.646 -999.999 -999.999 -999.999 -999.999 -999.999 21.261 21.387 22.963 21.836 23.506 22.976 24.900 25.548 27.566 -999.999 -999.999 -999.999 -999.999 -999.999 26.124 26.865 27.395 26.818 29.369 29.000 32.194 35.830 39.255 -999.999 -999.999 -999.999 -999.999 -999.999 -999.999 1.645 -999.999 1.337 -999.999 -999.999 0.000
330.979167 331.020833 42.082 40.577 43.901 43.055 42.619 44.998 43.414 47.175 47.036 -999.999 -999.999 -999.999 -999.999 -999.999 27.060 26.755 28.080 28.226 27.769 27.450 26.120 26.680 25.307 -999.999 -999.999 -999.999 -999.999 -999.999 29.235 29.568 31.320 31.453 32.291 33.321 34.369 37.690 36.481 -999.999 -999.999 -999.999 -999.999 -999.999 1.273 -999.999 -999.999 -999.999 -999.999 -999.999 0.000
