PGH/IN0003R.20110101000000.20190603000000.nephelometer.aerosol_light_scattering_coefficient.pm1.1y.1h.TSI_3563_PGH_ref_TSI_3563_PGH_wet..lev2.nas
118 1001 
Andrews, Elisabeth; Jefferson, Anne; Burgos, Maria A.  
US06L, National Oceanic and Atmospheric Administration , NOAA/ESRL/GMD,  "Earth System Research Laboratory, Global Monitoring Division", 325 Broadway, , CO 80305-3, Boulder, U.S.A. 
Burgos, Maria A. 
CAMPAIGN 
1 1 
2011 01 01 2019 06 03 
0.041667 
Days from the file reference point (start_time) 
50 
1 1 1 1 1 1 1 1 1 1 1 1 1 1 1 1 1 1 1 1 1 1 1 1 1 1 1 1 1 1 1 1 1 1 1 1 1 1 1 1 1 1 1 1 1 1 1 1 1 1  
9999.999999 9999.999 9999.999 9999.999 9999.999 9999.999 9999.999 9999.999 9999.999 9999.999 9999.999 9999.999 9999.999 9999.999 9999.999 9999.999 9999.999 9999.999 9999.999 9999.999 9999.999 9999.999 9999.999 9999.999 9999.999 9999.999 9999.999 9999.999 9999.999 9999.999 9999.999 9999.999 9999.999 9999.999 9999.999 9999.999 9999.999 9999.999 9999.999 9999.999 9999.999 9999.999 9999.999 999.999 999.999 999.999 999.999 999.999 999.999 9.999 
end_time of measurement, days from the file reference point 
aerosol_light_scattering_coefficient, 1/Mm, Wavelength=450nm, Matrix=pm1_humidified, RH=30% 
aerosol_light_scattering_coefficient, 1/Mm, Wavelength=450nm, Matrix=pm1_humidified, RH=35% 
aerosol_light_scattering_coefficient, 1/Mm, Wavelength=450nm, Matrix=pm1_humidified, RH=40% 
aerosol_light_scattering_coefficient, 1/Mm, Wavelength=450nm, Matrix=pm1_humidified, RH=45% 
aerosol_light_scattering_coefficient, 1/Mm, Wavelength=450nm, Matrix=pm1_humidified, RH=50% 
aerosol_light_scattering_coefficient, 1/Mm, Wavelength=450nm, Matrix=pm1_humidified, RH=55% 
aerosol_light_scattering_coefficient, 1/Mm, Wavelength=450nm, Matrix=pm1_humidified, RH=60% 
aerosol_light_scattering_coefficient, 1/Mm, Wavelength=450nm, Matrix=pm1_humidified, RH=65% 
aerosol_light_scattering_coefficient, 1/Mm, Wavelength=450nm, Matrix=pm1_humidified, RH=70% 
aerosol_light_scattering_coefficient, 1/Mm, Wavelength=450nm, Matrix=pm1_humidified, RH=75% 
aerosol_light_scattering_coefficient, 1/Mm, Wavelength=450nm, Matrix=pm1_humidified, RH=80% 
aerosol_light_scattering_coefficient, 1/Mm, Wavelength=450nm, Matrix=pm1_humidified, RH=85% 
aerosol_light_scattering_coefficient, 1/Mm, Wavelength=450nm, Matrix=pm1_humidified, RH=90% 
aerosol_light_scattering_coefficient, 1/Mm, Wavelength=450nm, Matrix=pm1_humidified, RH=95% 
aerosol_light_scattering_coefficient, 1/Mm, Wavelength=550nm, Matrix=pm1_humidified, RH=30% 
aerosol_light_scattering_coefficient, 1/Mm, Wavelength=550nm, Matrix=pm1_humidified, RH=35% 
aerosol_light_scattering_coefficient, 1/Mm, Wavelength=550nm, Matrix=pm1_humidified, RH=40% 
aerosol_light_scattering_coefficient, 1/Mm, Wavelength=550nm, Matrix=pm1_humidified, RH=45% 
aerosol_light_scattering_coefficient, 1/Mm, Wavelength=550nm, Matrix=pm1_humidified, RH=50% 
aerosol_light_scattering_coefficient, 1/Mm, Wavelength=550nm, Matrix=pm1_humidified, RH=55% 
aerosol_light_scattering_coefficient, 1/Mm, Wavelength=550nm, Matrix=pm1_humidified, RH=60% 
aerosol_light_scattering_coefficient, 1/Mm, Wavelength=550nm, Matrix=pm1_humidified, RH=65% 
aerosol_light_scattering_coefficient, 1/Mm, Wavelength=550nm, Matrix=pm1_humidified, RH=70% 
aerosol_light_scattering_coefficient, 1/Mm, Wavelength=550nm, Matrix=pm1_humidified, RH=75% 
aerosol_light_scattering_coefficient, 1/Mm, Wavelength=550nm, Matrix=pm1_humidified, RH=80% 
[...]
Version:                      1 
Version description:          interpolated scattering coefficients, calculated scattering enhancement factors as described in Burgos et al., 2018 
Height AGL:                   10m 
Inlet type:                   Hat or hood 
Inlet description:            Heated, stainless steel, see full description in Delene and Ogren, J. Atmos. Sci, 2002. 
Humidity/temperature control: Humidification 
Humidity/temperature control description: humidogram 
Volume std. temperature:       273.15 K 
Volume std. pressure:         1013.25 hPa 
Detection limit:              0.5 1/Mm 
Detection limit expl.:        Determined by instrument counting statistics, no detection limit flag used 
Measurement uncertainty expl.: Uncertainty analysis described in Burgos et al., 2019 
Zero/negative values code:    zero/negative possible 
Zero/negative values:         zero and neg. values may appear due to statistical variations at very low concentrations  
Standard method:              cal-gas=CO2+AIR_truncation-correction=Anderson1998 
Acknowledgement:              Request acknowledgement details from data originator 
start_time end_time scat_30_B scat_35_B scat_40_B scat_45_B scat_50_B scat_55_B scat_60_B scat_65_B scat_70_B scat_75_B scat_80_B scat_85_B scat_90_B scat_95_B scat_30_G scat_35_G scat_40_G scat_45_G scat_50_G scat_55_G scat_60_G scat_65_G scat_70_G scat_75_G scat_80_G scat_85_G scat_90_G scat_95_G scat_30_R scat_35_R scat_40_R scat_45_R scat_50_R scat_55_R scat_60_R scat_65_R scat_70_R scat_75_R scat_80_R scat_85_R scat_90_R scat_95_R f85dry_B f8540_B f85dry_G f8540_G f85dry_R f8540_R numflag 
[from data line 3519]
306.104167 306.145833 -999.999 313.591 303.763 250.420 293.738 331.430 274.727 229.802 287.342 315.634 -999.999 -999.999 -999.999 -999.999 -999.999 254.870 242.181 202.635 236.129 265.615 215.561 180.739 227.323 252.425 -999.999 -999.999 -999.999 -999.999 -999.999 200.044 191.913 160.860 186.212 208.858 176.010 150.569 188.329 207.760 -999.999 -999.999 -999.999 -999.999 1.606 -999.999 1.619 -999.999 -999.999 -999.999 0.000
306.145833 306.187500 -999.999 251.523 250.317 204.679 209.909 213.180 198.972 220.195 296.922 331.703 -999.999 -999.999 -999.999 -999.999 -999.999 200.071 200.338 161.260 165.759 165.100 155.735 171.265 236.297 270.285 -999.999 -999.999 -999.999 -999.999 -999.999 159.467 157.817 130.912 131.360 132.715 132.240 144.724 197.479 226.073 -999.999 -999.999 -999.999 -999.999 -999.999 -999.999 -999.999 -999.999 -999.999 -999.999 0.000
306.187500 306.229167 -999.999 330.123 281.880 231.481 276.084 315.802 259.152 259.279 308.452 418.547 -999.999 -999.999 -999.999 -999.999 -999.999 267.995 228.803 183.409 221.197 254.098 205.412 206.801 244.077 343.171 -999.999 -999.999 -999.999 -999.999 -999.999 207.196 181.488 151.681 177.473 204.278 171.109 171.904 207.388 283.560 -999.999 -999.999 -999.999 -999.999 1.561 -999.999 1.570 -999.999 -999.999 -999.999 0.000
306.229167 306.270833 -999.999 440.420 458.258 435.689 472.451 497.306 522.161 -999.999 -999.999 -999.999 -999.999 -999.999 -999.999 -999.999 -999.999 364.012 378.909 360.092 387.771 409.612 431.453 -999.999 -999.999 -999.999 -999.999 -999.999 -999.999 -999.999 -999.999 284.364 299.885 284.384 309.339 327.418 345.496 -999.999 -999.999 -999.999 -999.999 -999.999 -999.999 -999.999 -999.999 -999.999 -999.999 -999.999 -999.999 -999.999 0.000
306.270833 306.312500 -999.999 418.905 464.967 460.892 448.016 398.612 461.477 488.017 485.906 461.159 -999.999 -999.999 -999.999 -999.999 -999.999 346.793 385.767 380.907 370.522 329.255 381.767 402.917 403.276 380.250 -999.999 -999.999 -999.999 -999.999 -999.999 271.602 301.401 300.738 294.327 263.234 303.272 323.570 327.179 308.871 -999.999 -999.999 -999.999 -999.999 1.503 1.281 1.542 1.296 -999.999 -999.999 0.000
306.312500 306.354167 -999.999 -999.999 -999.999 -999.999 590.307 607.178 624.049 640.920 637.191 659.493 -999.999 -999.999 -999.999 -999.999 -999.999 -999.999 -999.999 -999.999 500.047 513.001 525.956 538.910 538.088 557.008 -999.999 -999.999 -999.999 -999.999 -999.999 -999.999 -999.999 -999.999 389.963 403.640 417.318 430.996 435.196 448.390 -999.999 -999.999 -999.999 -999.999 -999.999 -999.999 -999.999 -999.999 -999.999 -999.999 0.000
306.354167 306.395833 -999.999 -999.999 -999.999 881.094 963.108 1024.222 1085.336 1107.999 1113.591 -999.999 -999.999 -999.999 -999.999 -999.999 -999.999 -999.999 -999.999 768.657 842.414 896.970 951.527 978.694 993.701 -999.999 -999.999 -999.999 -999.999 -999.999 -999.999 -999.999 -999.999 625.193 683.857 733.667 783.477 812.501 832.296 -999.999 -999.999 -999.999 -999.999 -999.999 1.934 -999.999 2.075 -999.999 -999.999 -999.999 0.000
306.395833 306.437500 -999.999 655.590 708.958 859.053 771.839 833.794 950.051 1066.307 1050.999 972.388 -999.999 -999.999 -999.999 -999.999 -999.999 570.683 614.506 747.163 671.157 723.746 829.013 934.279 923.668 859.207 -999.999 -999.999 -999.999 -999.999 -999.999 463.032 503.285 610.412 548.509 597.796 685.863 773.930 764.195 723.301 -999.999 -999.999 -999.999 -999.999 1.535 1.876 1.592 1.936 -999.999 -999.999 0.000
306.437500 306.479167 503.790 757.089 556.954 493.536 588.373 655.773 711.054 512.899 617.629 674.635 -999.999 -999.999 -999.999 -999.999 433.087 651.767 479.234 426.133 512.530 566.407 618.458 442.076 538.109 590.249 -999.999 -999.999 -999.999 -999.999 350.432 529.528 393.171 350.188 418.138 466.280 512.669 369.594 453.173 496.999 -999.999 -999.999 -999.999 -999.999 -999.999 -999.999 -999.999 -999.999 -999.999 -999.999 0.000
306.479167 306.520833 -999.999 689.927 686.145 547.254 949.752 752.948 859.529 1223.992 901.846 1022.290 -999.999 -999.999 -999.999 -999.999 -999.999 603.030 598.236 477.463 828.616 654.237 750.491 1079.437 790.438 903.955 -999.999 -999.999 -999.999 -999.999 -999.999 488.905 488.167 392.658 674.961 536.189 618.939 884.668 660.160 762.866 -999.999 -999.999 -999.999 -999.999 -999.999 -999.999 -999.999 -999.999 -999.999 -999.999 0.000
306.520833 306.562500 -999.999 1156.445 1058.671 1155.303 1116.831 1299.699 1334.089 1397.196 1062.021 1598.283 -999.999 -999.999 -999.999 -999.999 -999.999 1006.799 917.787 1005.070 972.608 1140.051 1174.667 1234.207 933.154 1431.217 -999.999 -999.999 -999.999 -999.999 -999.999 804.741 742.259 814.317 792.251 929.983 957.805 1003.707 775.881 1180.145 -999.999 -999.999 -999.999 -999.999 -999.999 -999.999 -999.999 -999.999 -999.999 -999.999 0.000
306.562500 306.604167 271.143 325.544 298.339 337.286 341.124 318.289 366.038 449.690 488.499 -999.999 -999.999 -999.999 -999.999 -999.999 224.985 273.310 252.882 288.284 288.617 269.876 309.862 381.306 418.247 -999.999 -999.999 -999.999 -999.999 -999.999 185.144 224.199 208.909 234.535 240.317 223.703 260.409 323.154 356.186 -999.999 -999.999 -999.999 -999.999 -999.999 -999.999 2.569 -999.999 2.684 -999.999 -999.999 0.000
306.604167 306.645833 269.142 244.749 253.561 257.891 229.449 248.420 224.573 243.730 286.686 -999.999 -999.999 -999.999 -999.999 -999.999 223.650 201.627 211.205 212.985 188.872 206.095 184.359 202.339 237.597 -999.999 -999.999 -999.999 -999.999 -999.999 183.042 167.866 176.650 177.095 158.064 176.150 160.812 175.500 206.590 -999.999 -999.999 -999.999 -999.999 -999.999 1.702 -999.999 1.685 -999.999 -999.999 -999.999 0.000
306.645833 306.687500 -999.999 513.567 561.943 402.961 437.868 459.319 455.104 423.144 422.281 -999.999 -999.999 -999.999 -999.999 -999.999 -999.999 432.399 478.216 339.339 372.587 391.978 383.342 358.141 356.402 -999.999 -999.999 -999.999 -999.999 -999.999 -999.999 352.116 389.518 279.259 307.133 319.842 319.193 300.737 302.314 -999.999 -999.999 -999.999 -999.999 -999.999 1.645 -999.999 1.673 -999.999 -999.999 -999.999 0.000
306.687500 306.729167 -999.999 518.592 458.675 483.905 531.023 493.782 470.784 644.101 684.450 731.603 -999.999 -999.999 -999.999 -999.999 -999.999 442.127 390.451 412.048 453.192 423.161 403.859 549.457 591.219 636.911 -999.999 -999.999 -999.999 -999.999 -999.999 361.808 319.130 341.510 371.423 348.085 338.920 457.483 492.359 539.920 -999.999 -999.999 -999.999 -999.999 1.488 1.860 1.528 1.908 -999.999 -999.999 0.000
306.729167 306.770833 -999.999 390.627 404.842 398.891 402.133 455.771 458.309 538.069 583.811 -999.999 -999.999 -999.999 -999.999 -999.999 -999.999 324.145 341.661 330.094 341.626 380.489 384.805 458.212 497.882 -999.999 -999.999 -999.999 -999.999 -999.999 -999.999 263.245 277.135 272.808 280.220 312.088 317.187 380.556 415.344 -999.999 -999.999 -999.999 -999.999 -999.999 1.587 2.174 1.620 2.259 -999.999 -999.999 0.000
306.770833 306.812500 -999.999 901.677 859.923 899.938 877.035 829.990 830.405 794.855 956.508 -999.999 -999.999 -999.999 -999.999 -999.999 -999.999 736.070 698.841 740.618 717.089 678.373 678.995 652.318 786.616 -999.999 -999.999 -999.999 -999.999 -999.999 -999.999 553.124 535.882 560.376 548.561 519.418 520.467 508.093 614.237 -999.999 -999.999 -999.999 -999.999 -999.999 1.509 -999.999 1.550 -999.999 -999.999 -999.999 0.000
306.812500 306.854167 -999.999 800.792 782.574 748.150 729.295 815.898 838.305 891.520 968.835 -999.999 -999.999 -999.999 -999.999 -999.999 -999.999 655.116 640.231 610.879 596.521 665.920 685.166 725.871 795.473 -999.999 -999.999 -999.999 -999.999 -999.999 -999.999 495.413 485.937 466.273 456.420 510.693 528.361 561.891 622.085 -999.999 -999.999 -999.999 -999.999 -999.999 1.403 1.461 1.431 1.480 -999.999 -999.999 0.000
306.854167 306.895833 -999.999 592.708 611.268 633.675 616.998 628.226 661.501 671.293 794.948 -999.999 -999.999 -999.999 -999.999 -999.999 -999.999 479.694 496.203 511.446 506.642 511.260 534.548 544.584 653.273 -999.999 -999.999 -999.999 -999.999 -999.999 -999.999 365.344 378.825 391.497 386.999 392.755 415.582 427.516 514.519 -999.999 -999.999 -999.999 -999.999 -999.999 1.404 1.669 1.452 1.721 -999.999 -999.999 0.000
306.895833 306.937500 -999.999 495.773 486.597 520.019 471.616 479.479 466.842 481.050 532.604 -999.999 -999.999 -999.999 -999.999 -999.999 -999.999 401.296 395.257 422.278 379.850 385.329 377.530 387.363 432.459 -999.999 -999.999 -999.999 -999.999 -999.999 -999.999 306.581 305.164 325.078 294.170 295.541 293.422 303.997 343.306 -999.999 -999.999 -999.999 -999.999 -999.999 1.435 -999.999 1.462 -999.999 -999.999 -999.999 0.000
306.937500 306.979167 -999.999 394.405 420.945 386.706 458.174 487.603 545.487 572.410 613.092 -999.999 -999.999 -999.999 -999.999 -999.999 -999.999 316.603 339.520 313.152 372.866 393.119 441.430 466.787 502.746 -999.999 -999.999 -999.999 -999.999 -999.999 -999.999 245.463 265.231 244.536 287.592 306.050 346.041 367.050 397.625 -999.999 -999.999 -999.999 -999.999 -999.999 1.386 2.137 1.424 2.198 -999.999 -999.999 0.000
306.979167 307.020833 -999.999 301.963 312.641 301.532 321.360 336.630 326.565 383.066 444.015 474.708 -999.999 -999.999 -999.999 -999.999 -999.999 242.184 251.837 243.414 259.367 268.220 262.109 308.088 357.502 388.981 -999.999 -999.999 -999.999 -999.999 -999.999 190.771 197.856 192.269 206.820 213.482 212.447 248.849 295.046 317.049 -999.999 -999.999 -999.999 -999.999 1.415 1.880 1.425 1.922 -999.999 -999.999 0.000
307.020833 307.062500 192.738 201.079 208.756 223.404 202.999 209.524 208.918 232.846 243.519 -999.999 -999.999 -999.999 -999.999 -999.999 154.709 161.249 165.626 178.404 162.115 164.312 163.320 183.483 191.131 -999.999 -999.999 -999.999 -999.999 -999.999 123.639 130.648 137.870 141.969 132.592 135.080 138.296 154.111 164.989 -999.999 -999.999 -999.999 -999.999 -999.999 1.489 1.761 1.460 1.784 -999.999 -999.999 0.000
307.062500 307.104167 141.120 127.313 135.896 135.487 142.457 144.226 155.161 162.110 174.629 -999.999 -999.999 -999.999 -999.999 -999.999 108.028 97.170 105.710 105.808 111.529 110.552 119.512 124.195 136.082 -999.999 -999.999 -999.999 -999.999 -999.999 91.448 83.538 89.536 89.845 96.114 95.581 104.928 109.481 122.216 -999.999 -999.999 -999.999 -999.999 -999.999 1.465 1.810 1.434 1.826 -999.999 -999.999 0.000
307.104167 307.145833 144.084 143.165 152.075 144.256 139.323 144.567 142.775 148.007 161.696 -999.999 -999.999 -999.999 -999.999 -999.999 112.411 111.431 118.925 110.174 105.431 108.866 108.538 111.800 122.273 -999.999 -999.999 -999.999 -999.999 -999.999 90.319 92.842 97.058 90.256 90.822 91.610 92.666 98.298 111.207 -999.999 -999.999 -999.999 -999.999 -999.999 1.621 1.163 1.546 -999.999 -999.999 -999.999 0.000
307.145833 307.187500 -999.999 226.525 222.938 230.182 195.922 204.275 229.474 261.246 246.563 277.703 -999.999 -999.999 -999.999 -999.999 -999.999 180.538 178.577 186.378 154.471 160.303 181.257 208.422 196.427 220.519 -999.999 -999.999 -999.999 -999.999 -999.999 144.647 142.703 147.599 128.037 129.345 149.881 174.001 168.427 187.980 -999.999 -999.999 -999.999 -999.999 1.634 1.370 1.627 1.357 -999.999 -999.999 0.000
307.187500 307.229167 -999.999 407.153 502.488 473.158 487.045 461.557 446.821 416.537 535.581 547.992 -999.999 -999.999 -999.999 -999.999 -999.999 342.570 422.857 398.928 415.110 389.300 375.803 348.974 455.342 466.770 -999.999 -999.999 -999.999 -999.999 -999.999 279.450 339.091 323.199 330.232 320.333 306.450 287.726 373.935 388.170 -999.999 -999.999 -999.999 -999.999 1.552 -999.999 1.601 -999.999 -999.999 -999.999 0.000
307.229167 307.270833 -999.999 643.058 608.292 624.287 640.282 661.312 723.222 709.609 692.550 819.069 -999.999 -999.999 -999.999 -999.999 -999.999 552.575 518.990 533.261 547.532 568.432 622.157 612.166 596.502 713.475 -999.999 -999.999 -999.999 -999.999 -999.999 440.190 420.006 431.083 442.159 462.483 509.446 499.407 498.823 594.474 -999.999 -999.999 -999.999 -999.999 1.503 1.517 1.563 1.562 -999.999 -999.999 0.000
307.270833 307.312500 -999.999 -999.999 -999.999 -999.999 -999.999 -999.999 -999.999 -999.999 -999.999 834.290 -999.999 -999.999 -999.999 -999.999 -999.999 -999.999 -999.999 -999.999 -999.999 -999.999 -999.999 -999.999 -999.999 736.368 -999.999 -999.999 -999.999 -999.999 -999.999 -999.999 -999.999 -999.999 -999.999 -999.999 -999.999 -999.999 -999.999 610.678 -999.999 -999.999 -999.999 -999.999 -999.999 -999.999 -999.999 -999.999 -999.999 -999.999 0.000
307.312500 307.354167 -999.999 -999.999 -999.999 -999.999 -999.999 -999.999 -999.999 -999.999 -999.999 -999.999 -999.999 -999.999 -999.999 -999.999 -999.999 -999.999 -999.999 -999.999 -999.999 -999.999 -999.999 -999.999 -999.999 -999.999 -999.999 -999.999 -999.999 -999.999 -999.999 -999.999 -999.999 -999.999 -999.999 -999.999 -999.999 -999.999 -999.999 -999.999 -999.999 -999.999 -999.999 -999.999 -999.999 -999.999 -999.999 -999.999 -999.999 -999.999 0.000
307.354167 307.395833 -999.999 -999.999 -999.999 -999.999 -999.999 -999.999 -999.999 -999.999 -999.999 -999.999 -999.999 -999.999 -999.999 -999.999 -999.999 -999.999 -999.999 -999.999 -999.999 -999.999 -999.999 -999.999 -999.999 -999.999 -999.999 -999.999 -999.999 -999.999 -999.999 -999.999 -999.999 -999.999 -999.999 -999.999 -999.999 -999.999 -999.999 -999.999 -999.999 -999.999 -999.999 -999.999 -999.999 -999.999 -999.999 -999.999 -999.999 -999.999 0.000
307.395833 307.437500 -999.999 -999.999 -999.999 -999.999 -999.999 -999.999 -999.999 -999.999 -999.999 -999.999 -999.999 -999.999 -999.999 -999.999 -999.999 -999.999 -999.999 -999.999 -999.999 -999.999 -999.999 -999.999 -999.999 -999.999 -999.999 -999.999 -999.999 -999.999 -999.999 -999.999 -999.999 -999.999 -999.999 -999.999 -999.999 -999.999 -999.999 -999.999 -999.999 -999.999 -999.999 -999.999 -999.999 -999.999 -999.999 -999.999 -999.999 -999.999 0.000
307.437500 307.479167 -999.999 -999.999 -999.999 -999.999 -999.999 -999.999 -999.999 -999.999 -999.999 -999.999 -999.999 -999.999 -999.999 -999.999 -999.999 -999.999 -999.999 -999.999 -999.999 -999.999 -999.999 -999.999 -999.999 -999.999 -999.999 -999.999 -999.999 -999.999 -999.999 -999.999 -999.999 -999.999 -999.999 -999.999 -999.999 -999.999 -999.999 -999.999 -999.999 -999.999 -999.999 -999.999 -999.999 -999.999 -999.999 -999.999 -999.999 -999.999 0.000
307.479167 307.520833 -999.999 768.674 723.077 680.457 810.195 837.092 843.538 836.829 1072.947 -999.999 -999.999 -999.999 -999.999 -999.999 -999.999 657.262 614.784 581.689 695.902 715.503 726.787 722.455 932.697 -999.999 -999.999 -999.999 -999.999 -999.999 -999.999 520.055 487.924 466.938 551.078 575.395 586.179 588.948 762.029 -999.999 -999.999 -999.999 -999.999 -999.999 1.548 1.809 1.595 1.863 -999.999 -999.999 0.000
307.520833 307.562500 -999.999 625.188 664.648 604.468 592.237 704.018 737.712 800.138 948.838 1069.044 -999.999 -999.999 -999.999 -999.999 -999.999 536.793 569.117 514.573 509.925 604.833 638.530 692.853 825.930 936.783 -999.999 -999.999 -999.999 -999.999 -999.999 431.018 459.639 418.254 415.541 494.315 521.508 575.254 681.020 779.277 -999.999 -999.999 -999.999 -999.999 1.512 1.847 1.577 1.917 -999.999 -999.999 0.000
307.562500 307.604167 431.793 395.751 372.807 399.526 490.780 463.663 453.631 538.137 583.837 -999.999 -999.999 -999.999 -999.999 -999.999 364.387 334.678 314.192 336.237 415.137 393.115 383.214 462.513 506.512 -999.999 -999.999 -999.999 -999.999 -999.999 291.178 268.026 256.269 277.067 338.394 321.888 318.311 378.884 422.474 -999.999 -999.999 -999.999 -999.999 -999.999 1.453 2.320 1.482 2.436 -999.999 -999.999 0.000
