PGH/IN0003R.20110101000000.20190530000000.nephelometer.aerosol_light_scattering_coefficient.pm10.1y.1h.TSI_3563_PGH_ref_TSI_3563_PGH_wet..lev2.nas
118 1001 
Andrews, Elisabeth; Jefferson, Anne; Burgos, Maria A.  
US06L, National Oceanic and Atmospheric Administration , NOAA/ESRL/GMD,  "Earth System Research Laboratory, Global Monitoring Division", 325 Broadway, , CO 80305-3, Boulder, U.S.A. 
Burgos, Maria A. 
CAMPAIGN 
1 1 
2011 01 01 2019 05 30 
0.041667 
Days from the file reference point (start_time) 
50 
1 1 1 1 1 1 1 1 1 1 1 1 1 1 1 1 1 1 1 1 1 1 1 1 1 1 1 1 1 1 1 1 1 1 1 1 1 1 1 1 1 1 1 1 1 1 1 1 1 1  
9999.999999 9999.999 9999.999 9999.999 9999.999 9999.999 9999.999 9999.999 9999.999 9999.999 9999.999 9999.999 9999.999 9999.999 9999.999 9999.999 9999.999 9999.999 9999.999 9999.999 9999.999 9999.999 9999.999 9999.999 9999.999 9999.999 9999.999 9999.999 9999.999 9999.999 9999.999 9999.999 9999.999 9999.999 9999.999 9999.999 9999.999 9999.999 9999.999 9999.999 9999.999 9999.999 9999.999 999.999 999.999 999.999 999.999 999.999 999.999 9.999 
end_time of measurement, days from the file reference point 
aerosol_light_scattering_coefficient, 1/Mm, Wavelength=450nm, Matrix=pm10_humidified, RH=30% 
aerosol_light_scattering_coefficient, 1/Mm, Wavelength=450nm, Matrix=pm10_humidified, RH=35% 
aerosol_light_scattering_coefficient, 1/Mm, Wavelength=450nm, Matrix=pm10_humidified, RH=40% 
aerosol_light_scattering_coefficient, 1/Mm, Wavelength=450nm, Matrix=pm10_humidified, RH=45% 
aerosol_light_scattering_coefficient, 1/Mm, Wavelength=450nm, Matrix=pm10_humidified, RH=50% 
aerosol_light_scattering_coefficient, 1/Mm, Wavelength=450nm, Matrix=pm10_humidified, RH=55% 
aerosol_light_scattering_coefficient, 1/Mm, Wavelength=450nm, Matrix=pm10_humidified, RH=60% 
aerosol_light_scattering_coefficient, 1/Mm, Wavelength=450nm, Matrix=pm10_humidified, RH=65% 
aerosol_light_scattering_coefficient, 1/Mm, Wavelength=450nm, Matrix=pm10_humidified, RH=70% 
aerosol_light_scattering_coefficient, 1/Mm, Wavelength=450nm, Matrix=pm10_humidified, RH=75% 
aerosol_light_scattering_coefficient, 1/Mm, Wavelength=450nm, Matrix=pm10_humidified, RH=80% 
aerosol_light_scattering_coefficient, 1/Mm, Wavelength=450nm, Matrix=pm10_humidified, RH=85% 
aerosol_light_scattering_coefficient, 1/Mm, Wavelength=450nm, Matrix=pm10_humidified, RH=90% 
aerosol_light_scattering_coefficient, 1/Mm, Wavelength=450nm, Matrix=pm10_humidified, RH=95% 
aerosol_light_scattering_coefficient, 1/Mm, Wavelength=550nm, Matrix=pm10_humidified, RH=30% 
aerosol_light_scattering_coefficient, 1/Mm, Wavelength=550nm, Matrix=pm10_humidified, RH=35% 
aerosol_light_scattering_coefficient, 1/Mm, Wavelength=550nm, Matrix=pm10_humidified, RH=40% 
aerosol_light_scattering_coefficient, 1/Mm, Wavelength=550nm, Matrix=pm10_humidified, RH=45% 
aerosol_light_scattering_coefficient, 1/Mm, Wavelength=550nm, Matrix=pm10_humidified, RH=50% 
aerosol_light_scattering_coefficient, 1/Mm, Wavelength=550nm, Matrix=pm10_humidified, RH=55% 
aerosol_light_scattering_coefficient, 1/Mm, Wavelength=550nm, Matrix=pm10_humidified, RH=60% 
aerosol_light_scattering_coefficient, 1/Mm, Wavelength=550nm, Matrix=pm10_humidified, RH=65% 
aerosol_light_scattering_coefficient, 1/Mm, Wavelength=550nm, Matrix=pm10_humidified, RH=70% 
aerosol_light_scattering_coefficient, 1/Mm, Wavelength=550nm, Matrix=pm10_humidified, RH=75% 
aerosol_light_scattering_coefficient, 1/Mm, Wavelength=550nm, Matrix=pm10_humidified, RH=80% 
[...]
Version:                      1 
Version description:          interpolated scattering coefficients, calculated scattering enhancement factors as described in Burgos et al., 2018 
Height AGL:                   10m 
Inlet type:                   Hat or hood 
Inlet description:            Heated, stainless steel, see full description in Delene and Ogren, J. Atmos. Sci, 2002. 
Humidity/temperature control: Humidification 
Humidity/temperature control description: humidogram 
Volume std. temperature:       273.15 K 
Volume std. pressure:         1013.25 hPa 
Detection limit:              0.5 1/Mm 
Detection limit expl.:        Determined by instrument counting statistics, no detection limit flag used 
Measurement uncertainty expl.: Uncertainty analysis described in Burgos et al., 2019 
Zero/negative values code:    zero/negative possible 
Zero/negative values:         zero and neg. values may appear due to statistical variations at very low concentrations  
Standard method:              cal-gas=CO2+AIR_truncation-correction=Anderson1998 
Acknowledgement:              Request acknowledgement details from data originator 
start_time end_time scat_30_B scat_35_B scat_40_B scat_45_B scat_50_B scat_55_B scat_60_B scat_65_B scat_70_B scat_75_B scat_80_B scat_85_B scat_90_B scat_95_B scat_30_G scat_35_G scat_40_G scat_45_G scat_50_G scat_55_G scat_60_G scat_65_G scat_70_G scat_75_G scat_80_G scat_85_G scat_90_G scat_95_G scat_30_R scat_35_R scat_40_R scat_45_R scat_50_R scat_55_R scat_60_R scat_65_R scat_70_R scat_75_R scat_80_R scat_85_R scat_90_R scat_95_R f85dry_B f8540_B f85dry_G f8540_G f85dry_R f8540_R numflag 
[from data line 3213]
293.345833 293.387500 -999.999 -999.999 -999.999 -999.999 -999.999 -999.999 -999.999 -999.999 -999.999 -999.999 -999.999 -999.999 -999.999 -999.999 -999.999 -999.999 -999.999 -999.999 -999.999 -999.999 -999.999 -999.999 -999.999 -999.999 -999.999 -999.999 -999.999 -999.999 -999.999 -999.999 -999.999 -999.999 -999.999 -999.999 -999.999 -999.999 -999.999 -999.999 -999.999 -999.999 -999.999 -999.999 -999.999 -999.999 -999.999 -999.999 -999.999 -999.999 0.000
293.387500 293.429167 -999.999 -999.999 -999.999 -999.999 -999.999 -999.999 -999.999 -999.999 -999.999 -999.999 -999.999 -999.999 -999.999 -999.999 -999.999 -999.999 -999.999 -999.999 -999.999 -999.999 -999.999 -999.999 -999.999 -999.999 -999.999 -999.999 -999.999 -999.999 -999.999 -999.999 -999.999 -999.999 -999.999 -999.999 -999.999 -999.999 -999.999 -999.999 -999.999 -999.999 -999.999 -999.999 -999.999 -999.999 -999.999 -999.999 -999.999 -999.999 0.000
293.429167 293.470833 -999.999 496.750 519.022 541.294 563.566 585.838 608.110 630.382 649.896 674.466 -999.999 -999.999 -999.999 -999.999 -999.999 421.175 440.956 460.737 480.518 500.299 520.079 539.860 559.699 584.665 -999.999 -999.999 -999.999 -999.999 -999.999 358.078 377.847 397.617 417.386 437.156 456.925 476.695 494.460 506.413 -999.999 -999.999 -999.999 -999.999 1.379 1.557 1.410 1.602 1.457 1.678 0.000
293.470833 293.512500 -999.999 572.997 576.640 591.045 591.519 595.358 597.832 610.793 665.141 -999.999 -999.999 -999.999 -999.999 -999.999 -999.999 489.666 492.494 504.822 507.203 509.490 511.632 523.283 572.978 -999.999 -999.999 -999.999 -999.999 -999.999 -999.999 418.299 419.550 425.417 436.711 443.291 442.063 455.853 501.931 -999.999 -999.999 -999.999 -999.999 -999.999 1.412 1.299 1.435 1.325 1.479 1.408 0.000
293.512500 293.554167 -999.999 540.377 561.839 557.521 531.816 531.775 559.478 593.187 649.251 670.069 -999.999 -999.999 -999.999 -999.999 -999.999 462.448 481.900 477.877 457.186 456.936 478.280 509.163 561.669 577.679 -999.999 -999.999 -999.999 -999.999 -999.999 393.183 410.017 407.771 391.010 393.654 415.890 441.820 490.240 512.334 -999.999 -999.999 -999.999 -999.999 1.484 1.300 1.514 1.317 1.575 1.407 0.000
293.554167 293.595833 431.799 430.798 417.952 394.421 330.050 306.985 304.501 307.128 285.284 -999.999 -999.999 -999.999 -999.999 -999.999 364.183 362.025 354.720 334.189 278.216 258.972 256.622 257.778 239.433 -999.999 -999.999 -999.999 -999.999 -999.999 308.564 310.671 303.483 290.458 245.193 225.528 224.023 232.879 220.926 -999.999 -999.999 -999.999 -999.999 -999.999 1.617 -999.999 1.655 -999.999 1.916 -999.999 0.000
293.595833 293.637500 200.208 202.983 209.913 207.130 213.707 221.330 227.272 238.380 250.551 -999.999 -999.999 -999.999 -999.999 -999.999 167.251 169.986 175.563 174.028 179.223 185.129 189.769 200.742 212.887 -999.999 -999.999 -999.999 -999.999 -999.999 148.995 149.933 160.708 156.051 161.464 165.325 173.620 183.730 197.999 -999.999 -999.999 -999.999 -999.999 -999.999 1.512 1.468 1.537 1.506 1.706 1.581 0.000
293.637500 293.679167 -999.999 237.633 235.321 248.405 242.179 255.742 308.996 312.873 324.146 333.496 -999.999 -999.999 -999.999 -999.999 -999.999 199.425 198.570 208.378 204.590 216.554 259.816 265.211 275.490 284.915 -999.999 -999.999 -999.999 -999.999 -999.999 176.990 177.369 187.793 183.020 194.583 229.177 240.876 250.771 261.806 -999.999 -999.999 -999.999 -999.999 1.474 1.771 1.503 1.799 1.629 1.892 0.000
293.679167 293.720833 -999.999 258.213 261.735 270.041 277.722 281.758 -999.999 -999.999 -999.999 -999.999 -999.999 -999.999 -999.999 -999.999 -999.999 217.505 219.693 228.122 235.056 238.725 -999.999 -999.999 -999.999 -999.999 -999.999 -999.999 -999.999 -999.999 -999.999 195.231 193.332 200.649 208.771 213.322 -999.999 -999.999 -999.999 -999.999 -999.999 -999.999 -999.999 -999.999 -999.999 -999.999 -999.999 -999.999 -999.999 -999.999 0.000
293.720833 293.762500 -999.999 252.945 257.429 259.566 265.528 282.772 286.503 294.305 304.790 -999.999 -999.999 -999.999 -999.999 -999.999 -999.999 212.184 214.606 217.675 224.527 237.678 240.067 248.178 260.036 -999.999 -999.999 -999.999 -999.999 -999.999 -999.999 182.529 190.232 192.429 196.673 207.564 213.097 223.695 240.699 -999.999 -999.999 -999.999 -999.999 -999.999 1.488 1.407 1.531 1.443 1.719 1.571 0.000
293.762500 293.804167 296.013 291.998 294.860 303.084 314.297 325.709 350.494 372.413 401.804 -999.999 -999.999 -999.999 -999.999 -999.999 247.081 244.089 248.301 254.549 263.508 274.971 295.481 313.786 341.465 -999.999 -999.999 -999.999 -999.999 -999.999 209.687 208.312 216.482 222.202 227.767 238.402 256.955 277.119 302.960 -999.999 -999.999 -999.999 -999.999 -999.999 1.575 1.874 1.623 1.918 1.760 2.028 0.000
293.804167 293.845833 319.313 321.598 327.129 333.692 339.317 348.963 369.023 385.965 427.509 -999.999 -999.999 -999.999 -999.999 -999.999 266.057 269.943 275.436 280.986 286.469 294.278 311.269 325.553 363.610 -999.999 -999.999 -999.999 -999.999 -999.999 226.875 232.120 239.727 244.575 250.259 255.175 270.422 292.039 315.794 -999.999 -999.999 -999.999 -999.999 -999.999 1.549 1.626 1.589 1.661 1.691 1.731 0.000
293.845833 293.887500 331.042 329.715 328.145 326.976 331.569 335.452 340.238 355.590 383.469 -999.999 -999.999 -999.999 -999.999 -999.999 274.149 275.240 273.341 273.171 278.459 280.151 284.735 298.076 323.618 -999.999 -999.999 -999.999 -999.999 -999.999 229.758 234.867 232.787 234.960 237.286 237.993 251.429 261.713 282.177 -999.999 -999.999 -999.999 -999.999 -999.999 1.559 1.338 1.607 1.375 1.742 1.474 0.000
293.887500 293.929167 286.252 286.720 287.028 289.585 290.057 292.555 303.237 320.474 351.728 -999.999 -999.999 -999.999 -999.999 -999.999 235.736 236.903 238.589 242.320 243.137 244.093 252.604 269.158 294.915 -999.999 -999.999 -999.999 -999.999 -999.999 199.526 205.307 204.664 207.754 206.695 212.543 220.024 236.888 257.650 -999.999 -999.999 -999.999 -999.999 -999.999 1.537 1.466 1.580 1.501 1.735 1.616 0.000
293.929167 293.970833 281.158 279.829 283.089 294.937 295.355 302.845 307.321 313.568 348.796 -999.999 -999.999 -999.999 -999.999 -999.999 232.620 232.046 235.842 246.448 245.905 253.400 258.002 261.326 293.021 -999.999 -999.999 -999.999 -999.999 -999.999 197.615 201.222 207.975 208.832 212.672 220.447 225.766 235.007 263.712 -999.999 -999.999 -999.999 -999.999 -999.999 1.556 1.491 1.596 1.530 1.757 1.610 0.000
293.970833 294.012500 286.289 289.286 292.553 295.614 297.886 305.844 312.716 335.730 357.159 -999.999 -999.999 -999.999 -999.999 -999.999 236.739 240.063 242.208 247.757 248.611 255.293 261.785 281.459 299.696 -999.999 -999.999 -999.999 -999.999 -999.999 198.869 201.435 205.757 212.653 212.428 218.353 231.489 246.610 267.225 -999.999 -999.999 -999.999 -999.999 -999.999 1.546 1.488 1.595 1.537 1.754 1.673 0.000
294.012500 294.054167 299.361 301.184 302.598 304.634 304.961 308.894 322.639 340.484 375.664 -999.999 -999.999 -999.999 -999.999 -999.999 247.106 249.910 255.176 254.934 255.529 257.321 269.415 283.318 316.317 -999.999 -999.999 -999.999 -999.999 -999.999 206.390 209.733 219.599 216.342 221.024 224.053 231.540 247.024 279.537 -999.999 -999.999 -999.999 -999.999 -999.999 1.519 1.524 1.544 1.532 1.673 1.612 0.000
294.054167 294.095833 305.392 309.369 311.184 314.628 316.618 320.561 333.222 355.593 386.956 -999.999 -999.999 -999.999 -999.999 -999.999 253.159 257.370 260.603 262.210 265.095 266.487 278.103 297.777 325.531 -999.999 -999.999 -999.999 -999.999 -999.999 215.970 220.962 222.533 227.191 228.652 228.998 240.601 256.489 285.150 -999.999 -999.999 -999.999 -999.999 -999.999 1.557 1.583 1.597 1.611 1.709 1.703 0.000
294.095833 294.137500 -999.999 343.483 350.136 353.916 357.664 366.320 382.833 405.778 455.849 -999.999 -999.999 -999.999 -999.999 -999.999 -999.999 286.495 293.199 295.644 300.383 308.191 320.394 341.140 384.698 -999.999 -999.999 -999.999 -999.999 -999.999 -999.999 247.848 247.226 250.597 255.154 264.923 276.730 294.423 333.012 -999.999 -999.999 -999.999 -999.999 -999.999 1.590 1.633 1.637 1.672 1.718 1.780 0.000
294.137500 294.179167 -999.999 379.232 392.604 390.180 403.507 413.314 429.971 453.665 478.407 -999.999 -999.999 -999.999 -999.999 -999.999 -999.999 318.410 330.297 327.253 338.638 348.632 362.518 383.294 405.043 -999.999 -999.999 -999.999 -999.999 -999.999 -999.999 270.475 280.859 284.571 289.794 299.216 310.996 330.770 360.003 -999.999 -999.999 -999.999 -999.999 -999.999 1.579 1.519 1.622 1.552 1.716 1.644 0.000
294.179167 294.220833 361.862 359.218 367.644 351.870 363.946 339.069 381.539 401.757 415.913 -999.999 -999.999 -999.999 -999.999 -999.999 301.604 299.423 307.280 295.687 304.423 282.441 318.722 335.983 349.534 -999.999 -999.999 -999.999 -999.999 -999.999 255.148 254.569 266.439 255.997 257.309 242.341 276.637 295.118 306.809 -999.999 -999.999 -999.999 -999.999 -999.999 1.509 1.338 1.546 1.362 1.633 1.420 0.000
294.220833 294.262500 381.005 377.878 378.823 385.824 389.837 405.154 415.072 439.753 466.944 498.280 -999.999 -999.999 -999.999 -999.999 317.274 317.194 319.038 324.475 325.668 341.491 349.015 370.036 395.022 427.540 -999.999 -999.999 -999.999 -999.999 268.142 270.223 273.331 277.054 278.499 291.479 302.517 321.896 351.775 379.793 -999.999 -999.999 -999.999 -999.999 1.555 1.497 1.589 1.527 1.693 1.622 0.000
294.262500 294.304167 -999.999 382.969 390.370 385.444 400.783 408.328 414.541 441.822 470.846 -999.999 -999.999 -999.999 -999.999 -999.999 -999.999 321.774 330.060 322.102 336.797 344.126 348.474 374.484 400.963 -999.999 -999.999 -999.999 -999.999 -999.999 -999.999 273.826 282.112 276.960 288.626 296.820 302.819 325.527 349.423 -999.999 -999.999 -999.999 -999.999 -999.999 1.625 1.451 1.667 1.480 1.749 1.545 0.000
294.304167 294.345833 -999.999 -999.999 -999.999 -999.999 -999.999 -999.999 -999.999 -999.999 -999.999 -999.999 -999.999 -999.999 -999.999 -999.999 -999.999 -999.999 -999.999 -999.999 -999.999 -999.999 -999.999 -999.999 -999.999 -999.999 -999.999 -999.999 -999.999 -999.999 -999.999 -999.999 -999.999 -999.999 -999.999 -999.999 -999.999 -999.999 -999.999 -999.999 -999.999 -999.999 -999.999 -999.999 -999.999 -999.999 -999.999 -999.999 -999.999 -999.999 0.000
294.345833 294.387500 -999.999 -999.999 -999.999 -999.999 -999.999 -999.999 -999.999 -999.999 -999.999 -999.999 -999.999 -999.999 -999.999 -999.999 -999.999 -999.999 -999.999 -999.999 -999.999 -999.999 -999.999 -999.999 -999.999 -999.999 -999.999 -999.999 -999.999 -999.999 -999.999 -999.999 -999.999 -999.999 -999.999 -999.999 -999.999 -999.999 -999.999 -999.999 -999.999 -999.999 -999.999 -999.999 -999.999 -999.999 -999.999 -999.999 -999.999 -999.999 0.000
294.387500 294.429167 -999.999 -999.999 -999.999 -999.999 -999.999 -999.999 -999.999 -999.999 -999.999 -999.999 -999.999 -999.999 -999.999 -999.999 -999.999 -999.999 -999.999 -999.999 -999.999 -999.999 -999.999 -999.999 -999.999 -999.999 -999.999 -999.999 -999.999 -999.999 -999.999 -999.999 -999.999 -999.999 -999.999 -999.999 -999.999 -999.999 -999.999 -999.999 -999.999 -999.999 -999.999 -999.999 -999.999 -999.999 -999.999 -999.999 -999.999 -999.999 0.000
294.429167 294.470833 -999.999 -999.999 -999.999 -999.999 -999.999 -999.999 -999.999 -999.999 -999.999 -999.999 -999.999 -999.999 -999.999 -999.999 -999.999 -999.999 -999.999 -999.999 -999.999 -999.999 -999.999 -999.999 -999.999 -999.999 -999.999 -999.999 -999.999 -999.999 -999.999 -999.999 -999.999 -999.999 -999.999 -999.999 -999.999 -999.999 -999.999 -999.999 -999.999 -999.999 -999.999 -999.999 -999.999 -999.999 -999.999 -999.999 -999.999 -999.999 0.000
294.470833 294.512500 -999.999 -999.999 -999.999 -999.999 -999.999 -999.999 -999.999 -999.999 -999.999 -999.999 -999.999 -999.999 -999.999 -999.999 -999.999 -999.999 -999.999 -999.999 -999.999 -999.999 -999.999 -999.999 -999.999 -999.999 -999.999 -999.999 -999.999 -999.999 -999.999 -999.999 -999.999 -999.999 -999.999 -999.999 -999.999 -999.999 -999.999 -999.999 -999.999 -999.999 -999.999 -999.999 -999.999 -999.999 -999.999 -999.999 -999.999 -999.999 0.000
294.512500 294.554167 326.726 312.383 302.319 334.510 310.233 303.280 316.244 317.758 361.859 -999.999 -999.999 -999.999 -999.999 -999.999 272.857 261.879 254.621 284.441 260.981 254.672 266.855 267.141 306.704 -999.999 -999.999 -999.999 -999.999 -999.999 233.841 224.918 220.594 246.784 226.121 221.291 234.794 240.177 272.164 -999.999 -999.999 -999.999 -999.999 -999.999 1.758 -999.999 1.800 -999.999 1.984 1.452 0.000
294.554167 294.595833 162.474 159.459 162.300 142.853 147.988 129.793 125.779 127.402 141.157 -999.999 -999.999 -999.999 -999.999 -999.999 133.501 131.485 136.622 118.214 122.692 106.360 99.098 100.778 113.034 -999.999 -999.999 -999.999 -999.999 -999.999 115.455 118.449 125.867 116.092 117.956 108.949 101.148 107.503 122.138 -999.999 -999.999 -999.999 -999.999 -999.999 1.792 -999.999 1.753 -999.999 2.279 -999.999 0.000
294.595833 294.637500 119.749 118.345 118.262 127.370 120.496 119.423 119.879 127.408 134.714 -999.999 -999.999 -999.999 -999.999 -999.999 97.685 95.891 99.039 105.492 99.639 96.397 97.112 101.797 106.855 -999.999 -999.999 -999.999 -999.999 -999.999 91.607 95.150 96.810 105.132 100.884 97.936 99.897 106.749 115.583 -999.999 -999.999 -999.999 -999.999 -999.999 1.521 1.285 1.460 1.207 1.891 1.408 0.000
294.637500 294.679167 148.537 149.432 150.752 148.366 150.845 156.690 168.645 177.176 193.905 -999.999 -999.999 -999.999 -999.999 -999.999 121.769 123.682 127.045 125.777 126.672 131.880 139.536 143.654 163.314 -999.999 -999.999 -999.999 -999.999 -999.999 114.234 113.415 121.520 121.472 120.190 125.809 134.490 144.026 159.463 -999.999 -999.999 -999.999 -999.999 -999.999 1.438 1.713 1.472 1.720 1.767 1.841 0.000
294.679167 294.720833 207.065 208.708 209.302 208.406 213.437 215.502 217.293 234.399 251.275 -999.999 -999.999 -999.999 -999.999 -999.999 171.884 174.833 174.416 174.134 179.157 180.138 181.071 196.799 210.971 -999.999 -999.999 -999.999 -999.999 -999.999 150.496 155.468 156.684 159.226 162.309 164.959 165.850 182.189 199.244 -999.999 -999.999 -999.999 -999.999 -999.999 1.419 1.425 1.449 1.454 1.696 1.615 0.000
294.720833 294.762500 229.266 234.069 230.058 261.284 231.850 229.826 231.561 234.455 277.666 -999.999 -999.999 -999.999 -999.999 -999.999 191.538 196.129 194.135 224.433 194.545 193.347 194.328 196.119 235.020 -999.999 -999.999 -999.999 -999.999 -999.999 164.858 173.866 175.843 205.537 174.906 172.748 177.431 179.455 216.576 -999.999 -999.999 -999.999 -999.999 -999.999 1.468 -999.999 1.510 -999.999 1.749 1.365 0.000
294.762500 294.804167 218.112 215.707 218.637 223.284 228.633 229.089 225.191 231.732 243.424 -999.999 -999.999 -999.999 -999.999 -999.999 180.981 179.373 183.720 188.037 190.526 191.571 186.609 194.337 204.349 -999.999 -999.999 -999.999 -999.999 -999.999 156.176 158.279 163.520 168.465 168.414 174.791 168.512 179.802 192.644 -999.999 -999.999 -999.999 -999.999 -999.999 1.491 1.344 1.544 1.366 1.762 1.508 0.000
294.804167 294.845833 195.428 201.248 214.628 216.333 213.892 199.468 208.233 233.891 241.910 -999.999 -999.999 -999.999 -999.999 -999.999 161.493 166.643 180.448 181.501 179.977 165.938 173.188 195.386 205.251 -999.999 -999.999 -999.999 -999.999 -999.999 141.716 149.966 163.594 162.178 161.495 153.078 156.240 181.554 194.027 -999.999 -999.999 -999.999 -999.999 -999.999 1.505 1.337 1.554 1.357 1.790 1.485 0.000
294.845833 294.887500 205.181 209.084 212.365 215.360 215.954 220.704 224.537 227.012 248.323 -999.999 -999.999 -999.999 -999.999 -999.999 169.660 174.341 176.419 179.276 180.291 183.761 187.150 190.575 208.157 -999.999 -999.999 -999.999 -999.999 -999.999 148.942 154.318 160.142 160.201 159.253 165.256 170.473 174.825 195.627 -999.999 -999.999 -999.999 -999.999 -999.999 1.492 1.380 1.529 1.416 1.791 1.547 0.000
