PGH/IN0003R.20110101000000.20190603000000.nephelometer.aerosol_light_scattering_coefficient.pm1.1y.1h.TSI_3563_PGH_ref_TSI_3563_PGH_wet..lev2.nas
118 1001 
Andrews, Elisabeth; Jefferson, Anne; Burgos, Maria A.  
US06L, National Oceanic and Atmospheric Administration , NOAA/ESRL/GMD,  "Earth System Research Laboratory, Global Monitoring Division", 325 Broadway, , CO 80305-3, Boulder, U.S.A. 
Burgos, Maria A. 
CAMPAIGN 
1 1 
2011 01 01 2019 06 03 
0.041667 
Days from the file reference point (start_time) 
50 
1 1 1 1 1 1 1 1 1 1 1 1 1 1 1 1 1 1 1 1 1 1 1 1 1 1 1 1 1 1 1 1 1 1 1 1 1 1 1 1 1 1 1 1 1 1 1 1 1 1  
9999.999999 9999.999 9999.999 9999.999 9999.999 9999.999 9999.999 9999.999 9999.999 9999.999 9999.999 9999.999 9999.999 9999.999 9999.999 9999.999 9999.999 9999.999 9999.999 9999.999 9999.999 9999.999 9999.999 9999.999 9999.999 9999.999 9999.999 9999.999 9999.999 9999.999 9999.999 9999.999 9999.999 9999.999 9999.999 9999.999 9999.999 9999.999 9999.999 9999.999 9999.999 9999.999 9999.999 999.999 999.999 999.999 999.999 999.999 999.999 9.999 
end_time of measurement, days from the file reference point 
aerosol_light_scattering_coefficient, 1/Mm, Wavelength=450nm, Matrix=pm1_humidified, RH=30% 
aerosol_light_scattering_coefficient, 1/Mm, Wavelength=450nm, Matrix=pm1_humidified, RH=35% 
aerosol_light_scattering_coefficient, 1/Mm, Wavelength=450nm, Matrix=pm1_humidified, RH=40% 
aerosol_light_scattering_coefficient, 1/Mm, Wavelength=450nm, Matrix=pm1_humidified, RH=45% 
aerosol_light_scattering_coefficient, 1/Mm, Wavelength=450nm, Matrix=pm1_humidified, RH=50% 
aerosol_light_scattering_coefficient, 1/Mm, Wavelength=450nm, Matrix=pm1_humidified, RH=55% 
aerosol_light_scattering_coefficient, 1/Mm, Wavelength=450nm, Matrix=pm1_humidified, RH=60% 
aerosol_light_scattering_coefficient, 1/Mm, Wavelength=450nm, Matrix=pm1_humidified, RH=65% 
aerosol_light_scattering_coefficient, 1/Mm, Wavelength=450nm, Matrix=pm1_humidified, RH=70% 
aerosol_light_scattering_coefficient, 1/Mm, Wavelength=450nm, Matrix=pm1_humidified, RH=75% 
aerosol_light_scattering_coefficient, 1/Mm, Wavelength=450nm, Matrix=pm1_humidified, RH=80% 
aerosol_light_scattering_coefficient, 1/Mm, Wavelength=450nm, Matrix=pm1_humidified, RH=85% 
aerosol_light_scattering_coefficient, 1/Mm, Wavelength=450nm, Matrix=pm1_humidified, RH=90% 
aerosol_light_scattering_coefficient, 1/Mm, Wavelength=450nm, Matrix=pm1_humidified, RH=95% 
aerosol_light_scattering_coefficient, 1/Mm, Wavelength=550nm, Matrix=pm1_humidified, RH=30% 
aerosol_light_scattering_coefficient, 1/Mm, Wavelength=550nm, Matrix=pm1_humidified, RH=35% 
aerosol_light_scattering_coefficient, 1/Mm, Wavelength=550nm, Matrix=pm1_humidified, RH=40% 
aerosol_light_scattering_coefficient, 1/Mm, Wavelength=550nm, Matrix=pm1_humidified, RH=45% 
aerosol_light_scattering_coefficient, 1/Mm, Wavelength=550nm, Matrix=pm1_humidified, RH=50% 
aerosol_light_scattering_coefficient, 1/Mm, Wavelength=550nm, Matrix=pm1_humidified, RH=55% 
aerosol_light_scattering_coefficient, 1/Mm, Wavelength=550nm, Matrix=pm1_humidified, RH=60% 
aerosol_light_scattering_coefficient, 1/Mm, Wavelength=550nm, Matrix=pm1_humidified, RH=65% 
aerosol_light_scattering_coefficient, 1/Mm, Wavelength=550nm, Matrix=pm1_humidified, RH=70% 
aerosol_light_scattering_coefficient, 1/Mm, Wavelength=550nm, Matrix=pm1_humidified, RH=75% 
aerosol_light_scattering_coefficient, 1/Mm, Wavelength=550nm, Matrix=pm1_humidified, RH=80% 
[...]
Version:                      1 
Version description:          interpolated scattering coefficients, calculated scattering enhancement factors as described in Burgos et al., 2018 
Height AGL:                   10m 
Inlet type:                   Hat or hood 
Inlet description:            Heated, stainless steel, see full description in Delene and Ogren, J. Atmos. Sci, 2002. 
Humidity/temperature control: Humidification 
Humidity/temperature control description: humidogram 
Volume std. temperature:       273.15 K 
Volume std. pressure:         1013.25 hPa 
Detection limit:              0.5 1/Mm 
Detection limit expl.:        Determined by instrument counting statistics, no detection limit flag used 
Measurement uncertainty expl.: Uncertainty analysis described in Burgos et al., 2019 
Zero/negative values code:    zero/negative possible 
Zero/negative values:         zero and neg. values may appear due to statistical variations at very low concentrations  
Standard method:              cal-gas=CO2+AIR_truncation-correction=Anderson1998 
Acknowledgement:              Request acknowledgement details from data originator 
start_time end_time scat_30_B scat_35_B scat_40_B scat_45_B scat_50_B scat_55_B scat_60_B scat_65_B scat_70_B scat_75_B scat_80_B scat_85_B scat_90_B scat_95_B scat_30_G scat_35_G scat_40_G scat_45_G scat_50_G scat_55_G scat_60_G scat_65_G scat_70_G scat_75_G scat_80_G scat_85_G scat_90_G scat_95_G scat_30_R scat_35_R scat_40_R scat_45_R scat_50_R scat_55_R scat_60_R scat_65_R scat_70_R scat_75_R scat_80_R scat_85_R scat_90_R scat_95_R f85dry_B f8540_B f85dry_G f8540_G f85dry_R f8540_R numflag 
[from data line 4041]
327.854167 327.895833 55.935 64.957 65.919 60.076 58.173 62.252 58.987 66.285 67.435 -999.999 -999.999 -999.999 -999.999 -999.999 39.137 46.738 47.618 41.952 40.987 43.136 38.809 44.367 43.975 -999.999 -999.999 -999.999 -999.999 -999.999 41.739 44.943 46.021 41.391 41.941 46.731 45.550 50.974 54.761 -999.999 -999.999 -999.999 -999.999 -999.999 1.219 -999.999 -999.999 -999.999 -999.999 -999.999 0.000
327.895833 327.937500 51.168 48.258 50.894 51.422 57.513 58.225 59.869 63.971 63.449 -999.999 -999.999 -999.999 -999.999 -999.999 35.895 32.583 35.245 35.465 40.447 40.559 40.970 41.334 41.358 -999.999 -999.999 -999.999 -999.999 -999.999 37.147 37.097 37.785 38.849 43.554 44.255 45.078 47.540 50.296 -999.999 -999.999 -999.999 -999.999 -999.999 -999.999 -999.999 -999.999 -999.999 -999.999 -999.999 0.000
327.937500 327.979167 35.754 36.188 34.457 36.022 35.670 36.441 39.251 40.526 40.510 -999.999 -999.999 -999.999 -999.999 -999.999 24.298 25.159 22.747 23.042 23.324 21.379 22.601 21.846 21.357 -999.999 -999.999 -999.999 -999.999 -999.999 29.200 28.856 28.794 30.243 30.596 30.567 32.914 33.923 36.122 -999.999 -999.999 -999.999 -999.999 -999.999 1.316 1.297 -999.999 -999.999 -999.999 -999.999 0.000
327.979167 328.020833 36.859 36.063 35.479 37.479 36.916 38.365 40.468 41.790 41.682 -999.999 -999.999 -999.999 -999.999 -999.999 22.718 23.666 22.788 24.044 24.462 24.210 22.708 22.109 22.878 -999.999 -999.999 -999.999 -999.999 -999.999 28.395 29.203 29.760 29.559 30.967 32.301 35.482 36.759 37.759 -999.999 -999.999 -999.999 -999.999 -999.999 1.289 1.345 -999.999 -999.999 -999.999 -999.999 0.000
328.020833 328.062500 36.972 37.253 38.841 39.405 38.732 38.584 43.355 44.378 44.810 -999.999 -999.999 -999.999 -999.999 -999.999 22.824 24.364 24.480 24.512 25.305 23.090 23.223 25.656 23.741 -999.999 -999.999 -999.999 -999.999 -999.999 28.700 31.063 30.022 30.450 31.571 31.506 34.699 37.331 38.307 -999.999 -999.999 -999.999 -999.999 -999.999 1.334 1.308 -999.999 -999.999 -999.999 -999.999 0.000
328.062500 328.104167 40.203 40.662 40.404 40.910 41.148 42.266 44.576 44.336 45.549 -999.999 -999.999 -999.999 -999.999 -999.999 27.452 27.222 27.009 25.878 26.582 25.666 26.034 24.691 25.065 -999.999 -999.999 -999.999 -999.999 -999.999 30.161 30.922 29.814 31.751 32.931 33.702 34.735 36.854 38.672 -999.999 -999.999 -999.999 -999.999 -999.999 1.314 1.210 -999.999 -999.999 -999.999 -999.999 0.000
328.104167 328.145833 46.279 44.366 43.759 40.120 39.793 42.365 45.351 47.266 48.973 -999.999 -999.999 -999.999 -999.999 -999.999 31.780 29.145 29.755 25.899 24.705 25.921 27.850 26.935 27.957 -999.999 -999.999 -999.999 -999.999 -999.999 33.294 33.336 31.468 31.792 29.580 32.961 34.748 37.833 41.905 -999.999 -999.999 -999.999 -999.999 -999.999 1.323 -999.999 -999.999 -999.999 -999.999 -999.999 0.000
328.145833 328.187500 52.869 53.809 57.127 51.843 49.894 50.084 51.549 51.141 56.988 -999.999 -999.999 -999.999 -999.999 -999.999 38.203 37.699 39.449 35.988 34.212 33.620 31.758 30.178 34.429 -999.999 -999.999 -999.999 -999.999 -999.999 38.021 37.270 39.847 36.934 38.434 39.366 39.668 41.691 45.893 -999.999 -999.999 -999.999 -999.999 -999.999 1.230 -999.999 -999.999 -999.999 -999.999 -999.999 0.000
328.187500 328.229167 86.564 82.949 80.150 77.761 79.002 77.764 80.708 80.538 78.866 -999.999 -999.999 -999.999 -999.999 -999.999 65.345 63.844 59.766 58.352 57.167 54.756 55.942 56.319 54.568 -999.999 -999.999 -999.999 -999.999 -999.999 61.794 55.322 56.727 55.328 55.549 53.937 57.140 61.068 60.566 -999.999 -999.999 -999.999 -999.999 -999.999 1.142 -999.999 -999.999 -999.999 -999.999 -999.999 0.000
328.229167 328.270833 -999.999 -999.999 101.856 108.729 111.199 104.739 108.527 105.047 109.848 110.865 -999.999 -999.999 -999.999 -999.999 -999.999 -999.999 79.595 85.978 91.248 80.053 80.120 79.113 83.426 81.506 -999.999 -999.999 -999.999 -999.999 -999.999 -999.999 71.728 86.539 87.328 73.471 79.734 74.154 85.765 76.675 -999.999 -999.999 -999.999 -999.999 -999.999 -999.999 -999.999 -999.999 -999.999 -999.999 0.000
328.270833 328.312500 -999.999 167.502 155.074 171.140 160.172 142.798 140.283 139.060 131.455 135.677 -999.999 -999.999 -999.999 -999.999 -999.999 136.197 124.513 142.340 134.190 114.380 110.257 107.553 102.640 101.989 -999.999 -999.999 -999.999 -999.999 -999.999 115.082 110.026 123.952 119.791 104.567 101.288 103.333 97.622 97.344 -999.999 -999.999 -999.999 -999.999 1.134 -999.999 -999.999 -999.999 -999.999 -999.999 0.000
328.312500 328.354167 -999.999 169.550 170.151 167.796 168.907 170.566 171.824 175.774 177.934 186.401 -999.999 -999.999 -999.999 -999.999 -999.999 133.805 137.728 134.951 135.587 136.720 135.823 138.369 141.456 148.146 -999.999 -999.999 -999.999 -999.999 -999.999 117.600 114.782 118.050 117.402 122.175 122.952 128.587 130.607 137.106 -999.999 -999.999 -999.999 -999.999 1.163 1.132 1.129 1.108 -999.999 -999.999 0.000
328.354167 328.395833 -999.999 178.266 180.506 183.748 185.724 186.549 193.856 194.796 201.587 204.761 -999.999 -999.999 -999.999 -999.999 -999.999 141.702 142.885 147.562 149.497 150.313 152.759 153.844 161.472 165.412 -999.999 -999.999 -999.999 -999.999 -999.999 116.414 121.141 125.429 130.407 128.911 134.637 138.164 142.799 148.444 -999.999 -999.999 -999.999 -999.999 1.170 1.245 1.143 1.254 -999.999 -999.999 0.000
328.395833 328.437500 -999.999 146.174 155.698 152.852 156.661 159.179 163.896 167.649 171.815 183.816 -999.999 -999.999 -999.999 -999.999 -999.999 114.114 123.906 123.679 125.000 126.451 128.583 130.962 134.534 142.484 -999.999 -999.999 -999.999 -999.999 -999.999 101.171 105.243 105.838 107.223 109.263 114.984 118.738 122.935 130.504 -999.999 -999.999 -999.999 -999.999 1.191 1.284 1.157 1.253 -999.999 -999.999 0.000
328.437500 328.479167 -999.999 166.716 169.317 168.502 167.723 169.141 169.340 172.427 175.059 178.834 -999.999 -999.999 -999.999 -999.999 -999.999 131.126 135.682 131.444 133.286 132.183 132.104 135.014 134.920 144.802 -999.999 -999.999 -999.999 -999.999 -999.999 112.872 114.318 112.104 115.474 117.950 118.064 120.875 122.425 131.783 -999.999 -999.999 -999.999 -999.999 1.168 -999.999 1.152 -999.999 -999.999 -999.999 0.000
328.479167 328.520833 162.502 159.271 154.559 155.813 154.268 159.507 166.038 163.110 165.342 172.687 -999.999 -999.999 -999.999 -999.999 127.788 126.269 121.947 123.280 124.008 125.375 128.077 127.150 130.170 135.066 -999.999 -999.999 -999.999 -999.999 109.662 110.466 106.300 104.859 107.161 110.400 113.527 115.779 119.095 124.345 -999.999 -999.999 -999.999 -999.999 1.114 1.145 1.073 -999.999 -999.999 -999.999 0.000
328.520833 328.562500 111.412 121.071 140.653 142.543 142.213 145.977 152.203 151.374 154.202 160.560 -999.999 -999.999 -999.999 -999.999 85.552 93.151 111.164 112.920 112.783 112.162 117.371 115.898 119.103 124.221 -999.999 -999.999 -999.999 -999.999 74.775 81.475 96.182 96.695 98.907 100.065 105.120 103.851 109.185 111.847 -999.999 -999.999 -999.999 -999.999 1.125 1.302 -999.999 1.277 -999.999 -999.999 0.000
328.562500 328.604167 -999.999 129.065 139.656 135.492 134.495 130.436 137.684 147.010 147.762 151.169 -999.999 -999.999 -999.999 -999.999 -999.999 100.839 109.514 105.777 105.540 102.002 105.229 114.941 112.387 117.834 -999.999 -999.999 -999.999 -999.999 -999.999 86.957 96.237 94.469 95.256 93.548 97.242 105.636 105.184 108.688 -999.999 -999.999 -999.999 -999.999 -999.999 1.181 -999.999 1.156 -999.999 -999.999 0.000
328.604167 328.645833 102.554 114.906 99.928 97.463 81.610 85.043 85.719 90.212 96.411 -999.999 -999.999 -999.999 -999.999 -999.999 79.380 89.057 75.954 73.711 62.439 63.641 62.300 66.397 69.080 -999.999 -999.999 -999.999 -999.999 -999.999 67.618 78.814 70.395 67.654 61.165 62.595 62.707 68.039 71.432 -999.999 -999.999 -999.999 -999.999 -999.999 -999.999 -999.999 -999.999 -999.999 -999.999 -999.999 0.000
328.645833 328.687500 94.068 93.235 96.434 99.816 96.437 90.869 89.585 93.534 95.102 138.886 -999.999 -999.999 -999.999 -999.999 70.304 70.910 75.015 74.993 73.642 67.185 64.699 70.761 68.380 105.452 -999.999 -999.999 -999.999 -999.999 64.407 64.209 68.310 69.752 68.533 64.937 65.326 69.674 72.363 98.068 -999.999 -999.999 -999.999 -999.999 -999.999 -999.999 -999.999 -999.999 -999.999 -999.999 0.000
328.687500 328.729167 74.221 71.463 73.256 72.472 74.358 75.418 80.305 80.474 80.402 -999.999 -999.999 -999.999 -999.999 -999.999 55.015 54.466 53.792 54.169 54.523 54.753 57.793 56.523 55.776 -999.999 -999.999 -999.999 -999.999 -999.999 52.537 51.438 53.199 53.324 54.205 56.879 57.913 60.506 62.356 -999.999 -999.999 -999.999 -999.999 -999.999 1.164 1.217 -999.999 1.102 -999.999 -999.999 0.000
328.729167 328.770833 74.218 73.234 73.691 73.676 75.615 75.987 77.857 78.185 78.179 -999.999 -999.999 -999.999 -999.999 -999.999 53.940 53.879 55.034 54.882 54.683 55.655 54.641 54.860 54.777 -999.999 -999.999 -999.999 -999.999 -999.999 50.796 52.566 52.890 52.149 55.452 56.301 57.505 58.026 61.104 -999.999 -999.999 -999.999 -999.999 -999.999 1.169 1.135 -999.999 -999.999 -999.999 -999.999 0.000
328.770833 328.812500 74.545 76.094 76.186 76.339 77.217 78.082 76.865 79.420 81.087 -999.999 -999.999 -999.999 -999.999 -999.999 56.373 58.371 56.004 55.336 55.644 56.471 55.914 55.049 56.215 -999.999 -999.999 -999.999 -999.999 -999.999 54.301 53.819 55.231 54.985 56.803 57.191 58.623 60.515 62.677 -999.999 -999.999 -999.999 -999.999 -999.999 1.201 1.121 -999.999 -999.999 -999.999 -999.999 0.000
328.812500 328.854167 77.362 77.487 77.511 77.366 77.318 80.031 81.038 81.506 83.680 -999.999 -999.999 -999.999 -999.999 -999.999 58.881 58.031 57.864 57.137 57.566 55.711 55.489 56.572 58.018 -999.999 -999.999 -999.999 -999.999 -999.999 54.267 56.024 56.396 56.014 55.570 55.143 59.489 59.312 64.774 -999.999 -999.999 -999.999 -999.999 -999.999 1.157 1.145 -999.999 -999.999 -999.999 -999.999 0.000
328.854167 328.895833 75.285 75.118 76.868 75.773 75.119 77.275 78.538 79.973 82.123 -999.999 -999.999 -999.999 -999.999 -999.999 56.734 55.908 55.652 56.235 57.580 55.995 56.352 56.499 57.772 -999.999 -999.999 -999.999 -999.999 -999.999 52.739 54.949 52.157 53.665 54.533 56.082 59.608 59.768 64.428 -999.999 -999.999 -999.999 -999.999 -999.999 1.143 1.135 -999.999 -999.999 -999.999 -999.999 0.000
328.895833 328.937500 76.236 78.278 76.813 78.337 75.524 77.591 78.395 81.141 80.866 -999.999 -999.999 -999.999 -999.999 -999.999 57.281 56.645 56.586 57.623 57.351 57.484 58.054 57.341 57.297 -999.999 -999.999 -999.999 -999.999 -999.999 53.416 54.309 55.306 54.396 55.612 54.797 58.244 60.291 62.765 -999.999 -999.999 -999.999 -999.999 -999.999 1.155 1.124 1.051 -999.999 -999.999 -999.999 0.000
328.937500 328.979167 77.477 75.403 75.802 74.525 75.025 76.372 77.010 78.327 80.005 -999.999 -999.999 -999.999 -999.999 -999.999 56.561 54.866 57.612 55.812 56.150 55.244 56.349 54.554 57.099 -999.999 -999.999 -999.999 -999.999 -999.999 53.657 51.780 51.972 54.909 53.344 55.501 59.138 59.698 61.328 -999.999 -999.999 -999.999 -999.999 -999.999 1.133 1.116 -999.999 -999.999 -999.999 -999.999 0.000
328.979167 329.020833 81.604 82.635 81.897 84.560 80.093 79.790 83.367 84.539 84.471 -999.999 -999.999 -999.999 -999.999 -999.999 60.901 62.133 62.457 64.272 58.927 56.962 60.692 59.785 59.715 -999.999 -999.999 -999.999 -999.999 -999.999 55.548 57.185 57.739 57.550 57.185 57.156 60.582 60.326 62.666 -999.999 -999.999 -999.999 -999.999 -999.999 1.157 1.098 -999.999 -999.999 -999.999 -999.999 0.000
329.020833 329.062500 85.037 85.362 85.068 83.611 83.456 85.496 86.031 88.066 91.043 -999.999 -999.999 -999.999 -999.999 -999.999 63.366 65.559 63.947 63.294 62.938 63.390 62.428 63.146 63.994 -999.999 -999.999 -999.999 -999.999 -999.999 57.651 58.229 56.939 56.525 57.821 58.281 59.364 65.056 65.392 -999.999 -999.999 -999.999 -999.999 -999.999 1.130 1.150 -999.999 -999.999 -999.999 -999.999 0.000
329.062500 329.104167 -999.999 85.188 85.233 86.041 85.566 86.944 88.999 89.123 89.765 -999.999 -999.999 -999.999 -999.999 -999.999 -999.999 64.160 63.501 63.069 63.729 64.633 63.192 64.585 66.116 -999.999 -999.999 -999.999 -999.999 -999.999 -999.999 56.451 57.725 56.602 58.701 59.449 63.015 60.860 68.793 -999.999 -999.999 -999.999 -999.999 -999.999 1.135 1.142 -999.999 -999.999 -999.999 -999.999 0.000
329.104167 329.145833 -999.999 94.404 98.588 103.481 88.802 91.125 92.789 91.545 94.029 96.173 -999.999 -999.999 -999.999 -999.999 -999.999 70.314 74.410 77.324 66.356 68.383 68.023 65.644 66.296 68.052 -999.999 -999.999 -999.999 -999.999 -999.999 63.713 64.930 67.708 60.040 61.327 63.151 64.686 66.293 69.428 -999.999 -999.999 -999.999 -999.999 1.151 -999.999 -999.999 -999.999 -999.999 -999.999 0.000
329.145833 329.187500 105.874 109.587 113.007 116.463 120.198 113.799 106.294 115.386 120.981 -999.999 -999.999 -999.999 -999.999 -999.999 82.293 83.360 85.773 88.181 91.400 84.778 79.133 85.071 89.431 -999.999 -999.999 -999.999 -999.999 -999.999 70.096 71.080 73.258 74.205 79.437 76.049 74.993 80.762 85.166 -999.999 -999.999 -999.999 -999.999 -999.999 1.108 -999.999 -999.999 -999.999 -999.999 -999.999 0.000
329.187500 329.229167 123.040 118.313 117.701 119.417 121.833 122.657 123.275 125.060 133.719 -999.999 -999.999 -999.999 -999.999 -999.999 95.442 90.289 91.459 92.666 92.129 92.317 91.985 92.903 99.692 -999.999 -999.999 -999.999 -999.999 -999.999 83.348 76.306 77.037 78.751 81.102 83.779 83.948 89.719 92.756 -999.999 -999.999 -999.999 -999.999 -999.999 1.191 1.269 1.128 1.202 -999.999 -999.999 0.000
329.229167 329.270833 137.253 136.167 134.660 131.715 133.300 138.900 135.236 137.836 134.077 136.855 -999.999 -999.999 -999.999 -999.999 108.523 108.140 106.321 103.506 104.645 108.533 104.024 105.648 103.865 105.811 -999.999 -999.999 -999.999 -999.999 92.006 91.644 91.798 90.982 89.044 97.072 95.608 97.514 96.295 97.444 -999.999 -999.999 -999.999 -999.999 1.146 -999.999 -999.999 -999.999 -999.999 -999.999 0.000
329.270833 329.312500 -999.999 227.346 236.301 228.784 222.651 212.764 219.233 230.323 241.382 268.903 -999.999 -999.999 -999.999 -999.999 -999.999 189.701 192.995 186.952 187.280 175.547 179.145 187.698 199.592 217.496 -999.999 -999.999 -999.999 -999.999 -999.999 158.008 163.425 157.775 157.228 147.863 153.423 160.143 174.845 186.937 -999.999 -999.999 -999.999 -999.999 1.249 -999.999 1.250 -999.999 -999.999 -999.999 0.000
329.312500 329.354167 -999.999 239.655 237.381 246.070 243.980 246.938 253.768 262.744 270.386 288.813 -999.999 -999.999 -999.999 -999.999 -999.999 199.768 196.877 204.126 202.389 205.634 208.500 217.319 224.883 243.551 -999.999 -999.999 -999.999 -999.999 -999.999 162.543 166.928 168.592 172.725 175.758 180.648 186.828 196.980 213.215 -999.999 -999.999 -999.999 -999.999 1.266 1.306 1.270 1.317 -999.999 -999.999 0.000
329.354167 329.395833 -999.999 233.080 233.451 234.132 237.072 241.317 247.119 255.528 270.145 295.583 -999.999 -999.999 -999.999 -999.999 -999.999 194.325 193.252 195.731 197.395 200.829 205.186 212.076 223.826 249.291 -999.999 -999.999 -999.999 -999.999 -999.999 162.609 163.191 167.067 168.364 171.524 177.947 184.496 196.873 213.400 -999.999 -999.999 -999.999 -999.999 1.277 1.369 1.289 1.383 -999.999 -999.999 0.000
329.395833 329.437500 -999.999 225.757 228.762 232.396 235.199 237.044 240.529 244.052 255.017 271.759 -999.999 -999.999 -999.999 -999.999 -999.999 184.135 189.437 193.456 194.310 194.622 196.150 199.929 209.472 227.735 -999.999 -999.999 -999.999 -999.999 -999.999 155.384 155.557 161.520 164.653 167.980 168.534 177.251 184.076 203.329 -999.999 -999.999 -999.999 -999.999 1.289 1.288 1.301 1.300 -999.999 -999.999 0.000
