PGH/IN0003R.20110101000000.20190603000000.nephelometer.aerosol_light_scattering_coefficient.pm1.1y.1h.TSI_3563_PGH_ref_TSI_3563_PGH_wet..lev2.nas
118 1001 
Andrews, Elisabeth; Jefferson, Anne; Burgos, Maria A.  
US06L, National Oceanic and Atmospheric Administration , NOAA/ESRL/GMD,  "Earth System Research Laboratory, Global Monitoring Division", 325 Broadway, , CO 80305-3, Boulder, U.S.A. 
Burgos, Maria A. 
CAMPAIGN 
1 1 
2011 01 01 2019 06 03 
0.041667 
Days from the file reference point (start_time) 
50 
1 1 1 1 1 1 1 1 1 1 1 1 1 1 1 1 1 1 1 1 1 1 1 1 1 1 1 1 1 1 1 1 1 1 1 1 1 1 1 1 1 1 1 1 1 1 1 1 1 1  
9999.999999 9999.999 9999.999 9999.999 9999.999 9999.999 9999.999 9999.999 9999.999 9999.999 9999.999 9999.999 9999.999 9999.999 9999.999 9999.999 9999.999 9999.999 9999.999 9999.999 9999.999 9999.999 9999.999 9999.999 9999.999 9999.999 9999.999 9999.999 9999.999 9999.999 9999.999 9999.999 9999.999 9999.999 9999.999 9999.999 9999.999 9999.999 9999.999 9999.999 9999.999 9999.999 9999.999 999.999 999.999 999.999 999.999 999.999 999.999 9.999 
end_time of measurement, days from the file reference point 
aerosol_light_scattering_coefficient, 1/Mm, Wavelength=450nm, Matrix=pm1_humidified, RH=30% 
aerosol_light_scattering_coefficient, 1/Mm, Wavelength=450nm, Matrix=pm1_humidified, RH=35% 
aerosol_light_scattering_coefficient, 1/Mm, Wavelength=450nm, Matrix=pm1_humidified, RH=40% 
aerosol_light_scattering_coefficient, 1/Mm, Wavelength=450nm, Matrix=pm1_humidified, RH=45% 
aerosol_light_scattering_coefficient, 1/Mm, Wavelength=450nm, Matrix=pm1_humidified, RH=50% 
aerosol_light_scattering_coefficient, 1/Mm, Wavelength=450nm, Matrix=pm1_humidified, RH=55% 
aerosol_light_scattering_coefficient, 1/Mm, Wavelength=450nm, Matrix=pm1_humidified, RH=60% 
aerosol_light_scattering_coefficient, 1/Mm, Wavelength=450nm, Matrix=pm1_humidified, RH=65% 
aerosol_light_scattering_coefficient, 1/Mm, Wavelength=450nm, Matrix=pm1_humidified, RH=70% 
aerosol_light_scattering_coefficient, 1/Mm, Wavelength=450nm, Matrix=pm1_humidified, RH=75% 
aerosol_light_scattering_coefficient, 1/Mm, Wavelength=450nm, Matrix=pm1_humidified, RH=80% 
aerosol_light_scattering_coefficient, 1/Mm, Wavelength=450nm, Matrix=pm1_humidified, RH=85% 
aerosol_light_scattering_coefficient, 1/Mm, Wavelength=450nm, Matrix=pm1_humidified, RH=90% 
aerosol_light_scattering_coefficient, 1/Mm, Wavelength=450nm, Matrix=pm1_humidified, RH=95% 
aerosol_light_scattering_coefficient, 1/Mm, Wavelength=550nm, Matrix=pm1_humidified, RH=30% 
aerosol_light_scattering_coefficient, 1/Mm, Wavelength=550nm, Matrix=pm1_humidified, RH=35% 
aerosol_light_scattering_coefficient, 1/Mm, Wavelength=550nm, Matrix=pm1_humidified, RH=40% 
aerosol_light_scattering_coefficient, 1/Mm, Wavelength=550nm, Matrix=pm1_humidified, RH=45% 
aerosol_light_scattering_coefficient, 1/Mm, Wavelength=550nm, Matrix=pm1_humidified, RH=50% 
aerosol_light_scattering_coefficient, 1/Mm, Wavelength=550nm, Matrix=pm1_humidified, RH=55% 
aerosol_light_scattering_coefficient, 1/Mm, Wavelength=550nm, Matrix=pm1_humidified, RH=60% 
aerosol_light_scattering_coefficient, 1/Mm, Wavelength=550nm, Matrix=pm1_humidified, RH=65% 
aerosol_light_scattering_coefficient, 1/Mm, Wavelength=550nm, Matrix=pm1_humidified, RH=70% 
aerosol_light_scattering_coefficient, 1/Mm, Wavelength=550nm, Matrix=pm1_humidified, RH=75% 
aerosol_light_scattering_coefficient, 1/Mm, Wavelength=550nm, Matrix=pm1_humidified, RH=80% 
[...]
Version:                      1 
Version description:          interpolated scattering coefficients, calculated scattering enhancement factors as described in Burgos et al., 2018 
Height AGL:                   10m 
Inlet type:                   Hat or hood 
Inlet description:            Heated, stainless steel, see full description in Delene and Ogren, J. Atmos. Sci, 2002. 
Humidity/temperature control: Humidification 
Humidity/temperature control description: humidogram 
Volume std. temperature:       273.15 K 
Volume std. pressure:         1013.25 hPa 
Detection limit:              0.5 1/Mm 
Detection limit expl.:        Determined by instrument counting statistics, no detection limit flag used 
Measurement uncertainty expl.: Uncertainty analysis described in Burgos et al., 2019 
Zero/negative values code:    zero/negative possible 
Zero/negative values:         zero and neg. values may appear due to statistical variations at very low concentrations  
Standard method:              cal-gas=CO2+AIR_truncation-correction=Anderson1998 
Acknowledgement:              Request acknowledgement details from data originator 
start_time end_time scat_30_B scat_35_B scat_40_B scat_45_B scat_50_B scat_55_B scat_60_B scat_65_B scat_70_B scat_75_B scat_80_B scat_85_B scat_90_B scat_95_B scat_30_G scat_35_G scat_40_G scat_45_G scat_50_G scat_55_G scat_60_G scat_65_G scat_70_G scat_75_G scat_80_G scat_85_G scat_90_G scat_95_G scat_30_R scat_35_R scat_40_R scat_45_R scat_50_R scat_55_R scat_60_R scat_65_R scat_70_R scat_75_R scat_80_R scat_85_R scat_90_R scat_95_R f85dry_B f8540_B f85dry_G f8540_G f85dry_R f8540_R numflag 
[from data line 3331]
298.270833 298.312500 83.677 86.207 83.475 85.120 87.188 87.859 89.642 94.483 104.086 116.690 -999.999 -999.999 -999.999 -999.999 63.647 65.960 65.372 66.414 65.330 68.125 66.383 69.830 75.963 87.843 -999.999 -999.999 -999.999 -999.999 60.316 64.970 65.107 65.271 65.078 65.030 67.192 71.176 79.879 88.390 -999.999 -999.999 -999.999 -999.999 1.602 1.607 1.491 1.504 -999.999 -999.999 0.000
298.312500 298.354167 82.999 81.171 81.938 82.257 82.755 85.263 89.125 92.807 100.819 119.532 -999.999 -999.999 -999.999 -999.999 61.768 63.364 63.817 62.627 63.008 63.924 64.301 70.113 75.559 90.381 -999.999 -999.999 -999.999 -999.999 59.743 64.114 64.560 65.928 64.299 65.033 67.074 73.262 79.076 92.743 -999.999 -999.999 -999.999 -999.999 1.679 1.671 1.539 1.584 -999.999 -999.999 0.000
298.354167 298.395833 94.657 95.794 96.344 96.772 96.245 99.628 102.771 112.392 108.839 124.801 -999.999 -999.999 -999.999 -999.999 72.791 74.814 74.140 72.231 73.588 74.402 75.503 85.249 82.087 97.736 -999.999 -999.999 -999.999 -999.999 67.658 70.242 68.691 69.006 68.330 71.894 75.100 89.358 84.846 97.537 -999.999 -999.999 -999.999 -999.999 1.677 1.394 1.586 1.359 -999.999 -999.999 0.000
298.395833 298.437500 140.577 135.392 137.587 136.294 137.862 139.591 146.450 158.032 167.396 184.449 -999.999 -999.999 -999.999 -999.999 107.533 103.297 104.029 104.235 104.101 105.706 109.178 115.353 127.034 141.438 -999.999 -999.999 -999.999 -999.999 88.664 87.126 88.614 89.581 91.441 93.104 95.106 103.871 113.010 128.804 -999.999 -999.999 -999.999 -999.999 1.621 1.546 1.576 1.537 -999.999 -999.999 0.000
298.437500 298.479167 148.418 146.893 149.246 144.578 147.989 156.329 157.453 164.439 174.341 203.179 -999.999 -999.999 -999.999 -999.999 112.144 112.572 113.269 110.809 114.873 115.112 115.419 121.295 131.943 153.302 -999.999 -999.999 -999.999 -999.999 91.723 93.699 94.440 94.724 94.170 99.282 100.527 107.114 118.795 134.200 -999.999 -999.999 -999.999 -999.999 1.577 1.543 1.539 1.524 -999.999 -999.999 0.000
298.479167 298.520833 119.269 117.615 114.180 110.971 115.003 118.713 122.396 134.120 142.569 153.749 -999.999 -999.999 -999.999 -999.999 89.570 87.747 85.639 82.588 86.835 86.514 90.458 98.133 105.509 116.399 -999.999 -999.999 -999.999 -999.999 76.098 79.036 78.528 76.662 75.918 76.591 83.232 89.729 98.109 109.150 -999.999 -999.999 -999.999 -999.999 1.528 1.553 1.466 1.532 -999.999 -999.999 0.000
298.520833 298.562500 90.296 91.830 93.626 94.466 97.038 99.799 105.752 108.820 120.532 136.490 -999.999 -999.999 -999.999 -999.999 67.400 69.184 71.388 71.974 74.013 73.485 78.784 77.532 89.128 99.893 -999.999 -999.999 -999.999 -999.999 61.159 64.774 67.479 66.517 71.630 69.617 80.440 78.234 85.724 97.498 -999.999 -999.999 -999.999 -999.999 1.526 1.667 1.400 1.570 -999.999 -999.999 0.000
298.562500 298.604167 88.398 89.043 90.425 91.343 88.553 92.511 94.738 100.139 107.859 127.674 -999.999 -999.999 -999.999 -999.999 65.558 66.710 67.884 67.283 67.174 66.566 68.242 72.477 77.258 94.702 -999.999 -999.999 -999.999 -999.999 58.739 63.721 65.732 67.354 64.505 66.029 69.257 72.747 81.904 93.830 -999.999 -999.999 -999.999 -999.999 1.579 1.540 1.470 1.475 -999.999 -999.999 0.000
298.604167 298.645833 90.178 91.489 94.596 93.300 95.264 99.701 104.249 107.627 114.758 139.876 -999.999 -999.999 -999.999 -999.999 67.335 67.951 70.160 70.793 70.381 72.356 72.975 78.802 85.019 103.418 -999.999 -999.999 -999.999 -999.999 61.000 64.284 66.059 67.319 67.339 68.545 74.380 77.027 84.189 99.004 -999.999 -999.999 -999.999 -999.999 1.498 1.651 1.425 1.635 -999.999 -999.999 0.000
298.645833 298.687500 88.810 86.825 83.638 83.109 84.524 86.928 88.961 93.872 101.940 119.489 -999.999 -999.999 -999.999 -999.999 66.738 65.275 63.878 60.408 60.887 62.769 63.558 65.751 72.103 87.020 -999.999 -999.999 -999.999 -999.999 60.200 62.988 62.183 59.590 61.898 62.636 64.929 70.738 76.124 87.603 -999.999 -999.999 -999.999 -999.999 1.508 1.504 1.394 1.397 -999.999 -999.999 0.000
298.687500 298.729167 82.432 81.327 82.123 81.840 86.085 89.733 93.264 97.111 106.312 118.494 -999.999 -999.999 -999.999 -999.999 60.058 62.129 62.298 60.656 64.905 64.005 66.097 68.505 76.709 87.897 -999.999 -999.999 -999.999 -999.999 58.357 57.327 58.866 59.944 61.408 63.109 66.768 71.609 76.910 88.020 -999.999 -999.999 -999.999 -999.999 1.549 1.638 1.437 1.539 -999.999 -999.999 0.000
298.729167 298.770833 79.430 80.664 81.379 80.338 80.755 83.488 86.564 90.646 95.804 -999.999 -999.999 -999.999 -999.999 -999.999 58.854 58.797 60.559 58.902 59.267 58.952 59.729 64.767 68.567 -999.999 -999.999 -999.999 -999.999 -999.999 56.683 59.407 59.599 59.248 59.835 60.314 62.828 67.851 74.625 -999.999 -999.999 -999.999 -999.999 -999.999 1.526 1.493 1.445 1.428 -999.999 -999.999 0.000
298.770833 298.812500 75.434 76.156 77.431 75.548 77.443 79.317 84.085 86.742 91.939 -999.999 -999.999 -999.999 -999.999 -999.999 57.385 55.993 56.426 55.955 56.818 57.860 58.296 60.789 66.148 -999.999 -999.999 -999.999 -999.999 -999.999 54.898 53.146 56.112 56.914 55.492 56.275 60.236 65.227 70.392 -999.999 -999.999 -999.999 -999.999 -999.999 1.518 1.494 1.345 1.406 -999.999 -999.999 0.000
298.812500 298.854167 76.791 75.417 76.399 75.985 75.322 78.851 82.872 85.107 89.697 99.072 -999.999 -999.999 -999.999 -999.999 56.430 56.428 56.589 56.242 55.492 56.278 57.120 58.470 63.579 73.594 -999.999 -999.999 -999.999 -999.999 52.442 56.704 54.625 55.910 55.250 56.589 61.824 64.222 70.223 75.710 -999.999 -999.999 -999.999 -999.999 1.474 1.441 1.340 1.357 -999.999 -999.999 0.000
298.854167 298.895833 74.486 76.235 76.265 76.665 77.818 79.619 81.611 84.420 90.350 -999.999 -999.999 -999.999 -999.999 -999.999 56.141 56.844 56.224 56.644 58.118 56.339 57.380 60.766 63.969 -999.999 -999.999 -999.999 -999.999 -999.999 51.553 53.434 56.771 54.342 54.145 57.999 59.604 63.822 68.978 -999.999 -999.999 -999.999 -999.999 -999.999 1.463 1.476 1.340 1.383 -999.999 -999.999 0.000
298.895833 298.937500 77.368 75.841 77.656 77.981 78.011 79.463 82.644 86.741 90.962 -999.999 -999.999 -999.999 -999.999 -999.999 56.132 55.434 57.148 57.878 58.178 57.185 58.673 60.325 64.738 -999.999 -999.999 -999.999 -999.999 -999.999 52.450 57.196 56.453 55.720 54.871 57.534 59.640 66.191 69.719 -999.999 -999.999 -999.999 -999.999 -999.999 1.492 1.484 1.353 1.387 -999.999 -999.999 0.000
298.937500 298.979167 77.261 76.979 77.677 77.779 78.374 80.476 83.101 86.069 91.056 -999.999 -999.999 -999.999 -999.999 -999.999 56.724 56.965 58.687 57.017 57.723 56.662 56.766 60.242 64.227 -999.999 -999.999 -999.999 -999.999 -999.999 55.285 54.915 57.495 55.840 57.123 57.083 59.994 63.623 69.947 -999.999 -999.999 -999.999 -999.999 -999.999 1.496 1.489 1.336 1.349 -999.999 -999.999 0.000
298.979167 299.020833 77.042 78.581 85.799 79.578 78.869 82.005 83.957 87.751 92.855 105.013 -999.999 -999.999 -999.999 -999.999 56.439 57.485 67.230 57.731 56.832 58.147 58.473 61.703 66.526 75.238 -999.999 -999.999 -999.999 -999.999 53.503 55.434 68.794 54.442 55.424 55.275 60.867 63.108 71.048 77.311 -999.999 -999.999 -999.999 -999.999 1.477 1.337 1.328 1.171 -999.999 -999.999 0.000
299.020833 299.062500 76.840 79.430 79.407 79.011 79.504 83.866 85.424 91.206 90.927 104.220 -999.999 -999.999 -999.999 -999.999 56.013 58.600 58.702 58.389 57.695 59.487 59.842 62.395 65.595 73.643 -999.999 -999.999 -999.999 -999.999 52.896 55.885 56.693 54.075 56.752 57.850 61.241 65.321 69.756 76.282 -999.999 -999.999 -999.999 -999.999 1.476 1.463 1.312 1.346 -999.999 -999.999 0.000
299.062500 299.104167 -999.999 80.332 80.151 81.000 79.831 79.383 84.275 87.757 94.675 104.528 -999.999 -999.999 -999.999 -999.999 -999.999 57.983 59.606 58.795 58.483 58.396 57.391 60.514 64.284 73.609 -999.999 -999.999 -999.999 -999.999 -999.999 55.100 56.645 56.363 54.173 56.178 59.358 62.810 69.370 77.228 -999.999 -999.999 -999.999 -999.999 1.496 1.443 1.338 1.328 -999.999 -999.999 0.000
299.104167 299.145833 -999.999 86.895 86.131 86.409 84.267 88.488 90.560 98.288 104.183 119.458 -999.999 -999.999 -999.999 -999.999 -999.999 62.784 65.478 65.037 63.597 63.482 64.324 66.294 74.465 85.781 -999.999 -999.999 -999.999 -999.999 -999.999 60.214 61.947 57.571 60.209 60.272 64.143 68.534 76.093 83.032 -999.999 -999.999 -999.999 -999.999 1.492 1.550 1.370 1.445 -999.999 -999.999 0.000
299.145833 299.187500 -999.999 96.189 94.474 96.316 96.780 96.297 100.431 103.129 110.956 -999.999 -999.999 -999.999 -999.999 -999.999 -999.999 72.516 71.362 72.040 69.389 68.708 71.166 72.981 78.845 -999.999 -999.999 -999.999 -999.999 -999.999 -999.999 64.844 66.142 66.125 65.545 65.043 68.129 73.500 79.987 -999.999 -999.999 -999.999 -999.999 -999.999 1.501 1.459 1.357 1.352 -999.999 -999.999 0.000
299.187500 299.229167 -999.999 96.101 96.316 99.870 99.719 103.177 105.024 108.946 116.474 128.184 -999.999 -999.999 -999.999 -999.999 -999.999 72.044 73.661 72.696 75.674 75.875 73.576 78.552 84.295 94.600 -999.999 -999.999 -999.999 -999.999 -999.999 64.075 65.732 65.898 64.096 67.541 71.424 77.780 83.475 93.131 -999.999 -999.999 -999.999 -999.999 1.418 1.517 1.311 1.424 -999.999 -999.999 0.000
299.229167 299.270833 -999.999 115.987 116.931 114.739 118.469 120.681 119.382 121.541 132.657 140.990 -999.999 -999.999 -999.999 -999.999 -999.999 85.872 87.931 88.186 89.375 89.903 87.305 90.470 96.023 105.940 -999.999 -999.999 -999.999 -999.999 -999.999 75.012 76.394 75.595 75.617 78.629 79.752 84.024 92.582 98.700 -999.999 -999.999 -999.999 -999.999 1.559 1.325 1.475 1.304 -999.999 -999.999 0.000
299.270833 299.312500 -999.999 -999.999 -999.999 150.489 145.758 149.249 154.684 161.663 170.088 193.962 -999.999 -999.999 -999.999 -999.999 -999.999 -999.999 -999.999 113.822 111.135 111.508 113.926 118.348 127.813 149.138 -999.999 -999.999 -999.999 -999.999 -999.999 -999.999 -999.999 95.585 93.725 95.014 100.964 104.698 112.590 131.607 -999.999 -999.999 -999.999 -999.999 1.672 -999.999 1.649 -999.999 -999.999 -999.999 0.000
299.312500 299.354167 -999.999 -999.999 -999.999 -999.999 -999.999 -999.999 -999.999 -999.999 -999.999 -999.999 -999.999 -999.999 -999.999 -999.999 -999.999 -999.999 -999.999 -999.999 -999.999 -999.999 -999.999 -999.999 -999.999 -999.999 -999.999 -999.999 -999.999 -999.999 -999.999 -999.999 -999.999 -999.999 -999.999 -999.999 -999.999 -999.999 -999.999 -999.999 -999.999 -999.999 -999.999 -999.999 -999.999 -999.999 -999.999 -999.999 -999.999 -999.999 0.000
299.354167 299.395833 -999.999 -999.999 -999.999 -999.999 -999.999 -999.999 -999.999 -999.999 -999.999 -999.999 -999.999 -999.999 -999.999 -999.999 -999.999 -999.999 -999.999 -999.999 -999.999 -999.999 -999.999 -999.999 -999.999 -999.999 -999.999 -999.999 -999.999 -999.999 -999.999 -999.999 -999.999 -999.999 -999.999 -999.999 -999.999 -999.999 -999.999 -999.999 -999.999 -999.999 -999.999 -999.999 -999.999 -999.999 -999.999 -999.999 -999.999 -999.999 0.000
299.395833 299.437500 -999.999 -999.999 -999.999 -999.999 -999.999 -999.999 -999.999 -999.999 -999.999 -999.999 -999.999 -999.999 -999.999 -999.999 -999.999 -999.999 -999.999 -999.999 -999.999 -999.999 -999.999 -999.999 -999.999 -999.999 -999.999 -999.999 -999.999 -999.999 -999.999 -999.999 -999.999 -999.999 -999.999 -999.999 -999.999 -999.999 -999.999 -999.999 -999.999 -999.999 -999.999 -999.999 -999.999 -999.999 -999.999 -999.999 -999.999 -999.999 0.000
299.437500 299.479167 -999.999 -999.999 -999.999 -999.999 -999.999 -999.999 -999.999 -999.999 -999.999 -999.999 -999.999 -999.999 -999.999 -999.999 -999.999 -999.999 -999.999 -999.999 -999.999 -999.999 -999.999 -999.999 -999.999 -999.999 -999.999 -999.999 -999.999 -999.999 -999.999 -999.999 -999.999 -999.999 -999.999 -999.999 -999.999 -999.999 -999.999 -999.999 -999.999 -999.999 -999.999 -999.999 -999.999 -999.999 -999.999 -999.999 -999.999 -999.999 0.000
299.479167 299.520833 -999.999 -999.999 166.826 166.567 168.014 172.781 181.593 184.808 200.338 215.868 -999.999 -999.999 -999.999 -999.999 -999.999 -999.999 125.035 125.764 127.138 130.540 133.630 137.254 150.539 163.825 -999.999 -999.999 -999.999 -999.999 -999.999 -999.999 100.232 102.844 100.980 105.069 112.900 116.537 128.246 139.955 -999.999 -999.999 -999.999 -999.999 1.517 1.459 1.497 1.476 -999.999 -999.999 0.000
299.520833 299.562500 -999.999 147.545 143.476 146.018 148.751 153.411 158.048 159.020 171.501 189.445 -999.999 -999.999 -999.999 -999.999 -999.999 108.849 108.744 109.371 110.689 114.908 116.694 117.854 127.504 143.292 -999.999 -999.999 -999.999 -999.999 -999.999 88.278 87.291 91.281 91.919 96.856 96.242 102.957 110.380 122.018 -999.999 -999.999 -999.999 -999.999 1.463 1.505 1.438 1.490 -999.999 -999.999 0.000
299.562500 299.604167 -999.999 108.647 113.751 125.863 136.977 135.744 138.535 142.058 154.334 168.509 -999.999 -999.999 -999.999 -999.999 -999.999 81.586 84.811 94.695 101.211 100.049 101.286 102.918 113.551 126.997 -999.999 -999.999 -999.999 -999.999 -999.999 69.623 71.539 79.507 84.173 84.000 86.813 90.704 101.684 111.842 -999.999 -999.999 -999.999 -999.999 1.495 1.773 1.463 1.765 -999.999 -999.999 0.000
299.604167 299.645833 -999.999 130.092 134.286 136.423 135.950 140.800 148.391 157.189 163.824 -999.999 -999.999 -999.999 -999.999 -999.999 -999.999 96.634 101.973 101.996 101.368 103.836 108.921 115.417 122.386 -999.999 -999.999 -999.999 -999.999 -999.999 -999.999 76.956 82.563 85.291 86.599 88.626 92.768 99.757 107.675 -999.999 -999.999 -999.999 -999.999 -999.999 1.545 1.640 1.468 1.578 -999.999 -999.999 0.000
299.645833 299.687500 97.784 114.001 123.174 121.856 127.485 126.073 129.392 132.828 132.795 167.688 -999.999 -999.999 -999.999 -999.999 71.546 86.063 92.681 90.627 94.225 92.563 94.297 96.314 93.442 125.700 -999.999 -999.999 -999.999 -999.999 60.726 70.571 78.633 78.205 78.449 78.924 81.130 85.744 90.188 110.857 -999.999 -999.999 -999.999 -999.999 1.492 1.584 1.423 1.540 -999.999 -999.999 0.000
299.687500 299.729167 -999.999 97.936 100.173 96.905 85.516 85.387 86.522 89.486 93.389 108.093 -999.999 -999.999 -999.999 -999.999 -999.999 73.798 73.395 72.133 61.749 60.448 59.930 62.677 66.351 78.617 -999.999 -999.999 -999.999 -999.999 -999.999 62.786 63.972 63.989 58.362 57.977 59.158 64.184 70.198 81.024 -999.999 -999.999 -999.999 -999.999 1.651 -999.999 1.516 -999.999 -999.999 -999.999 0.000
299.729167 299.770833 -999.999 88.957 85.838 89.841 84.302 88.477 95.113 106.910 116.350 147.105 -999.999 -999.999 -999.999 -999.999 -999.999 66.227 61.847 65.540 62.820 62.143 68.141 77.542 84.884 114.624 -999.999 -999.999 -999.999 -999.999 -999.999 59.963 59.134 60.841 57.149 57.250 63.733 73.874 81.189 113.042 -999.999 -999.999 -999.999 -999.999 1.601 1.995 1.545 2.061 -999.999 -999.999 0.000
299.770833 299.812500 -999.999 105.764 105.859 111.161 119.747 110.257 109.470 113.097 112.622 124.059 -999.999 -999.999 -999.999 -999.999 -999.999 79.448 78.228 81.951 87.946 80.113 78.777 80.718 81.000 91.949 -999.999 -999.999 -999.999 -999.999 -999.999 68.413 69.789 72.001 74.862 71.643 72.352 77.568 80.352 90.063 -999.999 -999.999 -999.999 -999.999 1.559 -999.999 1.467 -999.999 -999.999 -999.999 0.000
299.812500 299.854167 77.697 79.010 78.967 79.616 79.932 81.971 85.112 89.561 95.687 108.653 -999.999 -999.999 -999.999 -999.999 57.466 58.489 59.582 58.930 59.739 58.792 60.143 63.271 69.070 79.952 -999.999 -999.999 -999.999 -999.999 53.908 53.659 54.734 56.919 55.428 57.304 60.522 64.343 71.031 80.173 -999.999 -999.999 -999.999 -999.999 1.486 1.516 1.358 1.429 -999.999 -999.999 0.000
