PGH/IN0003R.20110101000000.20190530000000.nephelometer.aerosol_light_scattering_coefficient.pm10.1y.1h.TSI_3563_PGH_ref_TSI_3563_PGH_wet..lev2.nas
118 1001 
Andrews, Elisabeth; Jefferson, Anne; Burgos, Maria A.  
US06L, National Oceanic and Atmospheric Administration , NOAA/ESRL/GMD,  "Earth System Research Laboratory, Global Monitoring Division", 325 Broadway, , CO 80305-3, Boulder, U.S.A. 
Burgos, Maria A. 
CAMPAIGN 
1 1 
2011 01 01 2019 05 30 
0.041667 
Days from the file reference point (start_time) 
50 
1 1 1 1 1 1 1 1 1 1 1 1 1 1 1 1 1 1 1 1 1 1 1 1 1 1 1 1 1 1 1 1 1 1 1 1 1 1 1 1 1 1 1 1 1 1 1 1 1 1  
9999.999999 9999.999 9999.999 9999.999 9999.999 9999.999 9999.999 9999.999 9999.999 9999.999 9999.999 9999.999 9999.999 9999.999 9999.999 9999.999 9999.999 9999.999 9999.999 9999.999 9999.999 9999.999 9999.999 9999.999 9999.999 9999.999 9999.999 9999.999 9999.999 9999.999 9999.999 9999.999 9999.999 9999.999 9999.999 9999.999 9999.999 9999.999 9999.999 9999.999 9999.999 9999.999 9999.999 999.999 999.999 999.999 999.999 999.999 999.999 9.999 
end_time of measurement, days from the file reference point 
aerosol_light_scattering_coefficient, 1/Mm, Wavelength=450nm, Matrix=pm10_humidified, RH=30% 
aerosol_light_scattering_coefficient, 1/Mm, Wavelength=450nm, Matrix=pm10_humidified, RH=35% 
aerosol_light_scattering_coefficient, 1/Mm, Wavelength=450nm, Matrix=pm10_humidified, RH=40% 
aerosol_light_scattering_coefficient, 1/Mm, Wavelength=450nm, Matrix=pm10_humidified, RH=45% 
aerosol_light_scattering_coefficient, 1/Mm, Wavelength=450nm, Matrix=pm10_humidified, RH=50% 
aerosol_light_scattering_coefficient, 1/Mm, Wavelength=450nm, Matrix=pm10_humidified, RH=55% 
aerosol_light_scattering_coefficient, 1/Mm, Wavelength=450nm, Matrix=pm10_humidified, RH=60% 
aerosol_light_scattering_coefficient, 1/Mm, Wavelength=450nm, Matrix=pm10_humidified, RH=65% 
aerosol_light_scattering_coefficient, 1/Mm, Wavelength=450nm, Matrix=pm10_humidified, RH=70% 
aerosol_light_scattering_coefficient, 1/Mm, Wavelength=450nm, Matrix=pm10_humidified, RH=75% 
aerosol_light_scattering_coefficient, 1/Mm, Wavelength=450nm, Matrix=pm10_humidified, RH=80% 
aerosol_light_scattering_coefficient, 1/Mm, Wavelength=450nm, Matrix=pm10_humidified, RH=85% 
aerosol_light_scattering_coefficient, 1/Mm, Wavelength=450nm, Matrix=pm10_humidified, RH=90% 
aerosol_light_scattering_coefficient, 1/Mm, Wavelength=450nm, Matrix=pm10_humidified, RH=95% 
aerosol_light_scattering_coefficient, 1/Mm, Wavelength=550nm, Matrix=pm10_humidified, RH=30% 
aerosol_light_scattering_coefficient, 1/Mm, Wavelength=550nm, Matrix=pm10_humidified, RH=35% 
aerosol_light_scattering_coefficient, 1/Mm, Wavelength=550nm, Matrix=pm10_humidified, RH=40% 
aerosol_light_scattering_coefficient, 1/Mm, Wavelength=550nm, Matrix=pm10_humidified, RH=45% 
aerosol_light_scattering_coefficient, 1/Mm, Wavelength=550nm, Matrix=pm10_humidified, RH=50% 
aerosol_light_scattering_coefficient, 1/Mm, Wavelength=550nm, Matrix=pm10_humidified, RH=55% 
aerosol_light_scattering_coefficient, 1/Mm, Wavelength=550nm, Matrix=pm10_humidified, RH=60% 
aerosol_light_scattering_coefficient, 1/Mm, Wavelength=550nm, Matrix=pm10_humidified, RH=65% 
aerosol_light_scattering_coefficient, 1/Mm, Wavelength=550nm, Matrix=pm10_humidified, RH=70% 
aerosol_light_scattering_coefficient, 1/Mm, Wavelength=550nm, Matrix=pm10_humidified, RH=75% 
aerosol_light_scattering_coefficient, 1/Mm, Wavelength=550nm, Matrix=pm10_humidified, RH=80% 
[...]
Version:                      1 
Version description:          interpolated scattering coefficients, calculated scattering enhancement factors as described in Burgos et al., 2018 
Height AGL:                   10m 
Inlet type:                   Hat or hood 
Inlet description:            Heated, stainless steel, see full description in Delene and Ogren, J. Atmos. Sci, 2002. 
Humidity/temperature control: Humidification 
Humidity/temperature control description: humidogram 
Volume std. temperature:       273.15 K 
Volume std. pressure:         1013.25 hPa 
Detection limit:              0.5 1/Mm 
Detection limit expl.:        Determined by instrument counting statistics, no detection limit flag used 
Measurement uncertainty expl.: Uncertainty analysis described in Burgos et al., 2019 
Zero/negative values code:    zero/negative possible 
Zero/negative values:         zero and neg. values may appear due to statistical variations at very low concentrations  
Standard method:              cal-gas=CO2+AIR_truncation-correction=Anderson1998 
Acknowledgement:              Request acknowledgement details from data originator 
start_time end_time scat_30_B scat_35_B scat_40_B scat_45_B scat_50_B scat_55_B scat_60_B scat_65_B scat_70_B scat_75_B scat_80_B scat_85_B scat_90_B scat_95_B scat_30_G scat_35_G scat_40_G scat_45_G scat_50_G scat_55_G scat_60_G scat_65_G scat_70_G scat_75_G scat_80_G scat_85_G scat_90_G scat_95_G scat_30_R scat_35_R scat_40_R scat_45_R scat_50_R scat_55_R scat_60_R scat_65_R scat_70_R scat_75_R scat_80_R scat_85_R scat_90_R scat_95_R f85dry_B f8540_B f85dry_G f8540_G f85dry_R f8540_R numflag 
[from data line 3325]
298.012500 298.054167 155.048 155.241 156.973 158.043 160.290 162.804 169.405 177.610 187.643 -999.999 -999.999 -999.999 -999.999 -999.999 144.827 144.579 147.637 146.699 150.710 152.124 157.533 164.580 173.363 -999.999 -999.999 -999.999 -999.999 -999.999 160.276 163.027 168.353 169.003 171.030 170.586 178.893 189.230 200.095 -999.999 -999.999 -999.999 -999.999 -999.999 1.428 1.414 1.371 1.363 1.508 1.427 0.000
298.054167 298.095833 157.937 160.588 159.354 162.099 165.011 165.598 171.786 181.123 195.771 -999.999 -999.999 -999.999 -999.999 -999.999 146.299 149.392 148.699 151.759 155.382 153.643 158.522 166.039 179.601 -999.999 -999.999 -999.999 -999.999 -999.999 161.715 166.863 170.809 173.476 174.066 175.241 177.850 190.313 207.452 -999.999 -999.999 -999.999 -999.999 -999.999 1.451 1.444 1.408 1.393 1.496 1.415 0.000
298.095833 298.137500 158.297 160.780 159.378 163.092 163.225 165.290 171.656 179.929 193.123 -999.999 -999.999 -999.999 -999.999 -999.999 145.650 151.055 148.935 152.108 152.523 154.721 158.229 165.730 177.010 -999.999 -999.999 -999.999 -999.999 -999.999 161.587 168.484 166.830 167.207 170.958 175.430 178.791 187.894 199.671 -999.999 -999.999 -999.999 -999.999 -999.999 1.430 1.418 1.366 1.370 1.480 1.433 0.000
298.137500 298.179167 159.992 160.450 163.158 165.899 164.306 164.870 169.876 177.189 187.248 -999.999 -999.999 -999.999 -999.999 -999.999 147.448 149.492 152.260 154.289 152.480 153.115 156.085 161.763 171.127 -999.999 -999.999 -999.999 -999.999 -999.999 162.613 164.880 172.116 171.595 172.384 172.204 183.391 183.270 200.285 -999.999 -999.999 -999.999 -999.999 -999.999 1.338 1.309 1.282 1.261 1.421 1.334 0.000
298.179167 298.220833 158.694 157.016 154.850 159.980 162.448 162.100 163.981 172.767 194.135 -999.999 -999.999 -999.999 -999.999 -999.999 147.288 145.733 144.381 149.852 151.953 150.928 150.716 159.280 177.908 -999.999 -999.999 -999.999 -999.999 -999.999 164.409 166.633 166.726 170.802 173.925 170.241 181.267 186.350 199.967 -999.999 -999.999 -999.999 -999.999 -999.999 1.307 1.439 1.268 1.397 1.373 1.404 0.000
298.220833 298.262500 168.606 163.919 161.647 166.630 169.727 170.443 178.779 181.653 199.555 -999.999 -999.999 -999.999 -999.999 -999.999 154.911 152.819 150.663 154.397 157.379 157.826 164.191 167.291 181.834 -999.999 -999.999 -999.999 -999.999 -999.999 167.904 171.402 166.939 173.386 176.426 174.337 180.822 191.677 203.904 -999.999 -999.999 -999.999 -999.999 -999.999 1.313 1.448 1.288 1.409 1.431 1.466 0.000
298.262500 298.304167 170.003 170.713 175.997 172.957 181.630 193.946 183.534 197.426 203.803 -999.999 -999.999 -999.999 -999.999 -999.999 155.464 157.432 165.441 159.662 169.164 181.718 167.222 180.588 186.344 -999.999 -999.999 -999.999 -999.999 -999.999 166.915 168.889 181.871 179.586 185.120 202.458 186.187 198.427 209.837 -999.999 -999.999 -999.999 -999.999 -999.999 1.330 1.365 1.298 1.311 1.418 1.358 0.000
298.304167 298.345833 168.446 165.744 166.584 169.920 174.177 180.614 181.808 193.464 207.350 -999.999 -999.999 -999.999 -999.999 -999.999 156.961 154.285 156.262 158.225 161.749 166.766 168.434 175.907 190.352 -999.999 -999.999 -999.999 -999.999 -999.999 167.926 169.875 172.778 174.622 178.347 185.976 191.098 193.067 210.961 -999.999 -999.999 -999.999 -999.999 -999.999 1.348 1.449 1.304 1.394 1.412 1.460 0.000
298.345833 298.387500 168.007 169.974 170.040 169.062 166.953 170.904 178.705 187.079 199.348 213.690 -999.999 -999.999 -999.999 -999.999 155.562 157.150 159.246 158.150 155.385 158.318 165.779 170.460 182.046 195.721 -999.999 -999.999 -999.999 -999.999 172.157 176.056 179.193 183.650 174.325 178.942 184.740 193.344 208.166 220.983 -999.999 -999.999 -999.999 -999.999 1.332 1.383 1.289 1.332 1.414 1.361 0.000
298.387500 298.429167 193.524 192.589 194.073 198.387 198.203 200.203 211.493 225.238 249.100 -999.999 -999.999 -999.999 -999.999 -999.999 173.791 174.922 176.201 180.195 179.512 182.347 190.490 201.684 221.580 -999.999 -999.999 -999.999 -999.999 -999.999 183.251 186.348 188.202 195.456 190.200 193.961 203.704 214.292 233.811 -999.999 -999.999 -999.999 -999.999 -999.999 1.322 1.657 1.316 1.595 1.413 1.529 0.000
298.429167 298.470833 249.777 250.845 253.768 253.421 257.413 260.727 271.302 283.539 307.018 336.037 -999.999 -999.999 -999.999 -999.999 219.849 219.701 223.085 224.039 224.920 229.690 237.008 247.309 265.426 291.726 -999.999 -999.999 -999.999 -999.999 209.936 214.331 218.103 218.804 220.398 224.303 228.812 244.985 259.990 283.953 -999.999 -999.999 -999.999 -999.999 1.365 1.482 1.356 1.451 1.451 1.466 0.000
298.470833 298.512500 254.008 253.143 251.295 248.885 247.090 254.977 209.292 231.189 221.768 -999.999 -999.999 -999.999 -999.999 -999.999 220.847 220.461 220.171 216.887 216.800 222.541 185.078 204.645 196.722 -999.999 -999.999 -999.999 -999.999 -999.999 213.607 214.754 220.385 214.099 216.071 218.932 190.527 212.743 211.459 -999.999 -999.999 -999.999 -999.999 -999.999 1.372 -999.999 1.351 -999.999 1.464 -999.999 0.000
298.512500 298.554167 187.016 189.876 189.377 186.687 185.021 185.967 188.700 195.398 209.927 -999.999 -999.999 -999.999 -999.999 -999.999 165.775 169.158 170.828 169.300 167.409 169.852 169.481 173.068 188.742 -999.999 -999.999 -999.999 -999.999 -999.999 171.034 176.660 178.685 180.207 180.789 181.603 183.547 189.457 206.202 -999.999 -999.999 -999.999 -999.999 -999.999 1.355 1.232 1.323 1.222 1.435 1.302 0.000
298.554167 298.595833 167.285 165.745 164.380 176.966 179.014 167.882 183.679 178.960 193.402 -999.999 -999.999 -999.999 -999.999 -999.999 150.222 147.735 146.327 160.353 163.383 150.023 165.292 160.225 172.441 -999.999 -999.999 -999.999 -999.999 -999.999 155.285 156.909 155.995 170.370 174.833 165.368 177.849 177.416 196.271 -999.999 -999.999 -999.999 -999.999 -999.999 1.308 1.355 1.277 1.357 1.437 1.458 0.000
298.595833 298.637500 175.400 173.315 175.143 175.199 174.733 173.953 181.730 195.120 212.343 -999.999 -999.999 -999.999 -999.999 -999.999 156.707 156.220 157.987 157.270 156.691 155.496 163.154 170.693 188.370 -999.999 -999.999 -999.999 -999.999 -999.999 159.418 166.752 165.371 171.497 166.917 168.710 178.621 185.035 204.588 -999.999 -999.999 -999.999 -999.999 -999.999 1.334 1.460 1.301 1.426 1.436 1.506 0.000
298.637500 298.679167 167.360 172.519 179.184 163.424 167.605 164.671 169.323 174.547 190.269 -999.999 -999.999 -999.999 -999.999 -999.999 149.347 154.085 159.651 147.266 154.111 149.021 151.062 155.973 170.551 -999.999 -999.999 -999.999 -999.999 -999.999 159.177 164.643 171.791 158.298 167.885 164.889 166.749 173.453 190.374 -999.999 -999.999 -999.999 -999.999 -999.999 1.272 1.189 1.268 1.187 1.435 1.267 0.000
298.679167 298.720833 207.596 187.741 172.043 165.993 165.130 159.533 161.046 166.869 178.222 -999.999 -999.999 -999.999 -999.999 -999.999 181.798 164.894 153.389 149.210 148.629 143.521 144.534 148.317 158.848 -999.999 -999.999 -999.999 -999.999 -999.999 183.552 170.940 168.408 159.895 160.678 159.330 163.301 166.922 174.995 -999.999 -999.999 -999.999 -999.999 -999.999 1.278 -999.999 1.261 -999.999 1.475 -999.999 0.000
298.720833 298.762500 163.351 163.133 159.138 163.377 167.149 164.315 166.455 170.657 183.623 -999.999 -999.999 -999.999 -999.999 -999.999 144.288 144.884 140.196 144.772 148.480 145.263 149.890 150.653 161.839 -999.999 -999.999 -999.999 -999.999 -999.999 151.047 151.984 153.234 150.112 158.764 158.538 159.449 165.411 177.236 -999.999 -999.999 -999.999 -999.999 -999.999 1.331 1.277 1.326 1.289 1.515 1.343 0.000
298.762500 298.804167 151.152 151.821 153.595 153.518 155.479 157.079 158.777 159.653 170.277 -999.999 -999.999 -999.999 -999.999 -999.999 134.949 135.412 136.953 136.772 137.952 140.447 141.038 140.876 150.577 -999.999 -999.999 -999.999 -999.999 -999.999 144.060 147.294 147.703 147.591 149.365 152.285 152.663 157.382 170.766 -999.999 -999.999 -999.999 -999.999 -999.999 1.319 1.202 1.299 1.182 1.561 1.279 0.000
298.804167 298.845833 145.603 145.432 147.433 149.031 149.344 150.721 152.641 157.657 162.496 -999.999 -999.999 -999.999 -999.999 -999.999 127.920 128.752 130.678 133.967 132.830 134.866 135.222 139.266 143.621 -999.999 -999.999 -999.999 -999.999 -999.999 135.047 137.693 142.773 138.579 143.347 144.000 144.771 149.498 156.887 -999.999 -999.999 -999.999 -999.999 -999.999 1.311 1.200 1.291 1.184 1.550 1.248 0.000
298.845833 298.887500 141.745 142.225 142.844 144.267 146.823 148.627 153.419 158.106 168.627 -999.999 -999.999 -999.999 -999.999 -999.999 126.561 127.380 128.156 128.567 131.208 131.869 136.129 139.964 149.145 -999.999 -999.999 -999.999 -999.999 -999.999 133.094 134.786 138.487 140.192 139.374 142.516 145.662 156.148 164.878 -999.999 -999.999 -999.999 -999.999 -999.999 1.289 1.350 1.262 1.328 1.477 1.403 0.000
298.887500 298.929167 143.229 144.646 145.792 144.984 148.031 149.098 153.599 156.522 166.645 -999.999 -999.999 -999.999 -999.999 -999.999 125.598 128.112 129.726 128.329 131.897 132.563 134.594 137.346 145.983 -999.999 -999.999 -999.999 -999.999 -999.999 134.108 137.397 134.862 140.350 141.485 141.894 143.246 153.165 159.779 -999.999 -999.999 -999.999 -999.999 -999.999 1.306 1.299 1.296 1.282 1.480 1.411 0.000
298.929167 298.970833 147.257 148.498 150.459 147.907 151.438 151.256 156.035 160.207 169.725 -999.999 -999.999 -999.999 -999.999 -999.999 130.211 132.210 134.340 132.950 136.175 135.205 138.221 141.538 150.976 -999.999 -999.999 -999.999 -999.999 -999.999 134.482 137.664 142.094 148.239 145.928 146.831 151.845 159.794 169.742 -999.999 -999.999 -999.999 -999.999 -999.999 1.296 1.296 1.267 1.284 1.462 1.403 0.000
298.970833 299.012500 149.571 150.652 150.640 151.989 152.756 153.381 158.525 162.697 173.595 -999.999 -999.999 -999.999 -999.999 -999.999 132.703 134.878 135.342 135.531 135.925 137.534 140.804 144.913 155.070 -999.999 -999.999 -999.999 -999.999 -999.999 141.759 144.769 145.797 146.117 147.624 146.092 150.956 160.244 170.516 -999.999 -999.999 -999.999 -999.999 -999.999 1.299 1.309 1.283 1.295 1.458 1.372 0.000
299.012500 299.054167 151.168 151.220 153.250 152.426 153.268 156.635 167.837 162.635 173.083 -999.999 -999.999 -999.999 -999.999 -999.999 133.761 133.746 136.095 136.392 137.324 139.966 151.981 142.791 153.299 -999.999 -999.999 -999.999 -999.999 -999.999 141.327 141.851 145.855 145.170 146.979 146.903 165.106 155.717 172.312 -999.999 -999.999 -999.999 -999.999 -999.999 1.313 1.292 1.289 1.286 1.481 1.355 0.000
299.054167 299.095833 150.998 150.457 150.577 153.285 152.965 152.929 158.904 165.384 178.576 -999.999 -999.999 -999.999 -999.999 -999.999 133.849 133.955 134.226 136.504 135.609 136.156 141.221 146.452 158.412 -999.999 -999.999 -999.999 -999.999 -999.999 139.874 141.988 143.664 143.245 146.279 144.978 152.292 162.081 175.841 -999.999 -999.999 -999.999 -999.999 -999.999 1.299 1.389 1.282 1.387 1.468 1.478 0.000
299.095833 299.137500 171.126 166.007 164.152 166.747 166.233 167.910 174.534 187.507 198.126 239.700 -999.999 -999.999 -999.999 -999.999 152.104 146.960 145.630 147.310 147.905 147.821 154.681 166.422 174.653 219.259 -999.999 -999.999 -999.999 -999.999 152.185 155.620 151.706 154.136 156.508 155.105 162.973 178.153 188.200 238.621 -999.999 -999.999 -999.999 -999.999 1.353 1.479 1.355 1.502 1.481 1.584 0.000
299.137500 299.179167 -999.999 180.589 180.483 181.306 188.896 186.735 190.711 195.304 210.599 -999.999 -999.999 -999.999 -999.999 -999.999 -999.999 160.439 161.562 161.922 166.845 166.937 167.393 172.020 186.634 -999.999 -999.999 -999.999 -999.999 -999.999 -999.999 165.830 168.597 166.984 173.845 173.181 175.897 182.442 199.128 -999.999 -999.999 -999.999 -999.999 -999.999 1.294 1.357 1.256 1.329 1.413 1.413 0.000
299.179167 299.220833 195.407 196.667 196.787 195.908 196.763 198.804 200.408 213.671 224.745 -999.999 -999.999 -999.999 -999.999 -999.999 174.216 175.492 174.944 173.859 174.865 176.607 177.990 190.904 199.829 -999.999 -999.999 -999.999 -999.999 -999.999 175.539 179.645 181.312 175.619 182.867 184.406 184.668 201.338 212.463 -999.999 -999.999 -999.999 -999.999 -999.999 1.248 1.298 1.237 1.290 1.359 1.360 0.000
299.220833 299.262500 207.347 209.020 208.539 206.213 206.230 209.296 215.140 219.650 232.867 240.395 -999.999 -999.999 -999.999 -999.999 182.914 184.733 185.639 183.163 182.240 186.504 191.111 192.199 206.212 212.651 -999.999 -999.999 -999.999 -999.999 182.006 188.132 187.911 187.386 184.200 189.309 193.538 199.610 214.106 220.570 -999.999 -999.999 -999.999 -999.999 1.265 1.224 1.248 1.213 1.366 1.269 0.000
299.262500 299.304167 -999.999 223.204 228.261 228.352 251.824 274.307 285.605 296.903 307.430 318.411 -999.999 -999.999 -999.999 -999.999 -999.999 197.947 202.768 201.667 222.988 241.627 250.966 260.304 269.303 280.425 -999.999 -999.999 -999.999 -999.999 -999.999 196.891 202.308 198.549 218.697 231.725 241.667 251.609 261.000 276.189 -999.999 -999.999 -999.999 -999.999 1.302 1.711 1.299 1.693 1.328 1.661 0.000
299.304167 299.345833 -999.999 -999.999 -999.999 -999.999 -999.999 -999.999 -999.999 -999.999 -999.999 -999.999 -999.999 -999.999 -999.999 -999.999 -999.999 -999.999 -999.999 -999.999 -999.999 -999.999 -999.999 -999.999 -999.999 -999.999 -999.999 -999.999 -999.999 -999.999 -999.999 -999.999 -999.999 -999.999 -999.999 -999.999 -999.999 -999.999 -999.999 -999.999 -999.999 -999.999 -999.999 -999.999 -999.999 -999.999 -999.999 -999.999 -999.999 -999.999 0.000
299.345833 299.387500 -999.999 -999.999 -999.999 -999.999 -999.999 -999.999 -999.999 -999.999 -999.999 -999.999 -999.999 -999.999 -999.999 -999.999 -999.999 -999.999 -999.999 -999.999 -999.999 -999.999 -999.999 -999.999 -999.999 -999.999 -999.999 -999.999 -999.999 -999.999 -999.999 -999.999 -999.999 -999.999 -999.999 -999.999 -999.999 -999.999 -999.999 -999.999 -999.999 -999.999 -999.999 -999.999 -999.999 -999.999 -999.999 -999.999 -999.999 -999.999 0.000
299.387500 299.429167 -999.999 -999.999 -999.999 -999.999 -999.999 -999.999 -999.999 -999.999 -999.999 -999.999 -999.999 -999.999 -999.999 -999.999 -999.999 -999.999 -999.999 -999.999 -999.999 -999.999 -999.999 -999.999 -999.999 -999.999 -999.999 -999.999 -999.999 -999.999 -999.999 -999.999 -999.999 -999.999 -999.999 -999.999 -999.999 -999.999 -999.999 -999.999 -999.999 -999.999 -999.999 -999.999 -999.999 -999.999 -999.999 -999.999 -999.999 -999.999 0.000
299.429167 299.470833 -999.999 -999.999 -999.999 -999.999 -999.999 -999.999 -999.999 -999.999 -999.999 -999.999 -999.999 -999.999 -999.999 -999.999 -999.999 -999.999 -999.999 -999.999 -999.999 -999.999 -999.999 -999.999 -999.999 -999.999 -999.999 -999.999 -999.999 -999.999 -999.999 -999.999 -999.999 -999.999 -999.999 -999.999 -999.999 -999.999 -999.999 -999.999 -999.999 -999.999 -999.999 -999.999 -999.999 -999.999 -999.999 -999.999 -999.999 -999.999 0.000
299.470833 299.512500 -999.999 303.501 302.861 306.449 305.997 305.661 311.445 317.530 330.444 374.479 -999.999 -999.999 -999.999 -999.999 -999.999 263.495 262.827 267.470 268.185 267.460 272.207 276.522 288.305 326.168 -999.999 -999.999 -999.999 -999.999 -999.999 248.543 249.572 253.283 253.108 254.850 255.205 263.735 285.546 308.505 -999.999 -999.999 -999.999 -999.999 1.301 1.237 1.293 1.240 1.321 1.289 0.000
299.512500 299.554167 -999.999 309.624 320.346 328.845 334.480 338.224 345.075 347.344 361.731 357.717 -999.999 -999.999 -999.999 -999.999 -999.999 267.696 279.301 286.574 291.503 295.326 299.703 301.538 314.128 312.324 -999.999 -999.999 -999.999 -999.999 -999.999 247.894 262.237 266.584 273.066 276.587 288.017 290.428 301.911 302.346 -999.999 -999.999 -999.999 -999.999 1.395 1.242 1.390 1.245 1.454 1.312 0.000
299.554167 299.595833 225.829 207.542 208.907 252.784 279.994 273.274 276.872 317.308 335.235 304.912 -999.999 -999.999 -999.999 -999.999 196.118 180.162 181.071 219.684 244.720 239.059 241.009 275.201 291.414 265.738 -999.999 -999.999 -999.999 -999.999 182.148 175.014 180.519 212.678 233.862 227.072 231.633 264.696 284.393 256.819 -999.999 -999.999 -999.999 -999.999 1.381 1.983 1.382 1.998 1.450 1.973 0.000
