PGH/IN0003R.20110101000000.20190530000000.nephelometer.aerosol_light_scattering_coefficient.pm10.1y.1h.TSI_3563_PGH_ref_TSI_3563_PGH_wet..lev2.nas
118 1001 
Andrews, Elisabeth; Jefferson, Anne; Burgos, Maria A.  
US06L, National Oceanic and Atmospheric Administration , NOAA/ESRL/GMD,  "Earth System Research Laboratory, Global Monitoring Division", 325 Broadway, , CO 80305-3, Boulder, U.S.A. 
Burgos, Maria A. 
CAMPAIGN 
1 1 
2011 01 01 2019 05 30 
0.041667 
Days from the file reference point (start_time) 
50 
1 1 1 1 1 1 1 1 1 1 1 1 1 1 1 1 1 1 1 1 1 1 1 1 1 1 1 1 1 1 1 1 1 1 1 1 1 1 1 1 1 1 1 1 1 1 1 1 1 1  
9999.999999 9999.999 9999.999 9999.999 9999.999 9999.999 9999.999 9999.999 9999.999 9999.999 9999.999 9999.999 9999.999 9999.999 9999.999 9999.999 9999.999 9999.999 9999.999 9999.999 9999.999 9999.999 9999.999 9999.999 9999.999 9999.999 9999.999 9999.999 9999.999 9999.999 9999.999 9999.999 9999.999 9999.999 9999.999 9999.999 9999.999 9999.999 9999.999 9999.999 9999.999 9999.999 9999.999 999.999 999.999 999.999 999.999 999.999 999.999 9.999 
end_time of measurement, days from the file reference point 
aerosol_light_scattering_coefficient, 1/Mm, Wavelength=450nm, Matrix=pm10_humidified, RH=30% 
aerosol_light_scattering_coefficient, 1/Mm, Wavelength=450nm, Matrix=pm10_humidified, RH=35% 
aerosol_light_scattering_coefficient, 1/Mm, Wavelength=450nm, Matrix=pm10_humidified, RH=40% 
aerosol_light_scattering_coefficient, 1/Mm, Wavelength=450nm, Matrix=pm10_humidified, RH=45% 
aerosol_light_scattering_coefficient, 1/Mm, Wavelength=450nm, Matrix=pm10_humidified, RH=50% 
aerosol_light_scattering_coefficient, 1/Mm, Wavelength=450nm, Matrix=pm10_humidified, RH=55% 
aerosol_light_scattering_coefficient, 1/Mm, Wavelength=450nm, Matrix=pm10_humidified, RH=60% 
aerosol_light_scattering_coefficient, 1/Mm, Wavelength=450nm, Matrix=pm10_humidified, RH=65% 
aerosol_light_scattering_coefficient, 1/Mm, Wavelength=450nm, Matrix=pm10_humidified, RH=70% 
aerosol_light_scattering_coefficient, 1/Mm, Wavelength=450nm, Matrix=pm10_humidified, RH=75% 
aerosol_light_scattering_coefficient, 1/Mm, Wavelength=450nm, Matrix=pm10_humidified, RH=80% 
aerosol_light_scattering_coefficient, 1/Mm, Wavelength=450nm, Matrix=pm10_humidified, RH=85% 
aerosol_light_scattering_coefficient, 1/Mm, Wavelength=450nm, Matrix=pm10_humidified, RH=90% 
aerosol_light_scattering_coefficient, 1/Mm, Wavelength=450nm, Matrix=pm10_humidified, RH=95% 
aerosol_light_scattering_coefficient, 1/Mm, Wavelength=550nm, Matrix=pm10_humidified, RH=30% 
aerosol_light_scattering_coefficient, 1/Mm, Wavelength=550nm, Matrix=pm10_humidified, RH=35% 
aerosol_light_scattering_coefficient, 1/Mm, Wavelength=550nm, Matrix=pm10_humidified, RH=40% 
aerosol_light_scattering_coefficient, 1/Mm, Wavelength=550nm, Matrix=pm10_humidified, RH=45% 
aerosol_light_scattering_coefficient, 1/Mm, Wavelength=550nm, Matrix=pm10_humidified, RH=50% 
aerosol_light_scattering_coefficient, 1/Mm, Wavelength=550nm, Matrix=pm10_humidified, RH=55% 
aerosol_light_scattering_coefficient, 1/Mm, Wavelength=550nm, Matrix=pm10_humidified, RH=60% 
aerosol_light_scattering_coefficient, 1/Mm, Wavelength=550nm, Matrix=pm10_humidified, RH=65% 
aerosol_light_scattering_coefficient, 1/Mm, Wavelength=550nm, Matrix=pm10_humidified, RH=70% 
aerosol_light_scattering_coefficient, 1/Mm, Wavelength=550nm, Matrix=pm10_humidified, RH=75% 
aerosol_light_scattering_coefficient, 1/Mm, Wavelength=550nm, Matrix=pm10_humidified, RH=80% 
[...]
Version:                      1 
Version description:          interpolated scattering coefficients, calculated scattering enhancement factors as described in Burgos et al., 2018 
Height AGL:                   10m 
Inlet type:                   Hat or hood 
Inlet description:            Heated, stainless steel, see full description in Delene and Ogren, J. Atmos. Sci, 2002. 
Humidity/temperature control: Humidification 
Humidity/temperature control description: humidogram 
Volume std. temperature:       273.15 K 
Volume std. pressure:         1013.25 hPa 
Detection limit:              0.5 1/Mm 
Detection limit expl.:        Determined by instrument counting statistics, no detection limit flag used 
Measurement uncertainty expl.: Uncertainty analysis described in Burgos et al., 2019 
Zero/negative values code:    zero/negative possible 
Zero/negative values:         zero and neg. values may appear due to statistical variations at very low concentrations  
Standard method:              cal-gas=CO2+AIR_truncation-correction=Anderson1998 
Acknowledgement:              Request acknowledgement details from data originator 
start_time end_time scat_30_B scat_35_B scat_40_B scat_45_B scat_50_B scat_55_B scat_60_B scat_65_B scat_70_B scat_75_B scat_80_B scat_85_B scat_90_B scat_95_B scat_30_G scat_35_G scat_40_G scat_45_G scat_50_G scat_55_G scat_60_G scat_65_G scat_70_G scat_75_G scat_80_G scat_85_G scat_90_G scat_95_G scat_30_R scat_35_R scat_40_R scat_45_R scat_50_R scat_55_R scat_60_R scat_65_R scat_70_R scat_75_R scat_80_R scat_85_R scat_90_R scat_95_R f85dry_B f8540_B f85dry_G f8540_G f85dry_R f8540_R numflag 
[from data line 4256]
336.804167 336.845833 169.269 172.705 186.997 141.515 161.334 205.177 247.373 223.464 217.975 -999.999 -999.999 -999.999 -999.999 -999.999 142.615 146.252 160.454 120.758 137.807 174.676 212.561 191.605 187.472 -999.999 -999.999 -999.999 -999.999 -999.999 133.645 136.012 151.085 116.920 131.693 163.201 196.966 184.240 185.132 -999.999 -999.999 -999.999 -999.999 -999.999 1.418 1.691 1.447 1.712 1.605 1.795 0.000
336.845833 336.887500 158.829 174.103 160.838 172.520 159.215 173.631 187.286 191.057 197.453 -999.999 -999.999 -999.999 -999.999 -999.999 134.970 148.334 136.411 144.696 134.434 147.472 158.987 162.033 168.202 -999.999 -999.999 -999.999 -999.999 -999.999 128.048 136.353 132.476 136.995 128.997 140.850 151.115 159.269 166.033 -999.999 -999.999 -999.999 -999.999 -999.999 1.312 1.453 1.338 1.463 1.549 1.540 0.000
336.887500 336.929167 159.424 157.117 136.255 144.489 134.175 148.771 158.265 158.222 152.793 -999.999 -999.999 -999.999 -999.999 -999.999 133.713 132.335 113.596 121.254 109.137 125.658 132.729 133.169 128.765 -999.999 -999.999 -999.999 -999.999 -999.999 125.653 124.596 109.736 115.471 108.133 120.621 129.574 133.259 130.737 -999.999 -999.999 -999.999 -999.999 -999.999 -999.999 -999.999 -999.999 -999.999 1.517 1.398 0.000
336.929167 336.970833 135.363 136.509 129.185 127.578 112.130 117.176 108.068 108.964 137.015 -999.999 -999.999 -999.999 -999.999 -999.999 114.572 115.189 107.131 106.815 94.636 97.411 87.786 89.415 109.024 -999.999 -999.999 -999.999 -999.999 -999.999 112.803 112.752 106.495 103.806 94.587 96.302 91.769 97.923 117.346 -999.999 -999.999 -999.999 -999.999 -999.999 1.232 -999.999 -999.999 -999.999 1.558 -999.999 0.000
336.970833 337.012500 107.681 106.448 112.004 110.781 110.563 112.589 120.289 123.020 112.572 -999.999 -999.999 -999.999 -999.999 -999.999 88.871 85.441 94.421 90.576 92.707 94.494 97.784 101.105 89.953 -999.999 -999.999 -999.999 -999.999 -999.999 89.372 88.679 93.142 91.609 92.240 96.080 98.020 105.651 97.195 -999.999 -999.999 -999.999 -999.999 -999.999 1.214 -999.999 -999.999 -999.999 1.652 -999.999 0.000
337.012500 337.054167 106.304 110.224 84.734 101.085 127.440 126.236 131.441 154.309 163.778 -999.999 -999.999 -999.999 -999.999 -999.999 89.340 91.722 69.571 83.382 107.072 107.568 110.220 130.599 140.719 -999.999 -999.999 -999.999 -999.999 -999.999 88.211 90.625 75.139 83.515 104.511 105.590 113.315 131.729 142.809 -999.999 -999.999 -999.999 -999.999 -999.999 -999.999 2.624 -999.999 2.803 -999.999 2.678 0.000
337.054167 337.095833 68.327 73.737 77.073 74.620 76.626 80.715 83.628 103.250 79.967 -999.999 -999.999 -999.999 -999.999 -999.999 55.002 58.786 64.179 59.883 62.075 62.443 67.450 86.956 63.406 -999.999 -999.999 -999.999 -999.999 -999.999 61.189 65.027 69.033 67.787 70.565 70.622 78.760 95.627 77.754 -999.999 -999.999 -999.999 -999.999 -999.999 -999.999 -999.999 -999.999 -999.999 1.985 1.670 0.000
337.095833 337.137500 76.301 79.399 70.630 97.999 104.407 106.485 142.297 136.334 118.806 -999.999 -999.999 -999.999 -999.999 -999.999 60.480 66.285 57.047 83.838 88.944 91.766 124.153 117.175 100.785 -999.999 -999.999 -999.999 -999.999 -999.999 65.547 71.347 65.595 85.188 94.362 94.955 123.543 121.827 110.421 -999.999 -999.999 -999.999 -999.999 -999.999 -999.999 3.132 -999.999 3.396 -999.999 3.134 0.000
337.137500 337.179167 180.067 198.347 222.532 216.516 225.788 233.547 216.607 264.666 286.584 -999.999 -999.999 -999.999 -999.999 -999.999 155.605 171.709 193.557 189.095 195.926 203.903 189.216 231.738 250.189 -999.999 -999.999 -999.999 -999.999 -999.999 146.827 162.751 178.980 176.018 183.192 191.876 184.040 219.720 244.475 -999.999 -999.999 -999.999 -999.999 -999.999 -999.999 1.617 -999.999 1.640 -999.999 1.803 0.000
337.179167 337.220833 285.585 281.606 263.710 264.390 270.917 297.155 366.744 329.702 366.700 -999.999 -999.999 -999.999 -999.999 -999.999 249.235 244.056 227.440 228.976 237.228 257.151 321.505 289.909 323.574 -999.999 -999.999 -999.999 -999.999 -999.999 219.478 219.553 210.118 212.555 224.039 238.405 296.215 275.849 310.136 -999.999 -999.999 -999.999 -999.999 -999.999 1.358 2.004 1.403 2.084 1.540 2.224 0.000
337.220833 337.262500 348.980 380.498 405.297 433.409 421.193 429.898 409.390 475.220 408.672 -999.999 -999.999 -999.999 -999.999 -999.999 304.608 331.488 351.496 378.126 369.458 377.677 358.674 417.271 360.492 -999.999 -999.999 -999.999 -999.999 -999.999 272.894 301.566 317.522 339.128 331.123 341.476 331.765 386.952 338.544 -999.999 -999.999 -999.999 -999.999 -999.999 -999.999 -999.999 1.318 1.344 1.440 1.431 0.000
337.262500 337.304167 486.622 485.426 461.731 473.598 556.184 468.750 578.512 540.295 640.282 -999.999 -999.999 -999.999 -999.999 -999.999 424.386 424.968 405.693 416.256 487.633 411.442 506.634 475.411 563.901 -999.999 -999.999 -999.999 -999.999 -999.999 368.462 374.837 362.736 376.419 434.238 373.733 463.219 435.365 509.561 -999.999 -999.999 -999.999 -999.999 -999.999 -999.999 1.772 -999.999 1.797 1.348 1.884 0.000
337.304167 337.345833 600.124 587.298 597.956 579.429 621.226 657.077 660.302 729.905 746.588 -999.999 -999.999 -999.999 -999.999 -999.999 523.099 511.862 519.814 505.974 545.908 578.701 582.470 642.600 660.701 -999.999 -999.999 -999.999 -999.999 -999.999 457.002 449.791 461.828 450.336 485.929 514.358 519.963 577.057 600.421 -999.999 -999.999 -999.999 -999.999 -999.999 1.315 1.594 1.349 1.638 1.396 1.716 0.000
337.345833 337.387500 -999.999 639.728 630.505 652.052 666.822 676.445 671.703 701.087 702.569 -999.999 -999.999 -999.999 -999.999 -999.999 -999.999 555.367 552.342 570.534 584.986 590.496 590.268 616.343 616.831 -999.999 -999.999 -999.999 -999.999 -999.999 -999.999 489.780 490.895 501.555 517.780 522.487 532.388 556.174 560.312 -999.999 -999.999 -999.999 -999.999 -999.999 1.279 1.244 1.306 1.258 1.338 1.305 0.000
337.387500 337.429167 -999.999 -999.999 -999.999 -999.999 -999.999 -999.999 -999.999 -999.999 -999.999 -999.999 -999.999 -999.999 -999.999 -999.999 -999.999 -999.999 -999.999 -999.999 -999.999 -999.999 -999.999 -999.999 -999.999 -999.999 -999.999 -999.999 -999.999 -999.999 -999.999 -999.999 -999.999 -999.999 -999.999 -999.999 -999.999 -999.999 -999.999 -999.999 -999.999 -999.999 -999.999 -999.999 -999.999 -999.999 -999.999 -999.999 -999.999 -999.999 0.000
337.429167 337.470833 -999.999 -999.999 -999.999 -999.999 -999.999 -999.999 838.765 854.593 884.828 -999.999 -999.999 -999.999 -999.999 -999.999 -999.999 -999.999 -999.999 -999.999 -999.999 -999.999 735.981 752.418 779.564 -999.999 -999.999 -999.999 -999.999 -999.999 -999.999 -999.999 -999.999 -999.999 -999.999 -999.999 650.048 669.576 695.763 -999.999 -999.999 -999.999 -999.999 -999.999 -999.999 -999.999 -999.999 -999.999 -999.999 -999.999 0.000
337.470833 337.512500 -999.999 734.553 748.882 776.761 792.406 825.052 850.599 891.416 932.399 -999.999 -999.999 -999.999 -999.999 -999.999 -999.999 641.095 654.996 680.267 697.903 725.613 752.228 788.114 832.378 -999.999 -999.999 -999.999 -999.999 -999.999 -999.999 557.103 570.411 598.475 616.463 641.829 668.019 705.523 740.242 -999.999 -999.999 -999.999 -999.999 -999.999 1.377 1.535 1.417 1.590 1.451 1.674 0.000
337.512500 337.554167 -999.999 724.805 701.413 713.759 737.419 760.928 793.028 837.343 830.524 -999.999 -999.999 -999.999 -999.999 -999.999 -999.999 633.282 613.404 629.949 650.990 673.280 698.483 739.790 735.618 -999.999 -999.999 -999.999 -999.999 -999.999 -999.999 553.657 541.167 550.733 576.368 601.739 619.476 663.711 658.292 -999.999 -999.999 -999.999 -999.999 -999.999 1.394 1.394 1.431 1.429 1.464 1.493 0.000
337.554167 337.595833 -999.999 -999.999 -999.999 -999.999 -999.999 -999.999 -999.999 -999.999 -999.999 -999.999 -999.999 -999.999 -999.999 -999.999 -999.999 -999.999 -999.999 -999.999 -999.999 -999.999 -999.999 -999.999 -999.999 -999.999 -999.999 -999.999 -999.999 -999.999 -999.999 -999.999 -999.999 -999.999 -999.999 -999.999 -999.999 -999.999 -999.999 -999.999 -999.999 -999.999 -999.999 -999.999 -999.999 -999.999 -999.999 -999.999 -999.999 -999.999 0.000
337.595833 337.637500 419.845 386.543 403.780 499.209 565.607 586.921 666.895 692.905 740.391 -999.999 -999.999 -999.999 -999.999 -999.999 366.102 334.204 349.486 437.835 493.727 513.305 589.542 613.861 657.183 -999.999 -999.999 -999.999 -999.999 -999.999 321.684 297.363 310.022 395.199 442.512 451.025 531.439 553.472 595.114 -999.999 -999.999 -999.999 -999.999 -999.999 1.517 2.718 1.559 2.836 1.592 2.945 0.000
337.637500 337.679167 -999.999 -999.999 -999.999 -999.999 -999.999 -999.999 -999.999 -999.999 -999.999 -999.999 -999.999 -999.999 -999.999 -999.999 -999.999 -999.999 -999.999 -999.999 -999.999 -999.999 -999.999 -999.999 -999.999 -999.999 -999.999 -999.999 -999.999 -999.999 -999.999 -999.999 -999.999 -999.999 -999.999 -999.999 -999.999 -999.999 -999.999 -999.999 -999.999 -999.999 -999.999 -999.999 -999.999 -999.999 -999.999 -999.999 -999.999 -999.999 0.000
337.679167 337.720833 425.030 441.606 456.378 476.870 475.839 495.620 531.626 538.798 440.258 -999.999 -999.999 -999.999 -999.999 -999.999 368.619 383.255 397.255 416.185 416.074 433.369 464.390 471.471 385.310 -999.999 -999.999 -999.999 -999.999 -999.999 324.856 338.461 357.001 368.810 372.494 390.427 420.166 419.754 351.032 -999.999 -999.999 -999.999 -999.999 -999.999 1.448 -999.999 1.507 -999.999 1.592 -999.999 0.000
337.720833 337.762500 364.094 369.197 386.492 407.479 416.556 422.623 435.864 414.877 422.943 -999.999 -999.999 -999.999 -999.999 -999.999 313.354 319.288 333.685 353.217 361.605 367.325 380.163 361.358 369.442 -999.999 -999.999 -999.999 -999.999 -999.999 272.868 287.543 297.899 315.825 326.218 322.457 340.996 331.838 333.874 -999.999 -999.999 -999.999 -999.999 -999.999 1.398 1.256 1.436 1.278 1.502 1.341 0.000
337.762500 337.804167 310.185 302.194 295.495 281.016 280.029 279.183 270.010 273.674 284.906 -999.999 -999.999 -999.999 -999.999 -999.999 265.399 257.858 253.519 239.177 239.315 238.723 230.803 234.017 243.311 -999.999 -999.999 -999.999 -999.999 -999.999 233.714 228.711 229.520 219.583 213.392 215.255 212.421 215.121 231.480 -999.999 -999.999 -999.999 -999.999 -999.999 1.295 -999.999 1.322 -999.999 1.497 -999.999 0.000
337.804167 337.845833 253.709 252.003 255.239 250.824 251.600 256.361 266.281 274.391 285.401 -999.999 -999.999 -999.999 -999.999 -999.999 214.552 212.492 218.164 214.044 214.361 218.362 225.799 234.907 243.169 -999.999 -999.999 -999.999 -999.999 -999.999 191.953 192.469 200.693 193.330 195.944 199.117 202.357 217.428 226.612 -999.999 -999.999 -999.999 -999.999 -999.999 1.256 1.246 1.283 1.255 1.420 1.315 0.000
337.845833 337.887500 255.928 259.426 262.845 258.780 252.067 248.566 246.522 254.218 252.685 -999.999 -999.999 -999.999 -999.999 -999.999 216.329 220.605 224.707 219.688 213.439 210.654 209.001 216.173 214.428 -999.999 -999.999 -999.999 -999.999 -999.999 193.216 200.919 201.205 195.822 190.701 190.235 193.570 199.094 199.446 -999.999 -999.999 -999.999 -999.999 -999.999 1.227 -999.999 1.251 -999.999 1.415 -999.999 0.000
337.887500 337.929167 210.554 214.717 216.807 219.970 222.733 224.950 216.064 228.180 214.204 -999.999 -999.999 -999.999 -999.999 -999.999 177.210 180.787 184.470 183.460 188.028 189.259 183.419 192.526 181.355 -999.999 -999.999 -999.999 -999.999 -999.999 160.349 165.594 169.723 166.355 169.675 171.647 167.372 178.882 172.707 -999.999 -999.999 -999.999 -999.999 -999.999 1.182 -999.999 1.210 -999.999 1.404 1.102 0.000
337.929167 337.970833 229.087 230.189 231.094 227.275 232.139 238.233 240.369 248.217 262.221 -999.999 -999.999 -999.999 -999.999 -999.999 192.139 194.522 195.236 190.147 196.155 199.886 203.647 210.013 222.837 -999.999 -999.999 -999.999 -999.999 -999.999 173.341 178.808 176.372 172.582 175.561 177.569 186.126 195.987 206.876 -999.999 -999.999 -999.999 -999.999 -999.999 1.272 1.279 1.294 1.299 1.416 1.378 0.000
337.970833 338.012500 176.178 178.766 174.084 181.476 177.720 178.994 184.321 186.084 206.445 -999.999 -999.999 -999.999 -999.999 -999.999 147.222 151.157 146.320 152.925 149.154 152.189 154.717 157.659 174.139 -999.999 -999.999 -999.999 -999.999 -999.999 134.081 140.978 137.300 139.421 138.030 138.672 141.823 150.597 169.761 -999.999 -999.999 -999.999 -999.999 -999.999 1.238 1.330 1.261 1.349 1.470 1.429 0.000
338.012500 338.054167 174.987 170.596 179.644 176.949 180.661 182.489 189.076 195.312 201.002 -999.999 -999.999 -999.999 -999.999 -999.999 145.830 142.828 152.190 149.408 152.309 154.550 159.249 165.404 171.546 -999.999 -999.999 -999.999 -999.999 -999.999 132.039 135.698 138.569 137.267 136.350 141.964 147.080 152.187 164.681 -999.999 -999.999 -999.999 -999.999 -999.999 1.167 1.264 1.196 1.278 1.369 1.384 0.000
338.054167 338.095833 220.041 222.994 225.655 224.411 229.494 222.945 231.482 244.875 245.425 -999.999 -999.999 -999.999 -999.999 -999.999 185.264 189.135 193.451 191.482 194.830 189.795 196.855 206.945 210.364 -999.999 -999.999 -999.999 -999.999 -999.999 165.942 169.663 171.769 174.237 173.505 170.101 183.074 189.318 195.460 -999.999 -999.999 -999.999 -999.999 -999.999 1.225 1.183 1.249 1.185 1.416 1.277 0.000
338.095833 338.137500 222.977 224.250 228.826 226.428 228.217 236.959 240.569 252.498 257.363 -999.999 -999.999 -999.999 -999.999 -999.999 188.033 188.687 194.080 191.142 190.461 200.344 202.874 212.514 216.790 -999.999 -999.999 -999.999 -999.999 -999.999 165.227 169.136 176.198 172.691 171.527 177.323 182.756 193.393 195.119 -999.999 -999.999 -999.999 -999.999 -999.999 1.211 1.248 1.235 1.238 1.343 1.273 0.000
338.137500 338.179167 218.501 227.686 233.982 243.611 262.313 256.964 263.215 277.372 287.745 -999.999 -999.999 -999.999 -999.999 -999.999 182.163 191.409 197.539 205.719 222.327 217.166 223.463 236.687 247.019 -999.999 -999.999 -999.999 -999.999 -999.999 164.415 176.129 178.349 185.084 196.068 192.275 202.197 212.813 228.234 -999.999 -999.999 -999.999 -999.999 -999.999 1.277 1.559 1.304 1.614 1.380 1.682 0.000
338.179167 338.220833 256.466 253.435 273.236 293.709 304.203 321.382 325.706 316.527 341.715 -999.999 -999.999 -999.999 -999.999 -999.999 217.226 215.659 233.913 252.032 260.325 276.088 281.348 273.072 294.370 -999.999 -999.999 -999.999 -999.999 -999.999 195.129 192.814 211.356 225.049 232.433 243.864 257.707 251.072 274.961 -999.999 -999.999 -999.999 -999.999 -999.999 1.283 1.591 1.308 1.635 1.399 1.714 0.000
338.220833 338.262500 312.138 312.885 308.463 333.836 326.820 324.412 372.711 377.734 384.657 -999.999 -999.999 -999.999 -999.999 -999.999 269.885 270.902 268.269 291.766 284.915 282.192 324.400 329.948 338.653 -999.999 -999.999 -999.999 -999.999 -999.999 239.916 247.730 244.327 259.394 259.783 256.771 292.617 304.597 314.105 -999.999 -999.999 -999.999 -999.999 -999.999 1.234 1.500 1.263 1.535 1.365 1.622 0.000
338.262500 338.304167 401.595 423.284 488.749 358.333 341.379 381.314 464.546 501.174 509.710 -999.999 -999.999 -999.999 -999.999 -999.999 350.418 370.875 430.239 314.479 297.678 336.194 410.066 443.886 452.559 -999.999 -999.999 -999.999 -999.999 -999.999 310.372 330.880 388.403 285.307 271.923 306.635 371.113 405.939 416.496 -999.999 -999.999 -999.999 -999.999 -999.999 -999.999 -999.999 -999.999 -999.999 1.340 -999.999 0.000
