PGH/IN0003R.20110101000000.20190530000000.nephelometer.aerosol_light_scattering_coefficient.pm10.1y.1h.TSI_3563_PGH_ref_TSI_3563_PGH_wet..lev2.nas
118 1001 
Andrews, Elisabeth; Jefferson, Anne; Burgos, Maria A.  
US06L, National Oceanic and Atmospheric Administration , NOAA/ESRL/GMD,  "Earth System Research Laboratory, Global Monitoring Division", 325 Broadway, , CO 80305-3, Boulder, U.S.A. 
Burgos, Maria A. 
CAMPAIGN 
1 1 
2011 01 01 2019 05 30 
0.041667 
Days from the file reference point (start_time) 
50 
1 1 1 1 1 1 1 1 1 1 1 1 1 1 1 1 1 1 1 1 1 1 1 1 1 1 1 1 1 1 1 1 1 1 1 1 1 1 1 1 1 1 1 1 1 1 1 1 1 1  
9999.999999 9999.999 9999.999 9999.999 9999.999 9999.999 9999.999 9999.999 9999.999 9999.999 9999.999 9999.999 9999.999 9999.999 9999.999 9999.999 9999.999 9999.999 9999.999 9999.999 9999.999 9999.999 9999.999 9999.999 9999.999 9999.999 9999.999 9999.999 9999.999 9999.999 9999.999 9999.999 9999.999 9999.999 9999.999 9999.999 9999.999 9999.999 9999.999 9999.999 9999.999 9999.999 9999.999 999.999 999.999 999.999 999.999 999.999 999.999 9.999 
end_time of measurement, days from the file reference point 
aerosol_light_scattering_coefficient, 1/Mm, Wavelength=450nm, Matrix=pm10_humidified, RH=30% 
aerosol_light_scattering_coefficient, 1/Mm, Wavelength=450nm, Matrix=pm10_humidified, RH=35% 
aerosol_light_scattering_coefficient, 1/Mm, Wavelength=450nm, Matrix=pm10_humidified, RH=40% 
aerosol_light_scattering_coefficient, 1/Mm, Wavelength=450nm, Matrix=pm10_humidified, RH=45% 
aerosol_light_scattering_coefficient, 1/Mm, Wavelength=450nm, Matrix=pm10_humidified, RH=50% 
aerosol_light_scattering_coefficient, 1/Mm, Wavelength=450nm, Matrix=pm10_humidified, RH=55% 
aerosol_light_scattering_coefficient, 1/Mm, Wavelength=450nm, Matrix=pm10_humidified, RH=60% 
aerosol_light_scattering_coefficient, 1/Mm, Wavelength=450nm, Matrix=pm10_humidified, RH=65% 
aerosol_light_scattering_coefficient, 1/Mm, Wavelength=450nm, Matrix=pm10_humidified, RH=70% 
aerosol_light_scattering_coefficient, 1/Mm, Wavelength=450nm, Matrix=pm10_humidified, RH=75% 
aerosol_light_scattering_coefficient, 1/Mm, Wavelength=450nm, Matrix=pm10_humidified, RH=80% 
aerosol_light_scattering_coefficient, 1/Mm, Wavelength=450nm, Matrix=pm10_humidified, RH=85% 
aerosol_light_scattering_coefficient, 1/Mm, Wavelength=450nm, Matrix=pm10_humidified, RH=90% 
aerosol_light_scattering_coefficient, 1/Mm, Wavelength=450nm, Matrix=pm10_humidified, RH=95% 
aerosol_light_scattering_coefficient, 1/Mm, Wavelength=550nm, Matrix=pm10_humidified, RH=30% 
aerosol_light_scattering_coefficient, 1/Mm, Wavelength=550nm, Matrix=pm10_humidified, RH=35% 
aerosol_light_scattering_coefficient, 1/Mm, Wavelength=550nm, Matrix=pm10_humidified, RH=40% 
aerosol_light_scattering_coefficient, 1/Mm, Wavelength=550nm, Matrix=pm10_humidified, RH=45% 
aerosol_light_scattering_coefficient, 1/Mm, Wavelength=550nm, Matrix=pm10_humidified, RH=50% 
aerosol_light_scattering_coefficient, 1/Mm, Wavelength=550nm, Matrix=pm10_humidified, RH=55% 
aerosol_light_scattering_coefficient, 1/Mm, Wavelength=550nm, Matrix=pm10_humidified, RH=60% 
aerosol_light_scattering_coefficient, 1/Mm, Wavelength=550nm, Matrix=pm10_humidified, RH=65% 
aerosol_light_scattering_coefficient, 1/Mm, Wavelength=550nm, Matrix=pm10_humidified, RH=70% 
aerosol_light_scattering_coefficient, 1/Mm, Wavelength=550nm, Matrix=pm10_humidified, RH=75% 
aerosol_light_scattering_coefficient, 1/Mm, Wavelength=550nm, Matrix=pm10_humidified, RH=80% 
[...]
Version:                      1 
Version description:          interpolated scattering coefficients, calculated scattering enhancement factors as described in Burgos et al., 2018 
Height AGL:                   10m 
Inlet type:                   Hat or hood 
Inlet description:            Heated, stainless steel, see full description in Delene and Ogren, J. Atmos. Sci, 2002. 
Humidity/temperature control: Humidification 
Humidity/temperature control description: humidogram 
Volume std. temperature:       273.15 K 
Volume std. pressure:         1013.25 hPa 
Detection limit:              0.5 1/Mm 
Detection limit expl.:        Determined by instrument counting statistics, no detection limit flag used 
Measurement uncertainty expl.: Uncertainty analysis described in Burgos et al., 2019 
Zero/negative values code:    zero/negative possible 
Zero/negative values:         zero and neg. values may appear due to statistical variations at very low concentrations  
Standard method:              cal-gas=CO2+AIR_truncation-correction=Anderson1998 
Acknowledgement:              Request acknowledgement details from data originator 
start_time end_time scat_30_B scat_35_B scat_40_B scat_45_B scat_50_B scat_55_B scat_60_B scat_65_B scat_70_B scat_75_B scat_80_B scat_85_B scat_90_B scat_95_B scat_30_G scat_35_G scat_40_G scat_45_G scat_50_G scat_55_G scat_60_G scat_65_G scat_70_G scat_75_G scat_80_G scat_85_G scat_90_G scat_95_G scat_30_R scat_35_R scat_40_R scat_45_R scat_50_R scat_55_R scat_60_R scat_65_R scat_70_R scat_75_R scat_80_R scat_85_R scat_90_R scat_95_R f85dry_B f8540_B f85dry_G f8540_G f85dry_R f8540_R numflag 
[from data line 3288]
296.470833 296.512500 -999.999 -999.999 -999.999 -999.999 -999.999 -999.999 -999.999 -999.999 -999.999 -999.999 -999.999 -999.999 -999.999 -999.999 -999.999 -999.999 -999.999 -999.999 -999.999 -999.999 -999.999 -999.999 -999.999 -999.999 -999.999 -999.999 -999.999 -999.999 -999.999 -999.999 -999.999 -999.999 -999.999 -999.999 -999.999 -999.999 -999.999 -999.999 -999.999 -999.999 -999.999 -999.999 -999.999 -999.999 -999.999 -999.999 -999.999 -999.999 0.000
296.512500 296.554167 273.714 296.360 302.008 276.357 269.489 309.817 263.859 283.378 301.385 -999.999 -999.999 -999.999 -999.999 -999.999 233.134 252.141 259.543 237.202 234.126 265.179 225.982 243.892 258.191 -999.999 -999.999 -999.999 -999.999 -999.999 209.651 229.313 237.382 218.639 214.318 243.318 216.603 232.835 246.400 -999.999 -999.999 -999.999 -999.999 -999.999 1.668 -999.999 1.659 -999.999 1.728 -999.999 0.000
296.554167 296.595833 159.571 163.067 167.105 172.400 172.839 183.012 193.734 204.315 215.364 -999.999 -999.999 -999.999 -999.999 -999.999 138.574 142.500 146.202 152.580 151.814 159.658 168.447 178.159 189.031 -999.999 -999.999 -999.999 -999.999 -999.999 140.067 143.886 152.246 155.734 158.458 163.891 172.525 183.172 200.800 -999.999 -999.999 -999.999 -999.999 -999.999 1.676 1.749 1.628 1.735 1.766 1.757 0.000
296.595833 296.637500 157.580 158.186 157.842 159.563 162.095 164.470 173.518 182.134 192.667 -999.999 -999.999 -999.999 -999.999 -999.999 139.123 141.444 141.735 142.516 144.923 147.558 155.312 162.696 172.856 -999.999 -999.999 -999.999 -999.999 -999.999 147.215 151.805 157.142 157.399 158.083 160.117 167.031 177.707 196.130 -999.999 -999.999 -999.999 -999.999 -999.999 1.575 1.448 1.505 1.446 1.586 1.493 0.000
296.637500 296.679167 156.844 157.170 154.240 162.196 166.399 170.575 180.593 195.387 193.442 -999.999 -999.999 -999.999 -999.999 -999.999 143.343 143.723 140.722 148.877 153.289 155.673 162.381 177.207 174.266 -999.999 -999.999 -999.999 -999.999 -999.999 156.559 158.793 160.471 164.096 170.328 171.149 178.800 194.551 199.439 -999.999 -999.999 -999.999 -999.999 -999.999 1.506 1.515 1.451 1.487 1.556 1.506 0.000
296.679167 296.720833 155.489 158.692 159.496 160.784 163.171 165.932 182.619 182.434 198.549 -999.999 -999.999 -999.999 -999.999 -999.999 142.522 146.596 147.151 148.839 152.080 153.338 167.850 167.352 181.024 -999.999 -999.999 -999.999 -999.999 -999.999 156.635 159.546 167.587 167.458 173.345 175.705 190.805 194.829 208.409 -999.999 -999.999 -999.999 -999.999 -999.999 1.526 1.471 1.461 1.442 1.565 1.489 0.000
296.720833 296.762500 160.505 160.965 162.296 164.246 169.223 169.626 176.508 189.092 194.485 -999.999 -999.999 -999.999 -999.999 -999.999 150.123 151.507 153.274 153.720 156.746 159.618 164.544 174.688 177.190 -999.999 -999.999 -999.999 -999.999 -999.999 169.362 169.351 177.219 180.224 177.307 183.171 191.513 201.219 207.158 -999.999 -999.999 -999.999 -999.999 -999.999 1.521 1.402 1.440 1.340 1.555 1.378 0.000
296.762500 296.804167 157.961 156.914 158.482 159.962 160.210 166.862 173.473 180.180 188.921 -999.999 -999.999 -999.999 -999.999 -999.999 148.824 147.514 147.364 149.493 151.729 154.679 160.692 165.465 173.081 -999.999 -999.999 -999.999 -999.999 -999.999 168.848 169.036 173.728 169.659 173.854 178.148 183.462 191.745 200.535 -999.999 -999.999 -999.999 -999.999 -999.999 1.469 1.390 1.395 1.353 1.501 1.351 0.000
296.804167 296.845833 154.019 154.897 158.107 159.332 162.431 166.512 174.285 178.012 191.411 -999.999 -999.999 -999.999 -999.999 -999.999 144.560 145.486 148.250 149.311 154.975 154.922 161.620 163.393 176.323 -999.999 -999.999 -999.999 -999.999 -999.999 162.385 167.588 169.427 175.598 179.599 179.307 184.940 194.399 202.405 -999.999 -999.999 -999.999 -999.999 -999.999 1.449 1.427 1.389 1.384 1.506 1.435 0.000
296.845833 296.887500 159.370 159.845 162.395 162.694 163.981 169.041 174.113 178.307 194.233 -999.999 -999.999 -999.999 -999.999 -999.999 150.186 150.554 154.689 153.744 153.718 159.434 161.320 163.791 179.410 -999.999 -999.999 -999.999 -999.999 -999.999 168.438 172.693 175.639 175.360 177.520 185.676 186.610 193.669 206.547 -999.999 -999.999 -999.999 -999.999 -999.999 1.444 1.393 1.363 1.323 1.470 1.404 0.000
296.887500 296.929167 165.389 166.529 166.789 169.203 170.415 174.980 182.204 187.986 202.400 -999.999 -999.999 -999.999 -999.999 -999.999 153.942 155.525 157.587 159.984 161.302 163.926 168.718 173.392 186.248 -999.999 -999.999 -999.999 -999.999 -999.999 177.326 177.586 182.817 186.847 184.910 189.222 192.147 203.464 215.594 -999.999 -999.999 -999.999 -999.999 -999.999 1.428 1.419 1.352 1.370 1.454 1.400 0.000
296.929167 296.970833 172.841 173.352 174.318 177.627 179.159 179.575 183.508 195.947 207.017 -999.999 -999.999 -999.999 -999.999 -999.999 163.634 163.017 166.217 169.710 170.763 171.614 173.293 183.174 191.547 -999.999 -999.999 -999.999 -999.999 -999.999 188.851 188.293 193.029 199.057 201.991 205.019 201.263 210.162 225.449 -999.999 -999.999 -999.999 -999.999 -999.999 1.421 1.386 1.340 1.328 1.428 1.355 0.000
296.970833 297.012500 171.088 171.971 173.141 175.922 178.870 184.733 186.418 195.472 204.220 -999.999 -999.999 -999.999 -999.999 -999.999 160.228 163.036 162.507 166.419 168.866 173.392 175.542 181.726 189.710 -999.999 -999.999 -999.999 -999.999 -999.999 185.453 189.067 191.445 191.474 194.302 198.082 201.066 213.991 225.002 -999.999 -999.999 -999.999 -999.999 -999.999 1.408 1.380 1.332 1.338 1.465 1.365 0.000
297.012500 297.054167 173.897 174.841 178.371 182.129 183.246 185.294 193.685 203.005 213.084 -999.999 -999.999 -999.999 -999.999 -999.999 163.201 162.921 169.566 173.785 172.883 174.181 180.381 187.564 197.980 -999.999 -999.999 -999.999 -999.999 -999.999 187.317 189.494 193.723 195.247 196.462 199.046 207.044 216.373 227.333 -999.999 -999.999 -999.999 -999.999 -999.999 1.468 1.418 1.384 1.360 1.475 1.397 0.000
297.054167 297.095833 178.947 178.972 178.488 183.352 186.425 190.679 197.068 205.475 218.178 -999.999 -999.999 -999.999 -999.999 -999.999 170.804 169.384 170.104 175.536 176.260 178.746 185.227 190.856 202.033 -999.999 -999.999 -999.999 -999.999 -999.999 192.535 193.500 197.757 198.714 204.103 207.633 212.201 223.032 233.619 -999.999 -999.999 -999.999 -999.999 -999.999 1.420 1.437 1.342 1.366 1.401 1.361 0.000
297.095833 297.137500 177.342 178.659 179.508 184.032 185.218 187.598 195.156 204.099 214.988 -999.999 -999.999 -999.999 -999.999 -999.999 166.989 167.266 170.556 175.161 176.540 178.768 182.171 192.051 199.416 -999.999 -999.999 -999.999 -999.999 -999.999 189.253 195.525 202.426 200.032 201.749 205.211 208.566 222.209 233.100 -999.999 -999.999 -999.999 -999.999 -999.999 1.434 1.380 1.358 1.336 1.451 1.337 0.000
297.137500 297.179167 179.336 178.886 178.209 182.248 182.735 189.265 194.498 199.982 212.516 -999.999 -999.999 -999.999 -999.999 -999.999 171.227 170.397 170.321 173.614 172.742 178.094 182.643 185.997 198.337 -999.999 -999.999 -999.999 -999.999 -999.999 194.388 194.888 200.632 197.570 203.215 211.879 214.547 222.558 232.732 -999.999 -999.999 -999.999 -999.999 -999.999 1.384 1.376 1.321 1.326 1.406 1.345 0.000
297.179167 297.220833 183.576 181.413 181.603 186.579 184.054 186.750 191.711 194.669 208.511 -999.999 -999.999 -999.999 -999.999 -999.999 173.288 171.678 174.256 176.437 174.615 175.570 179.206 180.209 193.394 -999.999 -999.999 -999.999 -999.999 -999.999 188.105 195.762 198.202 202.131 199.367 198.378 207.853 213.092 225.311 -999.999 -999.999 -999.999 -999.999 -999.999 1.299 1.293 1.254 1.222 1.362 1.260 0.000
297.220833 297.262500 187.530 197.626 207.160 214.699 213.747 223.339 232.278 247.898 261.625 292.450 -999.999 -999.999 -999.999 -999.999 176.518 183.814 190.868 197.119 196.735 202.948 211.883 221.742 234.947 263.929 -999.999 -999.999 -999.999 -999.999 193.675 200.992 212.309 213.902 212.459 219.777 223.677 238.356 252.186 272.641 -999.999 -999.999 -999.999 -999.999 1.224 1.669 1.203 1.588 1.291 1.473 0.000
297.262500 297.304167 -999.999 334.436 315.062 365.087 379.377 393.668 403.494 390.213 -999.999 -999.999 -999.999 -999.999 -999.999 -999.999 -999.999 295.955 280.345 323.249 336.163 349.077 355.260 343.511 -999.999 -999.999 -999.999 -999.999 -999.999 -999.999 -999.999 278.198 273.842 304.628 315.533 326.439 333.452 328.297 -999.999 -999.999 -999.999 -999.999 -999.999 -999.999 -999.999 1.702 1.298 1.678 1.352 1.649 0.000
297.304167 297.345833 -999.999 -999.999 -999.999 -999.999 -999.999 -999.999 -999.999 -999.999 -999.999 -999.999 -999.999 -999.999 -999.999 -999.999 -999.999 -999.999 -999.999 -999.999 -999.999 -999.999 -999.999 -999.999 -999.999 -999.999 -999.999 -999.999 -999.999 -999.999 -999.999 -999.999 -999.999 -999.999 -999.999 -999.999 -999.999 -999.999 -999.999 -999.999 -999.999 -999.999 -999.999 -999.999 -999.999 -999.999 -999.999 -999.999 -999.999 -999.999 0.000
297.345833 297.387500 -999.999 -999.999 -999.999 358.209 422.898 429.374 435.850 439.784 -999.999 -999.999 -999.999 -999.999 -999.999 -999.999 -999.999 -999.999 -999.999 318.798 371.295 376.989 382.683 389.056 -999.999 -999.999 -999.999 -999.999 -999.999 -999.999 -999.999 -999.999 -999.999 302.239 344.255 353.074 361.892 364.213 -999.999 -999.999 -999.999 -999.999 -999.999 -999.999 -999.999 -999.999 -999.999 -999.999 -999.999 -999.999 0.000
297.387500 297.429167 -999.999 -999.999 -999.999 -999.999 -999.999 -999.999 -999.999 -999.999 -999.999 -999.999 -999.999 -999.999 -999.999 -999.999 -999.999 -999.999 -999.999 -999.999 -999.999 -999.999 -999.999 -999.999 -999.999 -999.999 -999.999 -999.999 -999.999 -999.999 -999.999 -999.999 -999.999 -999.999 -999.999 -999.999 -999.999 -999.999 -999.999 -999.999 -999.999 -999.999 -999.999 -999.999 -999.999 -999.999 -999.999 -999.999 -999.999 -999.999 0.000
297.429167 297.470833 273.163 268.875 264.580 294.757 343.098 352.287 334.959 302.773 397.776 -999.999 -999.999 -999.999 -999.999 -999.999 243.049 241.634 237.497 261.215 301.955 309.349 294.561 268.157 349.400 -999.999 -999.999 -999.999 -999.999 -999.999 233.449 236.286 235.512 258.879 285.695 293.547 283.799 268.051 337.757 -999.999 -999.999 -999.999 -999.999 -999.999 1.473 -999.999 1.452 -999.999 1.484 1.555 0.000
297.470833 297.512500 204.344 201.410 203.287 234.598 229.046 249.504 245.991 247.446 257.918 -999.999 -999.999 -999.999 -999.999 -999.999 185.481 184.307 184.696 211.347 205.782 223.461 218.716 219.742 230.327 -999.999 -999.999 -999.999 -999.999 -999.999 191.893 194.226 198.552 212.755 211.336 225.779 222.095 228.584 239.570 -999.999 -999.999 -999.999 -999.999 -999.999 1.446 1.428 1.411 1.398 1.472 1.388 0.000
297.512500 297.554167 169.044 168.754 170.024 171.397 169.069 169.894 175.858 184.843 189.966 -999.999 -999.999 -999.999 -999.999 -999.999 154.006 153.640 155.984 155.602 156.059 154.489 158.364 168.857 171.966 -999.999 -999.999 -999.999 -999.999 -999.999 165.902 169.837 165.263 170.430 173.108 172.114 174.535 183.858 195.318 -999.999 -999.999 -999.999 -999.999 -999.999 1.332 1.216 1.280 1.187 1.435 1.323 0.000
297.554167 297.595833 149.577 148.140 152.192 151.395 152.908 155.762 155.575 160.153 168.354 -999.999 -999.999 -999.999 -999.999 -999.999 136.964 136.240 141.391 139.145 142.786 142.324 141.064 145.308 152.896 -999.999 -999.999 -999.999 -999.999 -999.999 150.181 152.690 159.689 154.187 164.607 163.440 165.377 168.719 179.563 -999.999 -999.999 -999.999 -999.999 -999.999 1.385 1.198 1.346 1.168 1.519 1.255 0.000
297.595833 297.637500 139.425 141.885 142.027 142.837 146.561 148.337 153.169 160.280 169.070 -999.999 -999.999 -999.999 -999.999 -999.999 128.187 131.311 132.865 131.916 136.967 136.277 139.363 146.630 153.721 -999.999 -999.999 -999.999 -999.999 -999.999 147.321 150.370 154.199 152.600 154.830 160.264 166.151 172.808 181.076 -999.999 -999.999 -999.999 -999.999 -999.999 1.246 1.403 1.202 1.349 1.367 1.396 0.000
297.637500 297.679167 155.575 153.902 154.763 154.834 154.635 157.156 160.539 166.332 173.187 -999.999 -999.999 -999.999 -999.999 -999.999 144.452 143.571 144.666 144.511 145.679 147.040 148.919 152.463 159.259 -999.999 -999.999 -999.999 -999.999 -999.999 161.075 164.529 167.630 169.810 170.850 169.290 173.639 177.978 190.910 -999.999 -999.999 -999.999 -999.999 -999.999 1.244 1.234 1.200 1.204 1.356 1.292 0.000
297.679167 297.720833 156.538 157.926 157.845 156.599 161.181 160.660 167.927 170.529 183.526 -999.999 -999.999 -999.999 -999.999 -999.999 146.186 148.036 149.868 148.366 153.101 150.767 157.544 158.500 170.569 -999.999 -999.999 -999.999 -999.999 -999.999 168.907 172.451 173.638 176.392 176.781 181.153 181.039 192.263 201.421 -999.999 -999.999 -999.999 -999.999 -999.999 1.340 1.315 1.279 1.275 1.417 1.336 0.000
297.720833 297.762500 155.249 154.127 155.381 157.595 158.701 157.390 167.045 169.548 181.536 -999.999 -999.999 -999.999 -999.999 -999.999 144.892 144.563 146.426 148.605 151.568 147.739 156.241 157.425 166.619 -999.999 -999.999 -999.999 -999.999 -999.999 164.926 170.167 173.728 175.028 178.629 177.678 179.675 186.768 195.949 -999.999 -999.999 -999.999 -999.999 -999.999 1.369 1.331 1.307 1.283 1.433 1.299 0.000
297.762500 297.804167 156.934 157.615 159.344 161.203 164.034 171.485 173.840 182.975 191.542 -999.999 -999.999 -999.999 -999.999 -999.999 147.231 147.913 150.770 151.929 154.138 161.765 161.685 169.871 176.374 -999.999 -999.999 -999.999 -999.999 -999.999 168.744 170.493 174.586 180.863 181.811 185.621 189.882 198.175 207.966 -999.999 -999.999 -999.999 -999.999 -999.999 1.435 1.410 1.360 1.366 1.465 1.418 0.000
297.804167 297.845833 157.435 159.353 161.666 163.572 164.833 170.033 173.789 180.374 194.202 -999.999 -999.999 -999.999 -999.999 -999.999 147.451 149.011 152.856 153.325 153.533 157.224 162.227 164.822 178.413 -999.999 -999.999 -999.999 -999.999 -999.999 170.515 173.948 176.613 177.618 177.197 177.450 189.601 196.646 208.830 -999.999 -999.999 -999.999 -999.999 -999.999 1.509 1.426 1.436 1.362 1.528 1.379 0.000
297.845833 297.887500 159.996 159.162 162.259 161.505 165.031 169.783 175.334 181.767 195.620 -999.999 -999.999 -999.999 -999.999 -999.999 150.197 147.983 152.678 153.269 156.106 159.130 162.698 167.162 179.213 -999.999 -999.999 -999.999 -999.999 -999.999 169.087 173.129 175.345 176.574 180.164 182.107 184.444 194.775 205.080 -999.999 -999.999 -999.999 -999.999 -999.999 1.526 1.418 1.446 1.351 1.538 1.349 0.000
297.887500 297.929167 156.436 159.317 158.206 161.938 160.585 167.156 176.219 181.463 192.955 -999.999 -999.999 -999.999 -999.999 -999.999 145.744 148.893 147.765 152.316 149.484 157.038 163.717 166.640 174.710 -999.999 -999.999 -999.999 -999.999 -999.999 162.748 169.520 170.159 171.316 174.142 179.270 183.942 188.446 201.478 -999.999 -999.999 -999.999 -999.999 -999.999 1.534 1.439 1.461 1.372 1.602 1.396 0.000
297.929167 297.970833 149.792 152.623 153.134 155.048 156.949 160.606 165.935 175.231 188.394 -999.999 -999.999 -999.999 -999.999 -999.999 140.215 141.256 143.103 146.259 145.376 149.432 153.048 161.071 172.439 -999.999 -999.999 -999.999 -999.999 -999.999 160.866 163.234 168.188 163.588 165.731 170.891 180.453 192.534 203.300 -999.999 -999.999 -999.999 -999.999 -999.999 1.453 1.473 1.397 1.424 1.489 1.432 0.000
