HYGRO_dataset/HLM/GB0060R.20060101000000.20181219000000.nephelometer.aerosol_light_scattering_coefficient.pm1.1mo.1mn.TSI_3563_HLM_ref_TSI_3563_HLM_wet..lev1.nas
100 1001 
Andrews, Elisabeth; Jefferson, Anne; Burgos, Maria A.  
US06L, National Oceanic and Atmospheric Administration , NOAA/ESRL/GMD,  "Earth System Research Laboratory, Global Monitoring Division", 325 Broadway, , CO 80305-3, Boulder, U.S.A. 
Burgos, Maria A. 
NOAA-ESRL 
1 1 
2006 01 01 2018 12 19 
0.000000 
Days from the file reference point (start_time) 
33 
1 1 1 1 1 1 1 1 1 1 1 1 1 1 1 1 1 1 1 1 1 1 1 1 1 1 1 1 1 1 1 1 1  
9999.999999 9999.999 9999.999 9999.999 9999.999 9999.999 9999.999 9.999 9999.999 9999.999 9999.999 9999.999 9999.999 9999.999 9999.999 9999.999 9999.999 9999.999 9999.999 9999.999 999.999 999.999 999.999 999.999 999.999 999.999 999.999 999.999 999.999 999.999 999.999 999.999 9.999 
end_time of measurement, days from the file reference point 
pressure, hPa, Location=reference nephelometer internal 
pressure, hPa, Location=humidified nephleometer internal 
temperature, K, Location=reference nephelometer internal 
temperature, K, Location=humidified nephleometer internal 
relative_humidity, %, Location=reference nephelometer internal 
relative_humidity, %, Location=humidified nephleometer internal 
number of wavelengths 
aerosol_light_scattering_coefficient, 1/Mm, Wavelength=450nm, Location=reference nephelometer 
aerosol_light_scattering_coefficient, 1/Mm, Wavelength=450nm, Location=humidified nephleometer, Matrix=pm1_humidified 
aerosol_light_scattering_coefficient, 1/Mm, Wavelength=550nm, Location=reference nephelometer 
aerosol_light_scattering_coefficient, 1/Mm, Wavelength=550nm, Location=humidified nephleometer, Matrix=pm1_humidified 
aerosol_light_scattering_coefficient, 1/Mm, Wavelength=700nm, Location=reference nephelometer 
aerosol_light_scattering_coefficient, 1/Mm, Wavelength=700nm, Location=humidified nephleometer, Matrix=pm1_humidified 
aerosol_light_backscattering_coefficient, 1/Mm, Wavelength=450nm, Location=reference nephelometer 
aerosol_light_backscattering_coefficient, 1/Mm, Wavelength=450nm, Location=humidified nephleometer, Matrix=pm1_humidified 
aerosol_light_backscattering_coefficient, 1/Mm, Wavelength=550nm, Location=reference nephelometer 
aerosol_light_backscattering_coefficient, 1/Mm, Wavelength=550nm, Location=humidified nephleometer, Matrix=pm1_humidified 
aerosol_light_backscattering_coefficient, 1/Mm, Wavelength=700nm, Location=reference nephelometer 
aerosol_light_backscattering_coefficient, 1/Mm, Wavelength=700nm, Location=humidified nephleometer, Matrix=pm1_humidified 
aerosol_light_scattering_enhancement_factor, no unit, Wavelength=450nm, Matrix=pm1_humidified, RH base max=40% 
aerosol_light_scattering_enhancement_factor, no unit, Wavelength=550nm, Matrix=pm1_humidified, RH base max=40% 
aerosol_light_scattering_enhancement_factor, no unit, Wavelength=700nm, Matrix=pm1_humidified, RH base max=40% 
aerosol_light_backscattering_enhancement_factor, no unit, Wavelength=450nm, Matrix=pm1_humidified, RH base max=40% 
aerosol_light_backscattering_enhancement_factor, no unit, Wavelength=550nm, Matrix=pm1_humidified, RH base max=40% 
aerosol_light_backscattering_enhancement_factor, no unit, Wavelength=700nm, Matrix=pm1_humidified, RH base max=40% 
aerosol_light_scattering_enhancement_factor, no unit, Wavelength=450nm, Matrix=pm1_humidified, RH base=40% 
[...]
Submitter:                    Burgos, Maria A., paul.zieger@aces.su.se, Department of Environmental Science and Analytical Chemistry, ACES,,Frescativägen 54,, SE10691, Stockholm, Sweden 
Data level:                   1 
Version:                      1 
Version description:          "corrected values: data screening + truncation, STP, and losses corrections" 
Height AGL:                   10m 
Inlet type:                   Hat or hood 
Humidity/temperature control: Humidification 
Humidity/temperature control description: humidogram 
Volume std. temperature:       273.15 K 
Volume std. pressure:         1013.25 hPa 
Detection limit:              0.5 1/Mm 
Detection limit expl.:        Determined by instrument counting statistics, no detection limit flag used 
Measurement uncertainty expl.: Uncertainty analysis described in Burgos et al., 2019 
Zero/negative values code:    zero/negative possible 
Zero/negative values:         zero and neg. values may appear due to statistical variations at very low concentrations  
Standard method:              cal-gas=CO2+AIR_truncation-correction=Anderson1998 
Acknowledgement:              Request acknowledgement details from data originator 
start_time end_time p_ref_int p_wet_int T_ref_int T_wet_int RH_ref_int RH_wet_int nWav sc450_ref sc550_ref sc700_ref sc450_wet sc550_wet sc700_wet bsc450_ref bsc550_ref bsc700_ref bsc450_wet bsc550_wet bsc700_wet frh450_total frh550_total frh700_total frh450_back frh550_back frh700_back frh450_total_dry40 frh550_total_dry40 frh700_total_dry40 frh450_back_dry40 frh550_back_dry40 frh700_back_dry40 numflag 
[from data line 2186]
315.695833 315.696528 942.150 940.725 298.225 299.550 31.300 71.550 3.000 15.806 12.587 9.226 26.558 23.132 17.897 1.924 1.527 1.256 2.256 1.714 1.525 1.680 1.838 1.940 1.172 1.122 1.214 999.999 999.999 999.999 999.999 999.999 999.999 0.000
315.696528 315.697222 942.000 940.650 298.175 299.550 31.300 68.725 3.000 15.830 12.573 9.034 21.219 18.745 14.993 1.814 1.515 1.189 2.197 1.426 1.418 1.340 1.491 1.660 1.211 0.941 1.193 999.999 999.999 999.999 999.999 999.999 999.999 0.000
315.697222 315.697917 942.425 941.025 298.150 299.500 31.375 65.700 3.000 15.653 12.531 8.938 20.259 17.768 13.855 1.853 1.492 1.134 2.515 1.448 1.097 1.294 1.418 1.550 1.357 0.970 0.967 999.999 999.999 999.999 999.999 999.999 999.999 0.000
315.697917 315.698611 942.650 941.275 298.250 299.450 31.400 60.175 3.000 15.239 12.284 8.729 17.684 14.786 11.457 1.784 1.415 1.146 1.609 1.376 1.128 1.160 1.204 1.313 0.902 0.972 0.984 999.999 999.999 999.999 999.999 999.999 999.999 0.000
315.698611 315.699306 942.775 941.375 298.300 299.450 31.400 56.350 3.000 14.985 12.069 8.590 17.956 15.203 11.650 1.707 1.404 1.102 1.711 1.690 1.445 1.198 1.260 1.356 1.002 1.203 1.311 999.999 999.999 999.999 999.999 999.999 999.999 0.000
315.699306 315.700000 942.275 940.900 298.300 299.550 31.450 61.050 3.000 14.771 11.933 8.592 18.765 15.689 13.083 1.712 1.378 1.085 1.906 1.685 1.091 1.270 1.315 1.523 1.113 1.223 1.005 999.999 999.999 999.999 999.999 999.999 999.999 0.000
315.700000 315.700694 942.250 940.900 298.250 299.550 31.500 61.550 3.000 14.603 11.768 8.361 17.103 14.201 11.152 1.833 1.375 1.076 1.442 1.283 1.185 1.171 1.207 1.334 0.787 0.933 1.101 999.999 999.999 999.999 999.999 999.999 999.999 0.000
315.700694 315.701389 942.025 940.600 298.250 299.550 31.475 58.550 3.000 14.281 11.428 8.110 16.511 13.261 10.083 1.714 1.280 1.073 1.597 1.235 1.179 1.156 1.160 1.243 0.932 0.964 1.099 999.999 999.999 999.999 999.999 999.999 999.999 0.000
315.701389 315.702083 942.100 940.650 298.250 299.500 31.500 54.975 3.000 13.581 10.883 7.721 15.933 13.556 10.697 1.624 1.253 1.026 1.979 1.290 1.367 1.173 1.246 1.385 1.218 1.029 1.333 999.999 999.999 999.999 999.999 999.999 999.999 0.000
315.702083 315.702778 942.400 940.925 298.250 299.450 31.500 52.050 3.000 13.079 10.476 7.450 14.579 11.380 11.253 1.535 1.145 1.042 1.224 1.597 1.527 1.115 1.086 1.510 0.798 1.394 1.466 999.999 999.999 999.999 999.999 999.999 999.999 0.000
315.702778 315.703472 942.375 940.900 298.250 299.450 31.475 49.900 3.000 12.552 10.044 7.150 13.459 11.087 9.894 1.416 1.129 1.039 1.695 0.981 1.037 1.072 1.104 1.384 1.197 0.870 0.998 999.999 999.999 999.999 999.999 999.999 999.999 0.000
315.703472 315.704167 942.725 941.300 298.275 299.450 31.350 49.275 3.000 12.156 9.759 6.937 13.440 11.220 7.885 1.332 1.059 1.019 1.556 1.360 1.219 1.106 1.150 1.137 1.168 1.284 1.196 999.999 999.999 999.999 999.999 999.999 999.999 0.000
315.704167 315.704861 943.175 941.725 298.250 299.450 31.325 49.900 3.000 11.657 9.334 6.704 14.335 11.529 8.929 1.292 1.091 0.973 1.095 0.984 1.124 1.230 1.235 1.332 0.848 0.902 1.155 999.999 999.999 999.999 999.999 999.999 999.999 0.000
315.704861 315.705556 943.175 941.750 298.250 299.450 31.450 47.800 3.000 10.261 8.184 5.968 13.378 11.504 8.142 1.171 0.983 0.870 1.710 1.239 1.118 1.304 1.406 1.364 1.461 1.260 1.285 999.999 999.999 999.999 999.999 999.999 999.999 0.000
315.705556 315.706250 942.650 941.200 298.250 299.400 31.525 45.675 3.000 8.842 7.069 5.178 13.474 10.893 9.453 1.059 0.839 0.751 1.408 1.392 0.948 1.524 1.541 1.826 1.330 1.659 1.263 999.999 999.999 999.999 999.999 999.999 999.999 0.000
315.729167 315.729861 943.500 942.000 297.883 299.450 31.000 89.133 3.000 7.421 6.051 4.463 11.064 10.148 8.879 0.932 0.659 0.585 1.061 0.548 0.536 1.491 1.677 1.990 1.139 0.832 0.916 999.999 999.999 999.999 999.999 999.999 999.999 0.000
315.729861 315.730556 943.525 942.025 297.950 299.450 31.000 88.675 3.000 5.903 4.841 3.797 12.092 10.884 9.003 0.754 0.517 0.513 0.569 0.708 0.449 2.048 2.249 2.371 0.755 1.369 0.875 999.999 999.999 999.999 999.999 999.999 999.999 0.000
315.730556 315.731250 943.550 942.125 297.950 299.350 31.075 88.175 3.000 4.800 4.013 3.283 9.972 9.528 9.336 0.618 0.390 0.474 0.500 0.614 0.505 2.078 2.374 2.844 0.808 1.576 1.065 999.999 999.999 999.999 999.999 999.999 999.999 0.000
315.731250 315.731944 943.475 942.075 297.950 299.350 31.125 87.500 3.000 5.109 4.275 3.387 10.321 9.714 9.812 0.691 0.430 0.473 0.316 0.424 0.565 2.020 2.272 2.897 0.457 0.984 1.193 999.999 999.999 999.999 999.999 999.999 999.999 0.000
315.731944 315.732639 943.475 942.075 297.950 299.350 31.200 86.525 3.000 5.494 4.642 3.726 11.684 10.996 9.284 0.669 0.462 0.481 0.756 0.595 0.562 2.127 2.369 2.492 1.129 1.288 1.168 999.999 999.999 999.999 999.999 999.999 999.999 0.000
315.732639 315.733333 943.550 942.100 297.950 299.325 31.200 85.425 3.000 6.042 4.948 3.915 11.364 11.231 8.969 0.666 0.546 0.529 0.802 0.598 0.398 1.881 2.270 2.291 1.204 1.095 0.752 999.999 999.999 999.999 999.999 999.999 999.999 0.000
315.733333 315.734028 943.575 942.100 297.950 299.225 31.225 80.100 3.000 6.610 5.468 4.205 10.799 10.481 10.164 0.741 0.661 0.566 1.071 0.513 0.472 1.634 1.917 2.417 1.445 0.776 0.835 1.615 1.805 2.068 1.093 0.727 1.373 0.000
315.734028 315.734722 943.525 942.050 297.950 299.150 31.250 72.600 3.000 7.179 5.906 4.375 10.323 9.130 7.949 0.748 0.681 0.565 0.994 0.630 0.574 1.438 1.546 1.817 1.328 0.925 1.016 1.544 1.572 1.617 1.014 0.893 1.667 0.000
315.734722 315.735417 943.425 941.925 297.950 299.250 31.300 71.300 3.000 7.634 6.274 4.865 10.704 9.467 8.023 0.747 0.739 0.612 0.583 0.815 0.859 1.402 1.509 1.649 0.780 1.103 1.404 1.601 1.630 1.632 0.595 1.155 2.497 0.000
315.735417 315.736111 943.375 941.900 297.925 299.275 31.300 72.625 3.000 8.015 6.551 5.086 12.732 11.143 9.147 0.894 0.794 0.664 1.236 0.629 0.602 1.588 1.701 1.798 1.383 0.793 0.907 1.904 1.919 1.861 1.261 0.892 1.750 0.000
315.736111 315.736806 943.475 942.000 297.925 299.325 31.350 74.300 3.000 8.198 6.717 5.223 12.538 11.300 9.639 0.956 0.786 0.661 1.052 0.556 0.841 1.529 1.682 1.845 1.099 0.708 1.271 1.875 1.946 1.961 1.073 0.789 2.443 0.000
315.736806 315.737500 943.525 942.025 297.950 299.225 31.375 60.200 3.000 8.347 6.873 5.395 9.102 8.186 5.263 0.931 0.775 0.675 0.752 0.840 0.408 1.090 1.191 0.976 0.808 1.084 0.604 1.361 1.409 1.071 0.768 1.192 1.185 0.000
315.737500 315.738194 943.350 941.875 297.950 299.150 31.300 49.600 3.000 8.427 7.033 5.579 8.433 7.223 6.101 0.984 0.832 0.686 0.861 0.371 0.719 1.001 1.027 1.094 0.874 0.446 1.049 1.261 1.244 1.241 0.878 0.525 2.090 0.000
315.738194 315.738889 943.675 942.250 297.950 299.125 31.300 44.650 3.000 8.460 7.181 5.534 8.956 7.766 5.850 0.959 0.800 0.696 1.005 0.999 0.699 1.059 1.081 1.057 1.048 1.248 1.005 1.339 1.337 1.190 1.025 1.417 2.031 0.000
315.738889 315.739583 943.775 942.350 297.950 299.050 31.300 40.350 3.000 8.748 7.468 5.699 8.705 7.494 5.867 0.872 0.877 0.724 1.286 0.840 0.326 0.995 1.003 1.029 1.476 0.958 0.450 1.302 1.290 1.193 1.313 1.191 0.947 0.000
315.739583 315.740278 944.200 942.750 297.950 299.050 31.300 41.200 3.000 8.529 7.262 5.779 9.033 7.842 5.907 0.836 0.832 0.720 0.899 0.936 0.518 1.059 1.080 1.022 1.075 1.126 0.719 1.351 1.350 1.202 0.917 1.327 1.505 0.000
315.740278 315.740972 944.650 943.225 297.950 299.100 31.300 47.400 3.000 7.585 6.410 5.179 10.960 9.396 7.426 0.765 0.740 0.604 1.067 0.746 0.604 1.445 1.466 1.434 1.394 1.008 1.000 1.639 1.618 1.511 1.089 1.057 1.756 0.000
315.740972 315.741667 944.650 943.175 297.950 299.175 31.275 55.850 3.000 6.417 5.429 4.614 9.735 8.316 7.043 0.652 0.645 0.566 1.207 0.875 0.786 1.517 1.532 1.526 1.852 1.357 1.390 1.456 1.432 1.433 1.232 1.240 2.284 0.000
315.741667 315.742361 944.700 943.200 297.950 299.300 30.550 62.275 3.000 5.374 4.467 4.071 6.956 5.619 4.573 0.602 0.532 0.518 0.827 0.494 0.890 1.294 1.258 1.123 1.374 0.929 1.717 1.040 0.968 0.930 0.844 0.701 2.586 0.000
315.742361 315.743056 944.725 943.250 297.950 299.350 29.375 63.825 3.000 4.078 3.298 3.111 5.356 4.770 3.559 0.543 0.385 0.362 0.725 0.352 0.426 1.313 1.447 1.144 1.336 0.915 1.178 0.801 0.821 0.724 0.740 0.499 1.238 0.000
315.743056 315.743750 944.700 943.225 297.950 299.325 28.675 59.575 3.000 3.323 2.787 2.470 4.620 4.766 3.632 0.489 0.338 0.340 0.706 0.245 0.545 1.390 1.710 1.470 1.442 0.726 1.605 0.691 0.821 0.739 0.720 0.348 1.584 0.000
315.743750 315.744444 944.625 943.175 297.925 299.250 28.500 49.875 3.000 3.324 2.797 2.415 4.727 4.008 3.161 0.541 0.308 0.379 0.984 0.306 0.432 1.422 1.433 1.309 1.818 0.994 1.139 0.707 0.690 0.643 1.004 0.433 1.256 0.000
315.744444 315.745139 944.575 943.075 297.850 299.175 28.425 46.175 3.000 3.543 2.871 2.236 4.109 3.545 3.198 0.644 0.302 0.391 0.505 0.413 0.338 1.160 1.235 1.430 0.784 1.369 0.866 0.615 0.610 0.651 0.516 0.586 0.983 0.000
315.745139 315.745833 944.625 943.125 297.900 299.100 28.350 39.575 3.000 3.635 3.009 2.234 4.236 3.761 3.761 0.678 0.340 0.372 0.608 0.542 0.366 1.165 1.250 1.683 0.897 1.595 0.985 0.633 0.648 0.765 0.620 0.769 1.065 0.000
315.745833 315.746528 944.700 943.250 297.850 299.050 28.350 36.425 3.000 3.732 3.120 2.438 4.809 3.751 3.125 0.659 0.362 0.420 0.533 0.384 0.548 1.288 1.202 1.281 0.810 1.062 1.305 0.719 0.646 0.636 0.544 0.544 1.592 0.000
315.746528 315.747222 944.600 943.125 297.850 299.050 28.400 35.025 3.000 5.174 4.300 3.180 4.389 3.445 2.929 0.756 0.519 0.498 0.464 0.419 0.614 0.848 0.801 0.921 0.613 0.808 1.233 0.656 0.593 0.596 0.473 0.595 1.783 0.000
315.747222 315.747917 944.525 943.025 297.850 299.050 28.400 34.050 3.000 6.491 5.319 4.013 4.841 3.754 3.125 0.832 0.683 0.547 1.430 0.456 9999.999 0.746 0.706 0.779 1.718 0.668 999.999 0.724 0.646 0.636 1.459 0.647 999.999 0.000
315.770833 315.771528 944.133 942.567 297.350 298.983 30.900 90.033 3.000 7.910 6.440 4.951 24.850 22.269 19.308 0.963 0.887 0.651 2.616 1.498 1.428 3.141 3.458 3.900 2.715 1.689 2.193 3.716 3.834 3.928 2.669 2.124 4.150 0.000
315.771528 315.772222 944.250 942.750 297.350 298.975 30.900 90.175 3.000 9.500 7.570 5.652 24.655 23.167 19.289 1.085 1.078 0.786 1.338 1.494 1.515 2.595 3.060 3.413 1.234 1.387 1.927 3.687 3.989 3.924 1.365 2.119 4.404 0.000
315.772222 315.772917 944.225 942.675 297.350 299.000 31.000 90.475 3.000 11.122 8.799 6.493 25.683 22.051 19.480 1.306 1.207 0.891 1.388 1.459 1.531 2.309 2.506 3.000 1.063 1.209 1.719 3.841 3.797 3.963 1.416 2.069 4.450 0.000
315.772917 315.773611 944.325 942.750 297.450 299.000 31.000 90.350 3.000 11.391 8.835 6.796 26.402 22.735 18.738 1.403 1.233 0.941 2.080 1.772 1.356 2.318 2.573 2.757 1.482 1.437 1.441 3.949 3.914 3.812 2.122 2.512 3.940 0.000
315.773611 315.774306 944.350 942.725 297.450 298.950 31.075 90.100 3.000 11.795 9.033 6.781 26.688 22.717 19.547 1.508 1.281 0.991 1.968 1.588 1.280 2.263 2.515 2.883 1.305 1.240 1.292 3.991 3.911 3.976 2.008 2.251 3.721 0.000
315.774306 315.775000 944.375 942.825 297.450 298.975 31.100 89.425 3.000 12.209 9.256 6.673 25.323 22.530 18.823 1.541 1.271 1.004 1.879 1.659 1.816 2.074 2.434 2.821 1.219 1.305 1.809 3.787 3.879 3.829 1.917 2.352 5.277 0.000
315.775000 315.775694 944.450 942.850 297.450 298.950 31.200 88.475 3.000 12.558 9.481 6.834 25.426 21.723 18.723 1.596 1.326 1.007 1.597 1.749 1.512 2.025 2.291 2.740 1.000 1.319 1.501 1.763 1.867 2.016 0.951 1.174 1.249 0.000
315.775694 315.776389 944.400 942.800 297.450 298.900 31.225 86.000 3.000 12.871 9.690 6.839 23.795 20.393 18.244 1.654 1.381 1.005 1.633 1.687 1.311 1.849 2.105 2.668 0.987 1.222 1.305 1.650 1.753 1.965 0.972 1.133 1.083 0.000
315.776389 315.777083 944.475 942.875 297.450 298.850 31.300 78.450 3.000 13.300 10.013 6.933 20.412 16.648 13.390 1.633 1.399 1.081 2.000 1.806 1.224 1.535 1.663 1.931 1.224 1.291 1.132 1.416 1.431 1.442 1.190 1.213 1.011 0.000
315.777083 315.777778 944.425 942.825 297.500 298.825 31.300 73.475 3.000 13.599 10.272 7.184 19.211 15.719 13.585 1.626 1.437 1.150 1.613 1.674 1.433 1.413 1.530 1.891 0.992 1.165 1.246 1.332 1.351 1.463 0.960 1.124 1.184 0.000
315.777778 315.778472 944.475 942.900 297.550 298.900 31.300 76.000 3.000 13.974 10.549 7.475 22.532 19.212 15.837 1.706 1.481 1.178 1.859 1.497 1.402 1.612 1.821 2.118 1.090 1.011 1.190 1.563 1.651 1.706 1.106 1.005 1.158 0.000
315.778472 315.779167 944.475 942.875 297.550 298.950 31.300 75.175 3.000 14.257 10.809 7.655 22.099 18.099 14.593 1.693 1.433 1.215 1.302 1.223 1.299 1.550 1.674 1.906 0.769 0.853 1.069 1.533 1.556 1.572 0.775 0.821 1.073 0.000
315.779167 315.779861 944.525 942.875 297.550 298.950 31.300 74.875 3.000 14.427 10.998 7.822 20.593 16.969 14.061 1.713 1.461 1.227 1.849 1.633 1.080 1.427 1.543 1.798 1.080 1.117 0.880 1.428 1.458 1.514 1.101 1.096 0.892 0.000
315.779861 315.780556 944.525 942.975 297.550 298.850 31.300 66.425 3.000 14.516 11.058 7.732 16.651 13.051 9.998 1.815 1.513 1.188 1.822 1.687 1.333 1.147 1.180 1.293 1.004 1.115 1.122 1.155 1.122 1.077 1.085 1.133 1.101 0.000
315.780556 315.781250 944.600 943.000 297.550 298.750 31.300 52.800 3.000 14.723 11.252 7.859 14.136 10.771 8.890 1.929 1.500 1.149 1.350 1.470 1.257 0.960 0.957 1.131 0.700 0.980 1.095 0.980 0.926 0.957 0.804 0.987 1.039 0.000
315.781250 315.781944 944.575 943.000 297.550 298.725 31.300 45.050 3.000 14.684 11.303 8.007 13.505 10.769 7.986 1.820 1.487 1.132 2.133 1.135 1.229 0.920 0.953 0.997 1.172 0.763 1.086 0.937 0.926 0.860 1.270 0.762 1.015 0.000
315.781944 315.782639 944.375 942.850 297.550 298.700 31.300 42.000 3.000 14.655 11.361 8.220 14.167 11.520 9.397 1.853 1.490 1.112 2.218 1.109 1.057 0.967 1.014 1.143 1.197 0.744 0.951 0.982 0.990 1.012 1.320 0.745 0.873 0.000
315.782639 315.783333 944.650 943.025 297.550 298.750 31.300 43.825 3.000 14.777 11.485 8.330 15.331 11.845 9.317 1.833 1.471 1.131 1.959 1.612 1.129 1.038 1.031 1.119 1.069 1.096 0.998 1.063 1.018 1.003 1.166 1.082 0.933 0.000
315.783333 315.784028 944.500 942.875 297.550 298.775 31.275 50.075 3.000 14.894 11.625 8.654 15.552 12.516 9.238 1.833 1.466 1.146 1.455 1.461 1.023 1.044 1.077 1.068 0.794 0.997 0.892 1.079 1.076 0.995 0.866 0.981 0.845 0.000
315.784028 315.784722 944.675 943.075 297.550 298.850 31.200 58.050 3.000 14.880 11.653 8.677 16.907 14.369 11.710 1.676 1.466 1.142 2.078 1.329 1.589 1.136 1.233 1.350 1.240 0.906 1.392 1.173 1.235 1.261 1.237 0.892 1.313 0.000
315.784722 315.785417 944.600 943.000 297.550 298.875 31.200 57.800 3.000 14.932 11.739 8.806 16.678 13.540 11.176 1.673 1.462 1.147 1.511 1.422 1.283 1.117 1.153 1.269 0.903 0.973 1.119 1.157 1.164 1.204 0.899 0.955 1.060 0.000
315.785417 315.786111 944.675 943.100 297.550 298.925 31.175 55.600 3.000 15.019 11.766 8.811 16.095 13.092 10.484 1.689 1.482 1.153 1.541 1.129 1.474 1.072 1.113 1.190 0.912 0.762 1.278 1.116 1.125 1.129 0.917 0.758 1.217 0.000
315.786111 315.786806 944.625 943.075 297.550 298.850 31.200 48.925 3.000 14.970 11.752 8.765 16.223 12.267 9.040 1.735 1.494 1.181 1.350 1.306 1.789 1.084 1.044 1.031 0.778 0.874 1.516 1.125 1.054 0.974 0.804 0.877 1.478 0.000
315.786806 315.787500 944.825 943.225 297.550 298.850 31.150 38.250 3.000 14.931 11.823 8.741 14.640 11.736 9.188 1.678 1.435 1.160 1.209 1.822 1.345 0.980 0.993 1.051 0.720 1.270 1.159 1.015 1.009 0.989 0.720 1.223 1.111 0.000
315.787500 315.788194 944.800 943.200 297.550 298.850 31.150 32.700 3.000 15.091 11.971 8.858 14.497 11.603 8.816 1.757 1.444 1.187 1.829 1.716 1.239 0.961 0.969 0.995 1.041 1.188 1.044 1.005 0.997 0.949 1.088 1.152 1.023 0.000
315.788194 315.788889 944.775 943.175 297.600 298.850 31.125 31.300 3.000 16.396 13.273 9.970 14.986 12.387 9.754 1.761 1.554 1.327 2.219 1.380 1.251 0.914 0.933 0.978 1.260 0.888 0.943 1.039 1.065 1.050 1.321 0.927 1.034 0.000
