HYGRO_dataset/HLM/GB0060R.20060101000000.20181219000000.nephelometer.aerosol_light_scattering_coefficient.pm1.1mo.1mn.TSI_3563_HLM_ref_TSI_3563_HLM_wet..lev1.nas
100 1001 
Andrews, Elisabeth; Jefferson, Anne; Burgos, Maria A.  
US06L, National Oceanic and Atmospheric Administration , NOAA/ESRL/GMD,  "Earth System Research Laboratory, Global Monitoring Division", 325 Broadway, , CO 80305-3, Boulder, U.S.A. 
Burgos, Maria A. 
NOAA-ESRL 
1 1 
2006 01 01 2018 12 19 
0.000000 
Days from the file reference point (start_time) 
33 
1 1 1 1 1 1 1 1 1 1 1 1 1 1 1 1 1 1 1 1 1 1 1 1 1 1 1 1 1 1 1 1 1  
9999.999999 9999.999 9999.999 9999.999 9999.999 9999.999 9999.999 9.999 9999.999 9999.999 9999.999 9999.999 9999.999 9999.999 9999.999 9999.999 9999.999 9999.999 9999.999 9999.999 999.999 999.999 999.999 999.999 999.999 999.999 999.999 999.999 999.999 999.999 999.999 999.999 9.999 
end_time of measurement, days from the file reference point 
pressure, hPa, Location=reference nephelometer internal 
pressure, hPa, Location=humidified nephleometer internal 
temperature, K, Location=reference nephelometer internal 
temperature, K, Location=humidified nephleometer internal 
relative_humidity, %, Location=reference nephelometer internal 
relative_humidity, %, Location=humidified nephleometer internal 
number of wavelengths 
aerosol_light_scattering_coefficient, 1/Mm, Wavelength=450nm, Location=reference nephelometer 
aerosol_light_scattering_coefficient, 1/Mm, Wavelength=450nm, Location=humidified nephleometer, Matrix=pm1_humidified 
aerosol_light_scattering_coefficient, 1/Mm, Wavelength=550nm, Location=reference nephelometer 
aerosol_light_scattering_coefficient, 1/Mm, Wavelength=550nm, Location=humidified nephleometer, Matrix=pm1_humidified 
aerosol_light_scattering_coefficient, 1/Mm, Wavelength=700nm, Location=reference nephelometer 
aerosol_light_scattering_coefficient, 1/Mm, Wavelength=700nm, Location=humidified nephleometer, Matrix=pm1_humidified 
aerosol_light_backscattering_coefficient, 1/Mm, Wavelength=450nm, Location=reference nephelometer 
aerosol_light_backscattering_coefficient, 1/Mm, Wavelength=450nm, Location=humidified nephleometer, Matrix=pm1_humidified 
aerosol_light_backscattering_coefficient, 1/Mm, Wavelength=550nm, Location=reference nephelometer 
aerosol_light_backscattering_coefficient, 1/Mm, Wavelength=550nm, Location=humidified nephleometer, Matrix=pm1_humidified 
aerosol_light_backscattering_coefficient, 1/Mm, Wavelength=700nm, Location=reference nephelometer 
aerosol_light_backscattering_coefficient, 1/Mm, Wavelength=700nm, Location=humidified nephleometer, Matrix=pm1_humidified 
aerosol_light_scattering_enhancement_factor, no unit, Wavelength=450nm, Matrix=pm1_humidified, RH base max=40% 
aerosol_light_scattering_enhancement_factor, no unit, Wavelength=550nm, Matrix=pm1_humidified, RH base max=40% 
aerosol_light_scattering_enhancement_factor, no unit, Wavelength=700nm, Matrix=pm1_humidified, RH base max=40% 
aerosol_light_backscattering_enhancement_factor, no unit, Wavelength=450nm, Matrix=pm1_humidified, RH base max=40% 
aerosol_light_backscattering_enhancement_factor, no unit, Wavelength=550nm, Matrix=pm1_humidified, RH base max=40% 
aerosol_light_backscattering_enhancement_factor, no unit, Wavelength=700nm, Matrix=pm1_humidified, RH base max=40% 
aerosol_light_scattering_enhancement_factor, no unit, Wavelength=450nm, Matrix=pm1_humidified, RH base=40% 
[...]
Submitter:                    Burgos, Maria A., paul.zieger@aces.su.se, Department of Environmental Science and Analytical Chemistry, ACES,,Frescativägen 54,, SE10691, Stockholm, Sweden 
Data level:                   1 
Version:                      1 
Version description:          "corrected values: data screening + truncation, STP, and losses corrections" 
Height AGL:                   10m 
Inlet type:                   Hat or hood 
Humidity/temperature control: Humidification 
Humidity/temperature control description: humidogram 
Volume std. temperature:       273.15 K 
Volume std. pressure:         1013.25 hPa 
Detection limit:              0.5 1/Mm 
Detection limit expl.:        Determined by instrument counting statistics, no detection limit flag used 
Measurement uncertainty expl.: Uncertainty analysis described in Burgos et al., 2019 
Zero/negative values code:    zero/negative possible 
Zero/negative values:         zero and neg. values may appear due to statistical variations at very low concentrations  
Standard method:              cal-gas=CO2+AIR_truncation-correction=Anderson1998 
Acknowledgement:              Request acknowledgement details from data originator 
start_time end_time p_ref_int p_wet_int T_ref_int T_wet_int RH_ref_int RH_wet_int nWav sc450_ref sc550_ref sc700_ref sc450_wet sc550_wet sc700_wet bsc450_ref bsc550_ref bsc700_ref bsc450_wet bsc550_wet bsc700_wet frh450_total frh550_total frh700_total frh450_back frh550_back frh700_back frh450_total_dry40 frh550_total_dry40 frh700_total_dry40 frh450_back_dry40 frh550_back_dry40 frh700_back_dry40 numflag 
[from data line 2049]
315.360417 315.361111 943.850 942.125 296.750 297.950 29.925 77.250 3.000 11.590 9.933 7.656 21.348 21.517 20.283 1.257 0.890 0.805 1.956 1.397 1.436 1.842 2.166 2.649 1.556 1.570 1.783 1.571 1.701 1.957 1.387 1.236 1.206 0.000
315.361111 315.361806 943.650 941.950 296.750 297.950 30.000 74.400 3.000 11.600 9.885 7.606 20.051 18.648 16.126 1.243 0.939 0.797 1.080 1.140 1.402 1.729 1.887 2.120 0.869 1.213 1.759 1.476 1.474 1.556 0.765 1.008 1.177 0.000
315.361806 315.362500 943.675 941.950 296.750 297.925 30.050 71.000 3.000 11.793 10.028 7.626 16.820 15.794 15.014 1.175 0.939 0.826 1.223 1.085 1.233 1.426 1.575 1.969 1.041 1.155 1.492 1.238 1.248 1.449 0.867 0.960 1.035 0.000
315.362500 315.363194 943.650 941.900 296.750 297.850 30.075 67.475 3.000 11.829 10.097 7.748 16.148 13.491 12.053 1.160 0.898 0.897 1.295 0.895 1.065 1.365 1.336 1.556 1.116 0.996 1.187 1.188 1.066 1.163 0.918 0.791 0.894 0.000
315.363194 315.363889 943.700 941.925 296.825 297.850 30.100 63.425 3.000 11.814 10.072 7.944 14.689 13.215 10.637 1.182 0.952 0.881 0.821 1.001 0.974 1.243 1.312 1.339 0.694 1.051 1.106 1.081 1.045 1.026 0.582 0.885 0.818 0.000
315.363889 315.364583 943.700 941.975 296.850 297.850 30.075 59.250 3.000 11.942 10.112 7.969 14.184 12.354 10.457 1.273 0.933 0.865 1.763 1.242 1.221 1.188 1.222 1.312 1.385 1.331 1.411 1.044 0.976 1.009 1.250 1.099 1.025 0.000
315.364583 315.365278 943.700 941.900 296.850 297.750 29.975 55.400 3.000 11.970 10.285 7.979 13.631 11.563 10.515 1.295 0.897 0.904 1.533 1.245 0.880 1.139 1.124 1.318 1.185 1.388 0.973 1.003 0.914 1.015 1.087 1.101 0.739 0.000
315.365278 315.365972 943.825 942.050 296.850 297.750 29.900 51.675 3.000 12.078 10.403 8.221 12.806 11.861 10.530 1.378 0.917 0.948 1.438 1.045 0.883 1.060 1.140 1.281 1.044 1.140 0.932 0.942 0.937 1.016 1.020 0.925 0.741 0.000
315.365972 315.366667 943.625 941.875 296.850 297.750 29.900 48.825 3.000 12.418 10.629 8.238 14.190 11.975 9.411 1.504 0.978 0.955 1.337 0.962 1.155 1.143 1.127 1.142 0.889 0.984 1.209 1.044 0.946 0.908 0.948 0.851 0.969 0.000
315.366667 315.367361 943.925 942.175 296.850 297.750 29.900 48.000 3.000 12.607 10.763 8.263 13.913 12.090 10.113 1.494 1.016 0.979 1.484 0.933 1.089 1.104 1.123 1.224 0.993 0.918 1.112 1.024 0.956 0.976 1.052 0.825 0.914 0.000
315.367361 315.368056 943.875 942.150 296.850 297.750 29.975 46.025 3.000 12.885 10.946 8.264 14.281 12.180 9.934 1.466 1.059 0.996 1.997 1.161 1.557 1.108 1.113 1.202 1.362 1.097 1.563 1.051 0.963 0.959 1.416 1.027 1.307 0.000
315.368056 315.368750 943.750 942.050 296.850 297.750 30.000 44.000 3.000 13.127 11.003 8.479 13.674 12.366 10.179 1.457 1.086 0.965 1.154 0.701 0.752 1.042 1.124 1.200 0.792 0.646 0.779 1.006 0.977 0.982 0.818 0.620 0.631 0.000
315.368750 315.369444 943.800 942.075 296.850 297.700 29.900 42.325 3.000 13.241 10.962 8.316 13.937 12.092 9.445 1.488 1.091 0.975 1.954 0.978 0.970 1.053 1.103 1.136 1.313 0.896 0.995 1.026 0.956 0.911 1.386 0.865 0.815 0.000
315.369444 315.370139 943.900 942.175 296.850 297.675 29.900 41.375 3.000 13.163 10.882 8.247 14.111 12.722 10.218 1.429 1.086 0.984 1.444 1.264 1.241 1.072 1.169 1.239 1.011 1.164 1.261 1.038 1.006 0.986 1.024 1.118 1.042 0.000
315.370139 315.370833 943.775 942.050 296.850 297.650 29.900 41.325 3.000 13.288 10.980 8.240 14.066 11.700 9.676 1.467 1.106 1.007 1.732 1.109 1.179 1.059 1.066 1.174 1.181 1.004 1.171 1.035 0.925 0.934 1.228 0.981 0.990 0.000
315.370833 315.371528 943.450 941.700 296.850 297.650 29.875 40.475 3.000 13.234 10.924 8.234 13.415 12.683 10.047 1.454 1.072 0.991 0.932 1.534 0.992 1.014 1.161 1.220 0.641 1.431 1.001 0.987 1.002 0.970 0.660 1.357 0.833 0.000
315.371528 315.372222 943.650 941.925 296.850 297.650 29.725 39.775 3.000 13.422 11.088 8.392 13.671 12.637 10.513 1.545 1.140 0.981 1.637 0.939 1.285 1.019 1.140 1.253 1.060 0.824 1.311 1.006 0.999 1.014 1.161 0.831 1.079 0.000
315.372222 315.372917 943.900 942.175 296.850 297.650 29.675 39.250 3.000 13.631 11.402 8.604 14.357 12.219 8.631 1.518 1.166 1.014 1.441 1.183 1.413 1.053 1.072 1.003 0.949 1.014 1.393 1.057 0.966 0.833 1.022 1.047 1.186 0.000
315.395833 315.396528 944.267 942.533 296.850 298.350 29.833 92.533 3.000 13.877 11.637 8.863 36.157 35.573 32.530 1.544 1.177 1.050 2.929 2.844 1.687 2.606 3.057 3.670 1.897 2.417 1.607 2.661 2.812 3.139 2.076 2.515 1.417 0.000
315.396528 315.397222 944.100 942.375 296.850 298.350 29.825 93.025 3.000 13.984 11.667 9.008 36.419 34.983 32.643 1.620 1.164 1.089 2.452 2.497 2.119 2.604 2.999 3.624 1.514 2.144 1.945 2.680 2.765 3.150 1.739 2.209 1.779 0.000
315.397222 315.397917 944.100 942.400 296.875 298.350 29.800 93.200 3.000 14.123 11.794 9.180 36.822 33.928 31.860 1.602 1.194 1.099 3.039 2.165 2.085 2.607 2.877 3.470 1.897 1.814 1.896 2.710 2.682 3.074 2.154 1.915 1.750 0.000
315.397917 315.398611 944.000 942.300 296.950 298.350 29.750 93.025 3.000 13.989 11.827 9.037 35.256 33.549 31.036 1.454 1.156 1.128 2.505 2.069 2.088 2.520 2.837 3.434 1.723 1.790 1.851 2.595 2.652 2.995 1.776 1.830 1.753 0.000
315.398611 315.399306 944.000 942.300 296.950 298.350 29.550 92.375 3.000 13.915 11.701 9.058 32.867 32.069 28.726 1.512 1.135 1.077 2.816 2.056 2.057 2.362 2.741 3.171 1.862 1.812 1.910 2.419 2.535 2.772 1.997 1.819 1.727 0.000
315.399306 315.400000 944.100 942.400 296.950 298.250 29.425 90.425 3.000 13.766 11.525 9.071 30.476 29.728 26.874 1.431 1.121 1.050 2.121 1.936 1.734 2.214 2.579 2.962 1.483 1.726 1.651 2.243 2.350 2.593 1.504 1.712 1.456 0.000
315.400000 315.400694 943.900 942.200 296.950 298.075 29.475 81.325 3.000 13.866 11.645 9.018 25.121 23.845 20.901 1.456 1.096 1.006 1.675 1.706 1.596 1.812 2.048 2.318 1.150 1.557 1.586 1.622 1.779 1.928 1.175 1.294 1.185 0.000
315.400694 315.401389 943.850 942.150 296.950 298.150 29.400 75.825 3.000 13.951 11.779 9.046 24.854 24.084 21.796 1.549 1.119 0.983 2.337 1.337 1.425 1.782 2.045 2.410 1.509 1.195 1.449 1.605 1.797 2.010 1.640 1.014 1.057 0.000
315.401389 315.402083 943.875 942.175 296.975 298.250 29.325 79.875 3.000 14.166 11.905 9.166 28.572 27.767 24.509 1.644 1.133 0.995 1.444 1.775 1.650 2.017 2.332 2.674 0.878 1.566 1.658 1.845 2.072 2.260 1.013 1.346 1.225 0.000
315.402083 315.402778 943.900 942.175 297.050 298.250 29.350 80.775 3.000 14.244 12.056 9.239 28.944 28.023 25.080 1.573 1.162 1.000 2.351 1.756 1.669 2.032 2.324 2.715 1.495 1.510 1.669 1.869 2.091 2.313 1.649 1.332 1.239 0.000
315.402778 315.403472 943.925 942.250 297.050 298.225 29.300 78.375 3.000 14.467 12.199 9.139 27.344 26.478 23.398 1.640 1.206 1.022 2.278 1.611 1.840 1.890 2.170 2.560 1.389 1.335 1.801 1.765 1.975 2.158 1.598 1.222 1.366 0.000
315.403472 315.404167 944.275 942.625 297.050 298.175 29.350 74.675 3.000 14.612 12.324 9.273 24.006 22.589 18.568 1.574 1.232 1.040 2.058 1.648 1.992 1.643 1.833 2.002 1.307 1.337 1.916 1.550 1.685 1.712 1.444 1.250 1.479 0.000
315.404167 315.404861 944.275 942.600 297.050 298.150 29.450 70.700 3.000 14.737 12.328 9.383 21.192 18.365 15.739 1.472 1.238 1.096 2.126 1.510 1.140 1.438 1.490 1.677 1.444 1.219 1.040 1.368 1.370 1.452 1.492 1.145 0.846 0.000
315.404861 315.405556 944.075 942.375 297.050 298.100 29.525 66.875 3.000 14.680 12.148 9.336 19.896 17.585 14.957 1.453 1.223 1.120 1.322 1.413 1.443 1.355 1.448 1.602 0.910 1.156 1.289 1.284 1.312 1.379 0.927 1.072 1.071 0.000
315.405556 315.406250 944.150 942.475 297.050 298.050 29.400 62.950 3.000 14.855 12.172 9.292 18.646 16.254 13.899 1.553 1.248 1.141 1.894 1.503 1.318 1.255 1.335 1.496 1.220 1.204 1.154 1.204 1.213 1.282 1.329 1.140 0.978 0.000
315.406250 315.406944 944.275 942.600 297.050 298.050 29.425 57.800 3.000 15.033 12.365 9.444 17.723 15.545 12.300 1.583 1.218 1.207 1.848 1.078 0.849 1.179 1.257 1.302 1.168 0.885 0.704 1.144 1.160 1.134 1.296 0.818 0.630 0.000
315.406944 315.407639 943.975 942.300 297.050 298.050 29.550 53.175 3.000 15.225 12.455 9.515 16.322 14.354 11.787 1.666 1.270 1.223 1.927 1.494 1.268 1.072 1.152 1.239 1.157 1.176 1.037 1.054 1.071 1.087 1.352 1.133 0.941 0.000
315.407639 315.408333 944.050 942.375 297.050 297.950 29.425 50.075 3.000 15.398 12.636 9.495 17.182 14.535 12.034 1.728 1.293 1.209 1.789 1.467 1.052 1.116 1.150 1.267 1.035 1.135 0.870 1.109 1.084 1.110 1.255 1.113 0.781 0.000
315.408333 315.409028 943.975 942.275 297.100 297.950 29.450 48.625 3.000 15.491 12.710 9.733 17.340 14.431 11.459 1.757 1.325 1.223 2.286 1.419 1.595 1.119 1.135 1.177 1.301 1.071 1.304 1.119 1.077 1.057 1.604 1.076 1.184 0.000
315.409028 315.409722 944.050 942.350 297.075 297.950 29.450 46.450 3.000 15.359 12.579 9.583 17.236 14.455 12.189 1.680 1.288 1.222 1.635 1.493 1.180 1.122 1.149 1.272 0.973 1.160 0.965 1.113 1.078 1.124 1.147 1.132 0.876 0.000
315.409722 315.410417 944.350 942.675 297.100 297.925 29.550 44.225 3.000 15.107 12.348 9.479 16.266 13.197 10.534 1.636 1.302 1.082 1.657 1.251 1.251 1.077 1.069 1.111 1.013 0.961 1.156 1.050 0.985 0.972 1.163 0.949 0.929 0.000
315.410417 315.411111 943.900 942.250 297.150 297.925 29.775 41.575 3.000 14.660 12.055 9.329 16.645 14.110 10.329 1.602 1.239 1.084 1.740 1.448 1.311 1.135 1.170 1.107 1.086 1.168 1.209 1.075 1.053 0.953 1.221 1.098 0.973 0.000
315.411111 315.411806 943.850 942.175 297.150 297.850 29.650 38.600 3.000 14.219 11.727 9.162 15.493 13.064 10.788 1.616 1.189 1.045 2.289 1.425 1.467 1.090 1.114 1.177 1.416 1.199 1.404 1.000 0.975 0.995 1.606 1.081 1.089 0.000
315.411806 315.412500 943.875 942.225 297.150 297.850 29.600 38.950 3.000 14.057 11.550 8.782 15.445 13.747 10.657 1.599 1.165 1.007 1.298 1.091 1.208 1.099 1.190 1.213 0.812 0.936 1.200 0.997 1.026 0.983 0.911 0.827 0.896 0.000
315.412500 315.413194 943.900 942.250 297.150 297.900 29.600 39.150 3.000 13.976 11.518 8.954 14.866 13.023 11.121 1.617 1.208 1.056 1.256 1.249 1.367 1.064 1.131 1.242 0.777 1.034 1.294 0.960 0.972 1.026 0.881 0.947 1.015 0.000
315.413194 315.413889 944.025 942.375 297.150 297.850 29.625 33.275 3.000 13.977 11.687 8.872 15.210 12.888 9.771 1.673 1.167 1.059 1.739 1.325 1.048 1.088 1.103 1.101 1.040 1.135 0.990 0.982 0.962 0.901 1.220 1.005 0.778 0.000
315.413889 315.414583 943.925 942.300 297.150 297.925 29.775 31.825 3.000 13.997 11.707 8.890 15.001 12.854 10.226 1.653 1.170 1.065 2.034 1.403 1.139 1.072 1.098 1.150 1.230 1.199 1.070 0.968 0.959 0.943 1.427 1.064 0.846 0.000
315.437500 315.438194 943.867 942.267 296.783 298.283 30.167 83.033 3.000 14.052 11.687 8.999 36.660 34.984 33.095 1.608 1.160 1.120 2.366 2.247 3.063 2.609 2.993 3.678 1.471 1.937 2.735 2.367 2.610 3.052 1.660 1.704 2.273 0.000
315.438194 315.438889 944.050 942.425 296.850 298.400 30.075 87.325 3.000 13.951 11.662 9.113 36.779 34.539 33.432 1.597 1.124 1.104 2.960 2.491 2.294 2.636 2.962 3.669 1.853 2.215 2.078 2.374 2.577 3.083 2.077 1.889 1.703 0.000
315.438889 315.439583 944.200 942.575 296.850 298.450 30.100 90.175 3.000 13.860 11.628 8.909 38.386 36.657 34.502 1.683 1.122 0.990 2.312 2.642 2.313 2.770 3.153 3.873 1.374 2.355 2.336 2.478 2.735 3.182 1.622 2.004 1.717 0.000
315.439583 315.440278 944.475 942.825 296.950 298.400 30.075 90.775 3.000 13.918 11.552 9.030 37.077 35.330 33.331 1.583 1.139 1.050 3.509 2.786 2.390 2.664 3.058 3.691 2.216 2.445 2.276 2.394 2.636 3.074 2.462 2.113 1.774 0.000
315.440278 315.440972 944.650 943.000 296.975 298.350 30.100 89.475 3.000 13.993 11.592 9.045 34.583 33.144 31.079 1.520 1.136 1.042 2.719 2.405 2.140 2.471 2.859 3.436 1.789 2.117 2.054 2.233 2.473 2.866 1.908 1.824 1.588 0.000
315.440972 315.441667 944.425 942.700 297.050 298.350 30.250 86.700 3.000 14.039 11.670 9.146 34.410 32.475 30.035 1.537 1.129 1.051 2.239 2.055 2.087 2.451 2.783 3.284 1.456 1.821 1.987 2.221 2.423 2.770 1.571 1.559 1.549 0.000
315.441667 315.442361 944.400 942.700 297.050 298.350 30.175 84.100 3.000 14.206 11.814 9.250 32.285 30.485 28.024 1.598 1.162 1.080 2.524 2.390 2.275 2.273 2.580 3.030 1.579 2.057 2.105 2.042 2.252 2.444 1.156 1.769 1.733 0.000
315.442361 315.443056 944.200 942.550 297.050 298.350 30.100 82.075 3.000 14.400 11.969 9.483 31.721 30.320 27.853 1.495 1.089 1.115 2.138 2.117 1.894 2.203 2.533 2.937 1.430 1.943 1.698 2.006 2.240 2.429 0.979 1.566 1.443 0.000
315.443056 315.443750 944.475 942.850 297.050 298.350 30.050 79.725 3.000 14.287 11.906 9.368 31.358 29.080 26.587 1.597 1.127 1.091 1.505 1.794 1.940 2.195 2.442 2.838 0.943 1.591 1.779 1.983 2.149 2.319 0.690 1.327 1.478 0.000
315.443750 315.444444 944.300 942.650 297.150 298.350 30.075 77.500 3.000 14.198 11.862 9.356 29.353 27.273 23.399 1.652 1.159 1.051 2.583 2.081 1.734 2.067 2.299 2.501 1.563 1.795 1.649 1.857 2.015 2.041 1.183 1.540 1.321 0.000
315.444444 315.445139 944.200 942.600 297.150 298.350 29.950 74.750 3.000 14.172 11.863 9.357 26.334 24.218 21.599 1.625 1.210 1.009 1.512 1.743 1.356 1.858 2.041 2.308 0.931 1.440 1.344 1.666 1.789 1.884 0.693 1.290 1.033 0.000
315.445139 315.445833 944.475 942.850 297.150 298.350 29.900 71.325 3.000 14.077 11.849 9.322 22.286 20.327 16.625 1.596 1.201 1.004 1.751 1.739 1.512 1.583 1.715 1.783 1.097 1.448 1.505 1.410 1.502 1.450 0.802 1.287 1.152 0.000
315.445833 315.446528 944.275 942.625 297.225 298.350 29.975 67.400 3.000 13.977 11.817 9.370 19.962 18.504 15.422 1.638 1.239 1.002 1.719 1.417 1.600 1.428 1.566 1.646 1.049 1.144 1.597 1.263 1.367 1.345 0.787 1.049 1.219 0.000
315.446528 315.447222 944.400 942.775 297.250 298.350 29.875 63.475 3.000 14.025 11.788 9.521 18.295 16.051 13.530 1.590 1.192 1.005 1.204 1.288 1.253 1.305 1.362 1.421 0.758 1.080 1.247 1.157 1.186 1.180 0.552 0.953 0.955 0.000
315.447222 315.447917 944.550 942.950 297.250 298.350 29.900 59.250 3.000 13.963 11.719 9.528 16.935 14.712 12.761 1.611 1.166 0.944 1.446 1.162 1.115 1.213 1.255 1.339 0.898 0.997 1.181 1.071 1.087 1.113 0.662 0.860 0.850 0.000
315.447917 315.448611 944.325 942.725 297.250 298.350 29.925 55.300 3.000 13.924 11.544 9.334 16.404 14.195 11.048 1.645 1.147 0.921 1.810 0.992 1.050 1.178 1.230 1.184 1.100 0.865 1.140 1.038 1.049 0.964 0.829 0.734 0.800 0.000
315.448611 315.449306 944.450 942.850 297.250 298.350 29.875 51.625 3.000 13.871 11.467 9.234 15.884 13.875 10.812 1.644 1.144 0.893 1.810 1.317 1.109 1.145 1.210 1.171 1.101 1.152 1.242 1.005 1.025 0.943 0.829 0.975 0.845 0.000
315.449306 315.450000 944.350 942.775 297.250 298.350 29.800 48.875 3.000 13.901 11.461 9.124 15.907 14.255 11.614 1.633 1.096 0.937 1.892 1.285 1.150 1.144 1.244 1.273 1.158 1.172 1.227 1.006 1.053 1.013 0.866 0.951 0.876 0.000
315.450000 315.450694 943.975 942.350 297.325 298.350 29.775 47.825 3.000 13.859 11.486 9.061 15.806 13.786 11.265 1.685 1.114 0.896 2.069 1.395 1.275 1.140 1.200 1.243 1.228 1.253 1.423 1.000 1.019 0.983 0.948 1.032 0.972 0.000
315.450694 315.451389 944.075 942.475 297.350 298.350 29.775 45.850 3.000 13.875 11.365 8.906 15.969 13.997 11.862 1.718 1.079 0.964 0.969 1.682 1.338 1.151 1.232 1.332 0.564 1.558 1.388 1.010 1.034 1.035 0.444 1.245 1.019 0.000
315.451389 315.452083 944.075 942.525 297.350 298.350 29.775 43.800 3.000 13.811 11.391 8.876 15.575 13.515 10.988 1.660 1.077 0.970 1.856 1.169 1.019 1.128 1.186 1.238 1.118 1.086 1.050 0.985 0.999 0.958 0.850 0.865 0.776 0.000
315.452083 315.452778 944.350 942.775 297.350 298.350 29.525 42.075 3.000 13.840 11.415 8.866 15.956 14.012 11.089 1.649 1.066 1.008 2.098 1.288 1.268 1.153 1.228 1.251 1.272 1.209 1.259 1.009 1.035 0.967 0.961 0.953 0.967 0.000
315.452778 315.453472 944.125 942.550 297.350 298.350 29.600 41.325 3.000 13.936 11.458 8.720 15.489 13.830 11.103 1.620 1.058 0.984 0.838 1.533 1.275 1.111 1.207 1.273 0.517 1.449 1.296 0.980 1.022 0.968 0.384 1.135 0.972 0.000
315.453472 315.454167 944.175 942.575 297.350 298.350 29.600 41.075 3.000 13.979 11.439 8.724 16.016 13.300 10.913 1.460 1.077 1.010 1.951 1.501 1.253 1.146 1.163 1.251 1.336 1.394 1.241 1.013 0.983 0.952 0.894 1.111 0.955 0.000
