HYGRO_dataset/HLM/GB0060R.20060101000000.20181219000000.nephelometer.aerosol_light_scattering_coefficient.pm1.1mo.1mn.TSI_3563_HLM_ref_TSI_3563_HLM_wet..lev1.nas
100 1001 
Andrews, Elisabeth; Jefferson, Anne; Burgos, Maria A.  
US06L, National Oceanic and Atmospheric Administration , NOAA/ESRL/GMD,  "Earth System Research Laboratory, Global Monitoring Division", 325 Broadway, , CO 80305-3, Boulder, U.S.A. 
Burgos, Maria A. 
NOAA-ESRL 
1 1 
2006 01 01 2018 12 19 
0.000000 
Days from the file reference point (start_time) 
33 
1 1 1 1 1 1 1 1 1 1 1 1 1 1 1 1 1 1 1 1 1 1 1 1 1 1 1 1 1 1 1 1 1  
9999.999999 9999.999 9999.999 9999.999 9999.999 9999.999 9999.999 9.999 9999.999 9999.999 9999.999 9999.999 9999.999 9999.999 9999.999 9999.999 9999.999 9999.999 9999.999 9999.999 999.999 999.999 999.999 999.999 999.999 999.999 999.999 999.999 999.999 999.999 999.999 999.999 9.999 
end_time of measurement, days from the file reference point 
pressure, hPa, Location=reference nephelometer internal 
pressure, hPa, Location=humidified nephleometer internal 
temperature, K, Location=reference nephelometer internal 
temperature, K, Location=humidified nephleometer internal 
relative_humidity, %, Location=reference nephelometer internal 
relative_humidity, %, Location=humidified nephleometer internal 
number of wavelengths 
aerosol_light_scattering_coefficient, 1/Mm, Wavelength=450nm, Location=reference nephelometer 
aerosol_light_scattering_coefficient, 1/Mm, Wavelength=450nm, Location=humidified nephleometer, Matrix=pm1_humidified 
aerosol_light_scattering_coefficient, 1/Mm, Wavelength=550nm, Location=reference nephelometer 
aerosol_light_scattering_coefficient, 1/Mm, Wavelength=550nm, Location=humidified nephleometer, Matrix=pm1_humidified 
aerosol_light_scattering_coefficient, 1/Mm, Wavelength=700nm, Location=reference nephelometer 
aerosol_light_scattering_coefficient, 1/Mm, Wavelength=700nm, Location=humidified nephleometer, Matrix=pm1_humidified 
aerosol_light_backscattering_coefficient, 1/Mm, Wavelength=450nm, Location=reference nephelometer 
aerosol_light_backscattering_coefficient, 1/Mm, Wavelength=450nm, Location=humidified nephleometer, Matrix=pm1_humidified 
aerosol_light_backscattering_coefficient, 1/Mm, Wavelength=550nm, Location=reference nephelometer 
aerosol_light_backscattering_coefficient, 1/Mm, Wavelength=550nm, Location=humidified nephleometer, Matrix=pm1_humidified 
aerosol_light_backscattering_coefficient, 1/Mm, Wavelength=700nm, Location=reference nephelometer 
aerosol_light_backscattering_coefficient, 1/Mm, Wavelength=700nm, Location=humidified nephleometer, Matrix=pm1_humidified 
aerosol_light_scattering_enhancement_factor, no unit, Wavelength=450nm, Matrix=pm1_humidified, RH base max=40% 
aerosol_light_scattering_enhancement_factor, no unit, Wavelength=550nm, Matrix=pm1_humidified, RH base max=40% 
aerosol_light_scattering_enhancement_factor, no unit, Wavelength=700nm, Matrix=pm1_humidified, RH base max=40% 
aerosol_light_backscattering_enhancement_factor, no unit, Wavelength=450nm, Matrix=pm1_humidified, RH base max=40% 
aerosol_light_backscattering_enhancement_factor, no unit, Wavelength=550nm, Matrix=pm1_humidified, RH base max=40% 
aerosol_light_backscattering_enhancement_factor, no unit, Wavelength=700nm, Matrix=pm1_humidified, RH base max=40% 
aerosol_light_scattering_enhancement_factor, no unit, Wavelength=450nm, Matrix=pm1_humidified, RH base=40% 
[...]
Submitter:                    Burgos, Maria A., paul.zieger@aces.su.se, Department of Environmental Science and Analytical Chemistry, ACES,,Frescativägen 54,, SE10691, Stockholm, Sweden 
Data level:                   1 
Version:                      1 
Version description:          "corrected values: data screening + truncation, STP, and losses corrections" 
Height AGL:                   10m 
Inlet type:                   Hat or hood 
Humidity/temperature control: Humidification 
Humidity/temperature control description: humidogram 
Volume std. temperature:       273.15 K 
Volume std. pressure:         1013.25 hPa 
Detection limit:              0.5 1/Mm 
Detection limit expl.:        Determined by instrument counting statistics, no detection limit flag used 
Measurement uncertainty expl.: Uncertainty analysis described in Burgos et al., 2019 
Zero/negative values code:    zero/negative possible 
Zero/negative values:         zero and neg. values may appear due to statistical variations at very low concentrations  
Standard method:              cal-gas=CO2+AIR_truncation-correction=Anderson1998 
Acknowledgement:              Request acknowledgement details from data originator 
start_time end_time p_ref_int p_wet_int T_ref_int T_wet_int RH_ref_int RH_wet_int nWav sc450_ref sc550_ref sc700_ref sc450_wet sc550_wet sc700_wet bsc450_ref bsc550_ref bsc700_ref bsc450_wet bsc550_wet bsc700_wet frh450_total frh550_total frh700_total frh450_back frh550_back frh700_back frh450_total_dry40 frh550_total_dry40 frh700_total_dry40 frh450_back_dry40 frh550_back_dry40 frh700_back_dry40 numflag 
[from data line 9254]
333.070139 333.070833 947.150 946.500 300.950 302.250 24.700 83.975 3.000 54.419 32.905 17.218 105.497 68.876 40.747 6.183 4.603 3.959 6.737 5.661 5.530 1.939 2.093 2.367 1.090 1.230 1.397 1.743 1.820 1.986 0.964 1.065 1.129 0.000
333.070833 333.071528 947.125 946.450 300.950 302.250 24.675 81.500 3.000 54.603 33.030 17.272 99.222 64.675 37.454 6.214 4.617 3.942 7.303 5.252 5.227 1.817 1.958 2.169 1.175 1.138 1.326 1.640 1.709 1.826 1.045 0.988 1.067 0.000
333.071528 333.072222 947.175 946.450 300.950 302.225 24.675 78.850 3.000 54.424 33.064 17.301 86.907 56.914 34.278 6.083 4.618 3.951 6.447 5.619 4.893 1.597 1.721 1.981 1.060 1.217 1.238 1.436 1.504 1.671 0.923 1.057 0.999 0.000
333.072222 333.072917 947.150 946.500 300.950 302.150 24.575 75.575 3.000 54.567 33.382 17.476 76.135 48.831 28.675 6.136 4.667 4.098 6.445 4.737 4.151 1.395 1.463 1.641 1.050 1.015 1.013 1.258 1.290 1.398 0.922 0.891 0.847 0.000
333.072917 333.073611 947.200 946.500 300.950 302.050 24.600 72.400 3.000 54.486 33.566 17.370 69.734 44.839 26.444 6.140 4.698 4.040 6.429 5.015 4.489 1.280 1.336 1.522 1.047 1.067 1.111 1.152 1.185 1.289 0.920 0.943 0.917 0.000
333.073611 333.074306 947.150 946.475 300.950 302.050 24.525 69.275 3.000 54.667 33.659 17.328 68.858 43.918 25.738 6.062 4.724 4.019 6.991 5.021 4.524 1.260 1.305 1.485 1.153 1.063 1.126 1.138 1.161 1.255 1.001 0.944 0.924 0.000
333.074306 333.075000 947.200 946.500 300.950 302.000 24.550 66.075 3.000 55.296 34.185 17.502 63.463 39.490 22.398 6.070 4.811 4.128 6.141 4.562 4.495 1.148 1.155 1.280 1.012 0.948 1.089 1.049 1.044 1.092 0.879 0.858 0.918 0.000
333.075000 333.075694 947.150 946.500 300.950 301.950 24.500 62.675 3.000 58.528 36.144 18.628 60.844 37.143 21.313 6.411 5.048 4.360 6.186 4.854 4.727 1.040 1.028 1.144 0.965 0.962 1.084 1.005 0.981 1.039 0.885 0.913 0.965 0.000
333.075694 333.076389 947.175 946.500 300.950 301.925 24.500 59.075 3.000 63.566 39.353 20.457 59.448 36.549 20.569 6.842 5.362 4.507 5.559 5.126 4.324 0.935 0.929 1.005 0.812 0.956 0.959 0.982 0.966 1.003 0.796 0.964 0.883 0.000
333.076389 333.077083 947.200 946.525 300.950 301.850 24.500 55.375 3.000 66.329 41.063 21.378 65.953 41.414 23.005 7.172 5.544 4.711 8.282 5.167 4.855 0.994 1.009 1.076 1.155 0.932 1.030 1.090 1.094 1.121 1.185 0.972 0.991 0.000
333.077083 333.077778 947.200 946.500 300.950 301.850 24.500 52.275 3.000 71.353 44.442 23.448 75.199 46.468 26.131 7.660 5.820 5.019 8.107 6.423 5.648 1.054 1.046 1.114 1.058 1.104 1.125 1.243 1.228 1.274 1.160 1.208 1.153 0.000
333.077778 333.078472 947.200 946.525 300.950 301.775 24.475 48.375 3.000 76.345 47.766 25.449 64.746 40.451 21.594 8.191 6.048 5.260 6.971 5.377 4.762 0.848 0.847 0.849 0.851 0.889 0.905 1.070 1.069 1.053 0.998 1.011 0.972 0.000
333.078472 333.079167 947.125 946.450 300.925 301.750 24.475 45.250 3.000 76.656 48.046 25.487 73.817 46.877 26.371 8.217 6.074 5.172 7.980 5.711 5.181 0.963 0.976 1.035 0.971 0.940 1.002 1.220 1.239 1.285 1.142 1.074 1.058 0.000
333.079167 333.079861 947.175 946.500 300.925 301.750 24.450 43.000 3.000 72.257 45.200 23.825 77.405 49.528 27.489 7.782 5.750 4.926 8.612 5.983 5.571 1.071 1.096 1.154 1.107 1.041 1.131 1.279 1.309 1.340 1.233 1.125 1.137 0.000
333.079861 333.080556 947.225 946.525 300.900 301.650 24.400 41.050 3.000 66.640 42.044 22.722 67.619 42.785 23.398 7.358 5.351 4.536 7.060 5.588 5.566 1.015 1.018 1.030 0.960 1.044 1.227 1.117 1.131 1.140 1.011 1.051 1.136 0.000
333.080556 333.081250 947.200 946.575 300.850 301.625 24.400 39.525 3.000 57.874 36.727 20.145 57.302 35.608 19.212 6.631 4.795 3.971 6.954 5.195 4.596 0.990 0.970 0.954 1.049 1.084 1.157 0.947 0.941 0.936 0.995 0.977 0.938 0.000
333.104167 333.104861 948.067 947.300 300.550 302.017 24.167 91.333 3.000 48.966 31.237 17.362 117.738 83.287 56.649 5.848 4.249 3.377 9.061 6.753 6.052 2.404 2.666 3.263 1.549 1.589 1.792 1.946 2.201 2.761 1.297 1.270 1.235 0.000
333.104861 333.105556 948.025 947.300 300.550 302.050 24.075 91.800 3.000 42.344 27.334 15.607 113.407 80.581 54.924 5.301 3.835 2.927 8.558 6.441 5.802 2.678 2.948 3.519 1.614 1.680 1.982 1.874 2.129 2.677 1.225 1.211 1.184 0.000
333.105556 333.106250 948.075 947.300 300.550 302.075 24.075 92.325 3.000 38.029 24.980 14.740 116.825 84.607 55.386 4.873 3.564 2.628 7.724 6.468 5.805 3.072 3.387 3.757 1.585 1.815 2.209 1.931 2.236 2.700 1.106 1.216 1.185 0.000
333.106250 333.106944 948.100 947.400 300.550 302.050 24.000 92.625 3.000 37.688 24.707 14.406 113.694 81.649 54.311 4.739 3.518 2.659 8.398 6.519 5.596 3.017 3.305 3.770 1.772 1.853 2.105 1.879 2.158 2.647 1.202 1.226 1.143 0.000
333.106944 333.107639 948.125 947.400 300.550 302.050 24.000 92.550 3.000 38.287 25.020 14.431 107.999 76.607 52.771 4.704 3.513 2.662 7.970 6.454 5.599 2.821 3.062 3.657 1.694 1.837 2.103 1.785 2.024 2.572 1.141 1.214 1.143 0.000
333.107639 333.108333 948.125 947.350 300.550 302.125 23.950 92.425 3.000 38.451 25.161 14.565 111.475 79.781 54.723 4.694 3.553 2.714 8.022 6.615 5.019 2.899 3.171 3.757 1.709 1.862 1.849 1.842 2.108 2.667 1.148 1.244 1.025 0.000
333.108333 333.109028 948.125 947.375 300.550 302.100 23.900 92.400 3.000 39.061 25.539 14.667 110.533 79.053 54.262 4.698 3.569 2.790 6.695 6.458 5.242 2.830 3.095 3.700 1.425 1.810 1.879 3.804 3.850 4.289 2.182 2.515 2.910 0.000
333.109028 333.109722 948.150 947.375 300.550 302.050 23.900 91.600 3.000 39.383 25.680 14.733 106.328 75.628 50.079 4.767 3.574 2.836 7.716 5.584 5.518 2.700 2.945 3.399 1.619 1.562 1.946 3.659 3.683 3.958 2.515 2.174 3.064 0.000
333.109722 333.110417 948.125 947.425 300.550 302.050 23.900 90.300 3.000 39.607 25.781 14.801 104.205 74.029 50.446 4.788 3.645 2.832 7.442 6.016 4.967 2.631 2.871 3.408 1.554 1.650 1.754 3.586 3.605 3.987 2.425 2.342 2.758 0.000
333.110417 333.111111 948.225 947.425 300.550 302.050 23.850 88.650 3.000 39.659 25.716 14.814 97.325 69.025 45.174 4.774 3.691 2.909 7.020 5.727 4.834 2.454 2.684 3.049 1.470 1.552 1.662 3.349 3.361 3.571 2.288 2.230 2.684 0.000
333.111111 333.111806 948.175 947.400 300.550 301.950 23.800 86.475 3.000 39.414 25.586 14.711 92.315 65.269 43.683 4.722 3.628 2.902 6.767 5.235 4.641 2.342 2.551 2.969 1.433 1.443 1.599 3.177 3.179 3.453 2.205 2.038 2.577 0.000
333.111806 333.112500 948.150 947.375 300.550 301.900 23.800 84.075 3.000 38.889 25.286 14.617 88.454 61.459 40.261 4.651 3.598 2.865 6.433 5.312 4.681 2.275 2.431 2.754 1.383 1.477 1.634 3.044 2.993 3.182 2.097 2.068 2.599 0.000
333.112500 333.113194 948.200 947.375 300.550 301.875 23.800 81.600 3.000 38.348 24.987 14.426 75.258 52.865 36.162 4.590 3.557 2.812 6.189 5.078 4.203 1.962 2.116 2.507 1.348 1.428 1.494 2.590 2.575 2.858 2.017 1.977 2.333 0.000
333.113194 333.113889 948.200 947.400 300.550 301.850 23.800 78.975 3.000 37.593 24.582 14.295 66.947 47.596 30.915 4.515 3.424 2.732 6.416 3.771 4.076 1.781 1.936 2.163 1.421 1.101 1.492 2.304 2.318 2.444 2.091 1.468 2.263 0.000
333.113889 333.114583 948.150 947.350 300.550 301.775 23.800 75.950 3.000 36.344 23.958 13.999 59.292 42.450 28.170 4.344 3.320 2.622 5.195 4.276 3.620 1.631 1.772 2.012 1.196 1.288 1.381 2.040 2.067 2.227 1.693 1.665 2.010 0.000
333.114583 333.115278 948.175 947.350 300.550 301.750 23.800 72.875 3.000 35.712 23.508 13.686 54.648 37.770 24.713 4.286 3.250 2.526 4.549 4.188 3.619 1.530 1.607 1.806 1.061 1.289 1.433 1.881 1.839 1.953 1.483 1.631 2.010 0.000
333.115278 333.115972 948.175 947.425 300.550 301.650 23.800 69.725 3.000 35.127 23.158 13.474 49.724 34.810 22.229 4.129 3.171 2.523 4.225 3.697 3.329 1.416 1.503 1.650 1.023 1.166 1.319 1.711 1.695 1.757 1.377 1.440 1.848 0.000
333.115972 333.116667 948.050 947.275 300.550 301.650 23.800 66.675 3.000 34.514 22.781 13.269 47.085 33.220 21.887 4.075 3.121 2.484 3.847 3.429 2.990 1.364 1.458 1.650 0.944 1.099 1.204 1.620 1.618 1.730 1.254 1.335 1.660 0.000
333.116667 333.117361 948.175 947.400 300.550 301.600 23.800 63.400 3.000 33.755 22.344 12.992 44.708 31.229 21.080 4.023 3.050 2.450 4.797 3.525 3.316 1.324 1.398 1.623 1.193 1.156 1.354 1.538 1.521 1.666 1.563 1.373 1.841 0.000
333.117361 333.118056 948.200 947.425 300.525 301.550 23.800 59.450 3.000 32.847 21.877 12.677 41.895 28.901 17.729 3.938 2.951 2.398 3.628 3.476 3.064 1.275 1.321 1.399 0.921 1.178 1.277 1.442 1.407 1.401 1.182 1.353 1.701 0.000
333.118056 333.118750 948.200 947.450 300.450 301.500 23.800 55.550 3.000 31.377 21.073 12.195 37.789 25.457 16.745 3.692 2.791 2.284 4.292 3.365 2.727 1.204 1.208 1.373 1.162 1.206 1.194 1.300 1.240 1.324 1.399 1.310 1.514 0.000
333.118750 333.119444 948.175 947.400 300.525 301.450 23.800 52.200 3.000 29.576 20.088 11.819 34.986 24.328 15.337 3.514 2.593 2.122 4.021 2.914 2.566 1.183 1.211 1.298 1.144 1.124 1.210 1.204 1.185 1.212 1.311 1.135 1.425 0.000
333.119444 333.120139 948.075 947.350 300.475 301.425 23.800 47.950 3.000 27.867 19.186 11.443 31.705 22.085 14.689 3.246 2.353 1.947 3.735 2.367 2.202 1.138 1.151 1.284 1.151 1.006 1.131 1.091 1.076 1.161 1.217 0.922 1.223 0.000
333.120139 333.120833 948.050 947.325 300.450 301.350 23.800 44.800 3.000 26.314 18.239 10.979 31.163 21.733 13.636 2.878 2.197 1.816 3.589 2.690 2.446 1.184 1.192 1.242 1.247 1.225 1.347 1.072 1.058 1.078 1.170 1.048 1.358 0.000
333.120833 333.121528 948.075 947.350 300.450 301.325 23.800 42.700 3.000 25.295 17.430 10.619 29.460 20.678 13.674 2.719 2.081 1.663 3.645 2.363 1.934 1.165 1.186 1.288 1.341 1.135 1.163 1.014 1.007 1.081 1.188 0.920 1.074 0.000
333.121528 333.122222 948.125 947.350 300.450 301.250 23.850 40.750 3.000 22.568 15.846 10.038 28.920 20.254 12.857 2.417 1.870 1.507 3.101 2.398 1.912 1.281 1.278 1.281 1.283 1.282 1.268 0.995 0.986 1.016 1.011 0.934 1.061 0.000
333.122222 333.122917 948.075 947.350 300.450 301.225 23.875 39.325 3.000 20.017 14.350 9.382 29.186 20.786 12.466 2.114 1.642 1.341 3.039 2.722 1.701 1.458 1.449 1.329 1.438 1.657 1.269 1.004 1.012 0.985 0.990 1.060 0.945 0.000
333.145833 333.146528 948.267 947.467 300.150 301.450 24.200 88.667 3.000 17.760 13.017 8.754 32.307 27.282 21.950 1.895 1.504 1.283 2.115 1.714 1.947 1.819 2.096 2.507 1.116 1.140 1.518 1.112 1.329 1.735 0.689 0.667 1.081 0.000
333.146528 333.147222 948.275 947.500 300.150 301.375 24.200 82.175 3.000 15.388 11.653 8.012 26.022 22.901 18.621 1.737 1.342 1.164 1.869 1.654 1.554 1.691 1.965 2.324 1.076 1.233 1.335 0.895 1.115 1.472 0.609 0.644 0.863 0.000
333.147222 333.147917 948.350 947.525 300.150 301.450 24.200 81.000 3.000 13.029 10.450 7.488 28.733 23.967 20.326 1.450 1.173 1.080 2.435 1.561 1.467 2.205 2.293 2.715 1.680 1.331 1.359 0.989 1.167 1.607 0.794 0.608 0.814 0.000
333.147917 333.148611 948.325 947.500 300.150 301.325 24.100 75.325 3.000 12.923 10.300 7.299 22.813 19.394 16.152 1.494 1.155 1.055 1.576 1.411 1.805 1.765 1.883 2.213 1.055 1.222 1.711 0.785 0.945 1.277 0.513 0.549 1.002 0.000
333.148611 333.149306 948.350 947.525 300.150 301.200 24.125 67.300 3.000 12.816 10.157 7.104 18.993 15.605 12.615 1.495 1.176 1.088 1.953 1.233 1.161 1.482 1.536 1.776 1.307 1.048 1.067 0.654 0.760 0.997 0.636 0.480 0.645 0.000
333.149306 333.150000 948.275 947.475 300.150 301.150 24.150 60.400 3.000 12.476 9.891 7.026 17.083 13.383 10.626 1.384 1.163 1.060 1.236 1.210 1.023 1.369 1.353 1.512 0.893 1.040 0.965 0.588 0.652 0.840 0.403 0.471 0.568 0.000
333.150000 333.150694 948.350 947.500 300.175 301.150 24.200 54.000 3.000 12.312 9.781 7.056 15.837 12.043 9.661 1.282 1.144 0.961 1.226 0.886 0.816 1.286 1.231 1.369 0.957 0.775 0.849 1.190 1.091 1.166 0.736 0.832 0.745 0.000
333.150694 333.151389 948.300 947.500 300.225 301.075 24.150 48.975 3.000 12.156 9.723 7.031 14.263 12.010 9.493 1.327 1.077 0.992 1.426 1.258 1.176 1.173 1.235 1.350 1.075 1.168 1.186 1.072 1.088 1.146 0.856 1.180 1.074 0.000
333.151389 333.152083 948.300 947.425 300.150 301.050 24.150 45.250 3.000 11.936 9.534 6.945 14.873 11.450 8.735 1.213 1.063 0.977 1.807 1.087 1.277 1.246 1.201 1.258 1.490 1.022 1.306 1.118 1.037 1.054 1.085 1.019 1.166 0.000
333.152083 333.152778 948.325 947.525 300.150 301.000 24.200 42.300 3.000 11.711 9.451 6.982 13.632 10.874 9.085 1.247 1.046 0.896 1.603 1.251 0.875 1.164 1.151 1.301 1.285 1.197 0.976 1.025 0.985 1.096 0.962 1.174 0.799 0.000
333.152778 333.153472 948.275 947.450 300.150 300.950 24.200 42.525 3.000 11.719 9.439 6.928 14.271 11.663 8.255 1.318 1.020 0.801 1.603 1.322 1.016 1.218 1.236 1.192 1.216 1.297 1.268 1.073 1.057 0.996 0.962 1.241 0.928 0.000
333.153472 333.154167 948.325 947.475 300.150 301.050 24.200 51.175 3.000 11.665 9.414 6.967 15.351 12.327 9.565 1.289 0.990 0.861 1.646 1.116 0.590 1.316 1.309 1.373 1.277 1.127 0.685 1.154 1.117 1.154 0.988 1.047 0.538 0.000
333.154167 333.154861 948.375 947.575 300.150 301.150 24.200 61.400 3.000 11.641 9.375 6.983 17.968 14.551 11.430 1.212 1.026 0.842 1.949 1.177 1.061 1.543 1.552 1.637 1.608 1.147 1.259 1.351 1.318 1.379 1.170 1.105 0.968 0.000
333.154861 333.155556 948.425 947.600 300.150 301.150 24.200 64.700 3.000 11.589 9.380 7.007 17.427 15.847 12.226 1.250 1.001 0.853 1.581 1.161 1.594 1.504 1.689 1.745 1.265 1.160 1.869 1.310 1.435 1.475 0.949 1.089 1.455 0.000
333.155556 333.156250 948.450 947.650 300.150 301.150 24.250 63.275 3.000 11.628 9.326 6.891 16.780 13.900 11.520 1.081 1.052 0.861 1.108 1.122 0.960 1.443 1.490 1.672 1.024 1.067 1.115 1.261 1.259 1.390 0.665 1.053 0.876 0.000
333.156250 333.156944 948.450 947.575 300.150 301.150 24.300 61.750 3.000 11.678 9.332 6.807 16.534 13.379 10.707 1.079 1.064 0.933 1.193 1.365 1.089 1.416 1.434 1.573 1.105 1.283 1.167 1.243 1.212 1.292 0.716 1.281 0.994 0.000
333.156944 333.157639 948.450 947.550 300.150 301.125 24.275 59.775 3.000 11.666 9.281 6.692 15.232 12.332 9.999 1.194 1.064 0.921 1.584 1.358 1.067 1.306 1.329 1.494 1.327 1.277 1.158 1.145 1.117 1.207 0.951 1.274 0.974 0.000
333.157639 333.158333 948.450 947.600 300.150 301.050 24.300 57.575 3.000 11.696 9.258 6.588 14.883 12.289 10.714 1.250 1.027 0.937 1.548 1.125 1.308 1.272 1.327 1.626 1.238 1.096 1.395 1.119 1.113 1.293 0.929 1.056 1.194 0.000
333.158333 333.159028 948.400 947.550 300.150 301.050 24.300 55.475 3.000 11.740 9.344 6.604 14.452 12.014 9.553 1.224 1.063 0.909 1.390 1.109 0.756 1.231 1.286 1.446 1.135 1.043 0.831 1.086 1.088 1.153 0.834 1.041 0.690 0.000
333.159028 333.159722 948.450 947.600 300.150 301.050 24.300 53.325 3.000 11.598 9.215 6.512 14.022 11.880 9.559 1.356 0.987 0.890 1.594 1.077 0.841 1.209 1.289 1.468 1.175 1.091 0.945 1.054 1.076 1.154 0.956 1.010 0.767 0.000
333.159722 333.160417 948.400 947.500 300.150 301.050 24.300 51.275 3.000 11.425 9.233 6.582 14.580 11.548 9.854 1.340 1.013 0.863 1.903 1.297 1.195 1.276 1.251 1.497 1.420 1.280 1.384 1.096 1.046 1.189 1.142 1.217 1.091 0.000
333.160417 333.161111 948.425 947.525 300.150 300.950 24.300 48.950 3.000 11.399 9.299 6.500 14.332 11.807 8.190 1.281 1.049 0.847 1.393 1.303 1.201 1.257 1.270 1.260 1.087 1.241 1.418 1.077 1.070 0.988 0.836 1.222 1.096 0.000
333.161111 333.161806 948.350 947.475 300.150 300.925 24.300 44.775 3.000 11.230 9.246 6.618 14.447 11.575 8.627 1.309 1.088 0.775 1.357 1.471 0.934 1.286 1.252 1.303 1.036 1.352 1.206 1.086 1.049 1.041 0.814 1.380 0.853 0.000
333.161806 333.162500 948.425 947.550 300.150 300.900 24.300 42.025 3.000 11.100 9.226 6.528 13.617 10.248 8.118 1.295 1.068 0.833 1.406 0.879 0.683 1.227 1.111 1.243 1.086 0.823 0.821 1.024 0.928 0.980 0.844 0.825 0.624 0.000
333.162500 333.163194 948.425 947.525 300.150 300.875 24.300 40.350 3.000 11.118 9.326 6.642 13.438 11.252 8.205 1.305 1.072 0.812 1.583 1.054 0.978 1.209 1.207 1.235 1.213 0.982 1.205 1.010 1.019 0.990 0.950 0.988 0.893 0.000
333.163194 333.163889 948.375 947.525 300.150 300.850 24.300 38.975 3.000 11.111 9.343 6.746 12.910 10.417 8.522 1.326 1.018 0.842 1.911 1.102 1.439 1.162 1.115 1.263 1.442 1.082 1.710 0.970 0.944 1.029 1.147 1.034 1.314 0.000
