HYGRO_dataset/HLM/GB0060R.20060101000000.20181219000000.nephelometer.aerosol_light_scattering_coefficient.pm1.1mo.1mn.TSI_3563_HLM_ref_TSI_3563_HLM_wet..lev1.nas
100 1001 
Andrews, Elisabeth; Jefferson, Anne; Burgos, Maria A.  
US06L, National Oceanic and Atmospheric Administration , NOAA/ESRL/GMD,  "Earth System Research Laboratory, Global Monitoring Division", 325 Broadway, , CO 80305-3, Boulder, U.S.A. 
Burgos, Maria A. 
NOAA-ESRL 
1 1 
2006 01 01 2018 12 19 
0.000000 
Days from the file reference point (start_time) 
33 
1 1 1 1 1 1 1 1 1 1 1 1 1 1 1 1 1 1 1 1 1 1 1 1 1 1 1 1 1 1 1 1 1  
9999.999999 9999.999 9999.999 9999.999 9999.999 9999.999 9999.999 9.999 9999.999 9999.999 9999.999 9999.999 9999.999 9999.999 9999.999 9999.999 9999.999 9999.999 9999.999 9999.999 999.999 999.999 999.999 999.999 999.999 999.999 999.999 999.999 999.999 999.999 999.999 999.999 9.999 
end_time of measurement, days from the file reference point 
pressure, hPa, Location=reference nephelometer internal 
pressure, hPa, Location=humidified nephleometer internal 
temperature, K, Location=reference nephelometer internal 
temperature, K, Location=humidified nephleometer internal 
relative_humidity, %, Location=reference nephelometer internal 
relative_humidity, %, Location=humidified nephleometer internal 
number of wavelengths 
aerosol_light_scattering_coefficient, 1/Mm, Wavelength=450nm, Location=reference nephelometer 
aerosol_light_scattering_coefficient, 1/Mm, Wavelength=450nm, Location=humidified nephleometer, Matrix=pm1_humidified 
aerosol_light_scattering_coefficient, 1/Mm, Wavelength=550nm, Location=reference nephelometer 
aerosol_light_scattering_coefficient, 1/Mm, Wavelength=550nm, Location=humidified nephleometer, Matrix=pm1_humidified 
aerosol_light_scattering_coefficient, 1/Mm, Wavelength=700nm, Location=reference nephelometer 
aerosol_light_scattering_coefficient, 1/Mm, Wavelength=700nm, Location=humidified nephleometer, Matrix=pm1_humidified 
aerosol_light_backscattering_coefficient, 1/Mm, Wavelength=450nm, Location=reference nephelometer 
aerosol_light_backscattering_coefficient, 1/Mm, Wavelength=450nm, Location=humidified nephleometer, Matrix=pm1_humidified 
aerosol_light_backscattering_coefficient, 1/Mm, Wavelength=550nm, Location=reference nephelometer 
aerosol_light_backscattering_coefficient, 1/Mm, Wavelength=550nm, Location=humidified nephleometer, Matrix=pm1_humidified 
aerosol_light_backscattering_coefficient, 1/Mm, Wavelength=700nm, Location=reference nephelometer 
aerosol_light_backscattering_coefficient, 1/Mm, Wavelength=700nm, Location=humidified nephleometer, Matrix=pm1_humidified 
aerosol_light_scattering_enhancement_factor, no unit, Wavelength=450nm, Matrix=pm1_humidified, RH base max=40% 
aerosol_light_scattering_enhancement_factor, no unit, Wavelength=550nm, Matrix=pm1_humidified, RH base max=40% 
aerosol_light_scattering_enhancement_factor, no unit, Wavelength=700nm, Matrix=pm1_humidified, RH base max=40% 
aerosol_light_backscattering_enhancement_factor, no unit, Wavelength=450nm, Matrix=pm1_humidified, RH base max=40% 
aerosol_light_backscattering_enhancement_factor, no unit, Wavelength=550nm, Matrix=pm1_humidified, RH base max=40% 
aerosol_light_backscattering_enhancement_factor, no unit, Wavelength=700nm, Matrix=pm1_humidified, RH base max=40% 
aerosol_light_scattering_enhancement_factor, no unit, Wavelength=450nm, Matrix=pm1_humidified, RH base=40% 
[...]
Submitter:                    Burgos, Maria A., paul.zieger@aces.su.se, Department of Environmental Science and Analytical Chemistry, ACES,,Frescativägen 54,, SE10691, Stockholm, Sweden 
Data level:                   1 
Version:                      1 
Version description:          "corrected values: data screening + truncation, STP, and losses corrections" 
Height AGL:                   10m 
Inlet type:                   Hat or hood 
Humidity/temperature control: Humidification 
Humidity/temperature control description: humidogram 
Volume std. temperature:       273.15 K 
Volume std. pressure:         1013.25 hPa 
Detection limit:              0.5 1/Mm 
Detection limit expl.:        Determined by instrument counting statistics, no detection limit flag used 
Measurement uncertainty expl.: Uncertainty analysis described in Burgos et al., 2019 
Zero/negative values code:    zero/negative possible 
Zero/negative values:         zero and neg. values may appear due to statistical variations at very low concentrations  
Standard method:              cal-gas=CO2+AIR_truncation-correction=Anderson1998 
Acknowledgement:              Request acknowledgement details from data originator 
start_time end_time p_ref_int p_wet_int T_ref_int T_wet_int RH_ref_int RH_wet_int nWav sc450_ref sc550_ref sc700_ref sc450_wet sc550_wet sc700_wet bsc450_ref bsc550_ref bsc700_ref bsc450_wet bsc550_wet bsc700_wet frh450_total frh550_total frh700_total frh450_back frh550_back frh700_back frh450_total_dry40 frh550_total_dry40 frh700_total_dry40 frh450_back_dry40 frh550_back_dry40 frh700_back_dry40 numflag 
[from data line 7382]
329.912500 329.913194 929.250 928.175 299.425 300.350 24.700 43.925 3.000 7.490 5.993 4.709 7.200 6.835 5.522 0.943 0.773 0.713 1.258 0.675 0.486 0.961 1.141 1.173 1.334 0.874 0.681 999.999 999.999 999.999 999.999 999.999 999.999 0.000
329.913194 329.913889 929.200 928.125 299.400 300.350 24.700 42.050 3.000 7.628 6.152 4.699 8.220 6.511 4.698 0.889 0.767 0.612 1.125 0.741 0.613 1.078 1.058 1.000 1.265 0.966 1.002 999.999 999.999 999.999 999.999 999.999 999.999 0.000
329.913889 329.914583 929.325 928.225 299.350 300.325 24.725 40.525 3.000 7.613 6.124 4.640 8.516 7.208 6.000 0.974 0.725 0.587 0.870 1.080 1.080 1.119 1.177 1.293 0.893 1.490 1.840 999.999 999.999 999.999 999.999 999.999 999.999 0.000
329.937500 329.938194 930.467 929.333 299.250 300.817 25.133 87.400 3.000 7.459 6.042 4.609 13.261 12.198 9.697 0.998 0.711 0.643 1.477 0.887 0.856 1.778 2.019 2.104 1.480 1.248 1.332 999.999 999.999 999.999 999.999 999.999 999.999 0.000
329.938194 329.938889 930.600 929.475 299.250 300.900 25.125 90.125 3.000 7.338 5.947 4.559 13.462 12.778 10.148 0.970 0.719 0.658 1.165 0.451 0.406 1.835 2.149 2.226 1.202 0.628 0.617 999.999 999.999 999.999 999.999 999.999 999.999 0.000
329.938889 329.939583 930.475 929.375 299.250 300.975 25.075 92.050 3.000 7.226 5.836 4.456 13.634 11.957 11.279 0.969 0.681 0.607 1.457 0.986 0.963 1.887 2.049 2.531 1.503 1.447 1.588 999.999 999.999 999.999 999.999 999.999 999.999 0.000
329.939583 329.940278 930.350 929.225 299.250 301.050 25.025 93.350 3.000 7.043 5.556 4.459 14.702 13.104 10.600 0.910 0.686 0.631 1.002 0.983 0.521 2.087 2.359 2.377 1.101 1.432 0.826 999.999 999.999 999.999 999.999 999.999 999.999 0.000
329.940278 329.940972 930.500 929.325 299.250 300.825 25.000 92.650 3.000 7.018 5.568 4.282 12.495 11.043 10.351 0.857 0.731 0.572 9999.999 0.685 0.466 1.780 1.983 2.417 999.999 0.937 0.816 999.999 999.999 999.999 999.999 999.999 999.999 0.000
329.940972 329.941667 930.550 929.450 299.250 300.800 25.000 87.975 3.000 7.019 5.420 4.248 11.360 10.499 9.150 0.802 0.728 0.531 0.678 0.553 0.307 1.618 1.937 2.154 0.846 0.760 0.577 999.999 999.999 999.999 999.999 999.999 999.999 0.000
329.941667 329.942361 930.600 929.475 299.250 300.875 25.000 86.325 3.000 7.003 5.387 4.155 11.277 10.062 8.467 0.836 0.716 0.532 0.372 0.428 0.703 1.610 1.868 2.038 0.445 0.598 1.322 999.999 999.999 999.999 999.999 999.999 999.999 0.000
329.942361 329.943056 930.575 929.425 299.275 300.975 25.000 87.650 3.000 7.059 5.405 4.086 12.061 10.534 9.361 0.829 0.682 0.582 0.623 0.969 0.367 1.709 1.949 2.291 0.752 1.421 0.630 999.999 999.999 999.999 999.999 999.999 999.999 0.000
329.943056 329.943750 930.700 929.525 299.350 301.100 24.950 89.925 3.000 6.998 5.412 4.074 12.914 12.650 10.622 0.905 0.701 0.543 1.076 0.633 0.384 1.845 2.338 2.607 1.189 0.903 0.706 999.999 999.999 999.999 999.999 999.999 999.999 0.000
329.943750 329.944444 930.550 929.375 299.350 301.100 24.975 91.175 3.000 6.929 5.382 4.135 12.806 11.091 9.384 0.954 0.682 0.552 0.322 0.640 0.301 1.848 2.061 2.269 0.337 0.938 0.544 999.999 999.999 999.999 999.999 999.999 999.999 0.000
329.944444 329.945139 930.675 929.550 299.350 301.000 24.900 89.350 3.000 6.855 5.475 4.179 11.459 10.411 8.604 0.972 0.651 0.517 0.683 0.896 0.848 1.672 1.901 2.059 0.703 1.376 1.642 999.999 999.999 999.999 999.999 999.999 999.999 0.000
329.945139 329.945833 930.600 929.425 299.350 300.950 24.900 83.175 3.000 6.752 5.418 4.218 10.840 9.388 7.396 0.907 0.626 0.515 0.385 0.494 0.588 1.606 1.733 1.754 0.424 0.789 1.141 999.999 999.999 999.999 999.999 999.999 999.999 0.000
329.945833 329.946528 930.600 929.450 299.350 301.025 24.900 83.600 3.000 6.655 5.375 4.135 10.837 10.340 8.191 0.997 0.661 0.518 0.509 0.781 0.648 1.628 1.924 1.981 0.510 1.182 1.252 999.999 999.999 999.999 999.999 999.999 999.999 0.000
329.946528 329.947222 930.675 929.525 299.350 301.125 24.900 86.625 3.000 6.506 5.289 4.015 11.623 11.072 9.985 1.034 0.633 0.558 0.683 0.933 0.806 1.786 2.093 2.487 0.661 1.474 1.444 999.999 999.999 999.999 999.999 999.999 999.999 0.000
329.947222 329.947917 930.750 929.575 299.350 301.000 24.900 85.800 3.000 6.515 5.289 3.941 11.509 11.049 8.927 0.950 0.614 0.611 0.653 0.557 0.477 1.766 2.089 2.265 0.687 0.907 0.781 999.999 999.999 999.999 999.999 999.999 999.999 0.000
329.947917 329.948611 930.950 929.750 299.350 300.950 24.900 81.725 3.000 6.560 5.216 3.747 10.415 9.686 9.012 0.956 0.620 0.619 0.603 0.781 0.524 1.588 1.857 2.405 0.631 1.260 0.847 999.999 999.999 999.999 999.999 999.999 999.999 0.000
329.948611 329.949306 930.875 929.750 299.350 300.850 24.950 76.675 3.000 6.640 5.287 3.802 9.298 8.551 7.479 0.918 0.604 0.593 0.288 0.474 0.495 1.400 1.617 1.967 0.313 0.785 0.834 999.999 999.999 999.999 999.999 999.999 999.999 0.000
329.949306 329.950000 930.800 929.700 299.350 300.775 25.000 72.100 3.000 6.659 5.303 3.955 9.665 8.662 6.342 0.876 0.595 0.546 1.151 0.780 0.450 1.451 1.634 1.604 1.314 1.311 0.824 999.999 999.999 999.999 999.999 999.999 999.999 0.000
329.950000 329.950694 930.925 929.850 299.350 300.700 25.000 68.450 3.000 6.758 5.332 4.110 8.393 7.338 5.001 0.819 0.611 0.527 0.557 0.522 0.565 1.242 1.376 1.217 0.681 0.854 1.072 999.999 999.999 999.999 999.999 999.999 999.999 0.000
329.950694 329.951389 930.775 929.725 299.350 300.650 25.000 64.700 3.000 6.817 5.291 4.135 7.921 6.928 5.441 0.865 0.614 0.522 0.290 0.569 0.822 1.162 1.309 1.316 0.335 0.927 1.572 999.999 999.999 999.999 999.999 999.999 999.999 0.000
329.951389 329.952083 930.775 929.725 299.350 300.550 24.950 60.725 3.000 6.746 5.314 4.108 8.771 7.349 5.186 0.889 0.634 0.540 1.030 0.951 0.214 1.300 1.383 1.263 1.158 1.500 0.396 999.999 999.999 999.999 999.999 999.999 999.999 0.000
329.952083 329.952778 930.825 929.750 299.350 300.550 24.925 56.750 3.000 6.742 5.349 4.093 6.991 6.324 5.118 0.865 0.646 0.531 1.046 0.507 0.532 1.037 1.182 1.251 1.209 0.784 1.002 999.999 999.999 999.999 999.999 999.999 999.999 0.000
329.952778 329.953472 930.700 929.625 299.350 300.525 24.925 52.975 3.000 6.730 5.326 4.087 7.334 6.278 4.716 0.879 0.661 0.598 0.950 0.665 0.316 1.090 1.179 1.154 1.080 1.005 0.528 999.999 999.999 999.999 999.999 999.999 999.999 0.000
329.953472 329.954167 930.800 929.775 299.350 300.475 24.900 51.575 3.000 6.738 5.447 4.080 7.611 6.922 5.085 0.925 0.664 0.597 1.257 0.868 0.587 1.130 1.271 1.246 1.359 1.308 0.983 999.999 999.999 999.999 999.999 999.999 999.999 0.000
329.954167 329.954861 931.000 929.950 299.350 300.450 24.900 52.900 3.000 6.706 5.441 4.064 7.358 5.951 4.421 0.931 0.685 0.574 0.966 0.704 0.584 1.097 1.094 1.088 1.037 1.028 1.016 999.999 999.999 999.999 999.999 999.999 999.999 0.000
329.954861 329.955556 931.050 930.025 299.350 300.425 24.900 49.725 3.000 6.796 5.460 4.330 7.096 6.581 4.637 0.924 0.686 0.590 0.982 0.631 0.858 1.044 1.205 1.071 1.063 0.920 1.453 999.999 999.999 999.999 999.999 999.999 999.999 0.000
329.955556 329.956250 931.000 929.925 299.350 300.425 24.950 46.475 3.000 6.853 5.441 4.331 7.397 6.532 4.259 0.944 0.688 0.654 0.517 0.740 0.493 1.079 1.200 0.983 0.548 1.075 0.754 999.999 999.999 999.999 999.999 999.999 999.999 0.000
329.979167 329.979861 931.667 930.633 299.383 301.317 25.067 92.400 3.000 6.904 5.465 4.300 16.331 14.810 12.495 0.965 0.687 0.624 0.344 1.173 0.556 2.365 2.710 2.905 0.356 1.708 0.891 999.999 999.999 999.999 999.999 999.999 999.999 0.000
329.979861 329.980556 931.775 930.750 299.450 301.000 25.000 92.275 3.000 6.971 5.422 4.212 12.721 12.173 10.312 0.972 0.696 0.607 0.809 0.724 0.450 1.825 2.245 2.448 0.833 1.040 0.742 999.999 999.999 999.999 999.999 999.999 999.999 0.000
329.980556 329.981250 931.750 930.725 299.450 300.775 25.000 85.650 3.000 6.943 5.392 4.239 10.810 10.061 9.800 1.004 0.663 0.605 0.732 0.559 0.919 1.557 1.866 2.312 0.729 0.844 1.520 999.999 999.999 999.999 999.999 999.999 999.999 0.000
329.981250 329.981944 931.725 930.725 299.450 300.675 25.000 74.500 3.000 6.918 5.406 4.091 9.039 8.173 7.354 1.031 0.706 0.574 0.722 0.615 0.252 1.307 1.512 1.798 0.700 0.871 0.439 999.999 999.999 999.999 999.999 999.999 999.999 0.000
329.981944 329.982639 931.700 930.725 299.450 300.550 25.000 65.475 3.000 6.935 5.408 4.017 8.629 7.845 6.017 1.116 0.728 0.492 0.842 0.530 0.542 1.244 1.451 1.498 0.754 0.729 1.101 999.999 999.999 999.999 999.999 999.999 999.999 0.000
329.982639 329.983333 931.725 930.750 299.450 300.500 25.000 56.700 3.000 6.909 5.506 3.966 7.545 6.407 5.573 1.101 0.715 0.472 1.442 0.913 0.899 1.092 1.164 1.405 1.310 1.278 1.904 999.999 999.999 999.999 999.999 999.999 999.999 0.000
329.983333 329.984028 931.800 930.825 299.450 300.500 25.000 54.550 3.000 6.915 5.576 4.067 8.074 6.974 5.263 1.126 0.700 0.486 0.815 0.930 0.832 1.168 1.251 1.294 0.724 1.329 1.710 1.109 1.314 1.246 0.730 1.363 1.127 0.000
329.984028 329.984722 931.875 930.875 299.450 300.600 25.000 62.700 3.000 6.961 5.636 4.110 8.670 7.311 6.438 1.097 0.738 0.479 1.342 0.707 0.536 1.245 1.297 1.566 1.223 0.958 1.118 1.191 1.378 1.524 1.203 1.036 0.726 0.000
329.984722 329.985417 931.800 930.800 299.450 300.725 25.000 71.650 3.000 6.882 5.613 4.203 10.431 8.431 8.303 1.056 0.721 0.538 0.548 0.888 0.612 1.516 1.502 1.975 0.519 1.231 1.139 1.433 1.589 1.965 0.491 1.301 0.830 0.000
329.985417 329.986111 931.725 930.825 299.450 300.750 25.000 76.150 3.000 6.762 5.568 4.266 10.996 9.545 8.572 1.055 0.707 0.569 0.815 0.825 0.424 1.626 1.714 2.009 0.773 1.168 0.746 1.511 1.799 2.029 0.730 1.210 0.575 0.000
329.986111 329.986806 931.825 930.850 299.475 300.750 24.975 75.575 3.000 6.710 5.410 4.205 10.516 9.516 8.577 1.053 0.690 0.559 1.129 0.691 0.315 1.567 1.759 2.040 1.073 1.001 0.563 1.445 1.793 2.030 1.012 1.012 0.427 0.000
329.986806 329.987500 931.800 930.825 299.550 300.750 24.925 73.475 3.000 6.603 5.322 4.193 9.937 8.840 7.761 0.976 0.700 0.576 0.829 0.520 0.515 1.505 1.661 1.851 0.849 0.742 0.893 1.365 1.666 1.837 0.742 0.762 0.698 0.000
329.987500 329.988194 931.850 930.850 299.550 300.750 24.900 71.450 3.000 6.586 5.348 4.121 10.498 8.380 6.834 0.925 0.706 0.576 1.733 0.937 0.287 1.594 1.567 1.658 1.874 1.327 0.498 1.443 1.579 1.618 1.553 1.374 0.389 0.000
329.988194 329.988889 931.825 930.825 299.550 300.750 24.900 69.225 3.000 6.676 5.354 3.977 8.966 7.658 6.213 0.929 0.651 0.504 0.606 0.320 0.766 1.343 1.430 1.562 0.652 0.492 1.518 1.232 1.443 1.471 0.543 0.469 1.038 0.000
329.988889 329.989583 931.850 930.825 299.550 300.725 24.900 66.500 3.000 6.756 5.424 3.967 8.795 7.247 5.582 0.834 0.691 0.492 0.477 0.391 0.387 1.302 1.336 1.407 0.571 0.566 0.787 1.209 1.366 1.321 0.427 0.574 0.525 0.000
329.989583 329.990278 931.925 930.925 299.550 300.675 24.900 64.650 3.000 6.725 5.475 4.109 8.283 7.141 5.837 0.714 0.702 0.490 0.879 0.730 0.609 1.232 1.304 1.421 1.230 1.040 1.243 1.138 1.345 1.382 0.787 1.070 0.825 0.000
329.990278 329.990972 931.850 930.875 299.550 300.650 24.900 62.375 3.000 6.784 5.564 4.099 7.906 6.455 5.040 0.737 0.700 0.508 0.477 0.596 0.689 1.165 1.160 1.230 0.647 0.852 1.356 1.086 1.216 1.193 0.427 0.874 0.934 0.000
329.990972 329.991667 931.925 930.925 299.550 300.650 24.900 60.050 3.000 6.744 5.573 4.169 7.633 6.133 4.747 0.777 0.668 0.535 0.129 0.519 0.510 1.132 1.100 1.139 0.166 0.777 0.953 1.049 1.156 1.124 0.116 0.761 0.691 0.000
329.991667 329.992361 931.900 930.950 299.600 300.650 24.850 57.625 3.000 6.783 5.596 4.179 7.761 6.516 4.862 0.801 0.687 0.545 0.912 0.627 0.411 1.144 1.164 1.163 1.138 0.912 0.755 1.066 1.228 1.151 0.817 0.919 0.557 0.000
329.992361 329.993056 931.825 930.850 299.600 300.650 24.800 55.350 3.000 6.801 5.584 4.193 7.833 6.214 4.218 0.846 0.666 0.569 0.969 0.674 0.657 1.152 1.113 1.006 1.145 1.012 1.155 1.076 1.171 0.999 0.868 0.988 0.890 0.000
329.993056 329.993750 931.850 930.850 299.550 300.575 24.800 52.950 3.000 6.743 5.499 4.177 6.994 6.133 4.949 0.958 0.696 0.590 0.490 0.795 0.618 1.037 1.115 1.185 0.512 1.142 1.048 0.961 1.156 1.172 0.439 1.166 0.838 0.000
329.993750 329.994444 931.825 930.850 299.550 300.550 24.825 50.775 3.000 6.724 5.331 4.055 7.299 6.523 4.768 0.910 0.662 0.526 0.765 0.841 0.268 1.086 1.224 1.176 0.841 1.270 0.509 1.003 1.229 1.129 0.685 1.233 0.363 0.000
329.994444 329.995139 931.925 930.925 299.550 300.550 24.800 47.075 3.000 6.650 5.210 4.068 7.001 5.662 4.253 0.912 0.653 0.514 1.256 0.674 0.667 1.053 1.087 1.045 1.376 1.031 1.297 0.962 1.067 1.007 1.125 0.987 0.904 0.000
329.995139 329.995833 931.900 930.900 299.550 300.525 24.800 43.625 3.000 6.575 5.171 3.995 7.226 5.828 4.587 0.823 0.662 0.550 0.755 0.841 0.810 1.099 1.127 1.148 0.917 1.271 1.471 0.993 1.098 1.086 0.676 1.233 1.097 0.000
329.995833 329.996528 931.900 930.975 299.550 300.450 24.800 41.975 3.000 6.460 5.106 3.875 7.507 6.189 4.473 0.833 0.613 0.556 0.848 0.700 0.251 1.162 1.212 1.154 1.017 1.142 0.451 1.032 1.166 1.059 0.759 1.025 0.340 0.000
329.996528 329.997222 931.925 931.000 299.550 300.450 24.825 40.550 3.000 6.324 4.916 3.623 7.102 5.053 3.714 0.877 0.585 0.555 1.357 0.614 0.879 1.123 1.028 1.025 1.548 1.050 1.585 0.976 0.952 0.879 1.216 0.900 1.192 0.000
329.997222 329.997917 931.900 931.000 299.550 300.425 24.850 39.250 3.000 6.067 4.755 3.465 7.516 5.653 4.921 0.853 0.632 0.542 0.788 0.775 0.545 1.239 1.189 1.420 0.923 1.227 1.006 1.033 1.065 1.165 0.706 1.136 0.738 0.000
330.020833 330.021528 932.467 931.433 299.450 301.050 25.000 93.167 3.000 5.868 4.576 3.278 11.850 9.487 9.133 0.865 0.630 0.565 0.361 0.851 0.345 2.019 2.073 2.786 0.417 1.351 0.610 1.628 1.787 2.162 0.323 1.247 0.467 0.000
330.021528 330.022222 932.425 931.425 299.450 300.950 25.000 93.025 3.000 5.646 4.384 3.212 10.328 9.280 8.213 0.886 0.604 0.495 0.431 0.483 0.242 1.829 2.117 2.557 0.487 0.801 0.490 1.419 1.749 1.944 0.386 0.709 0.329 0.000
330.022222 330.022917 932.475 931.475 299.450 300.850 25.000 90.725 3.000 5.391 4.176 3.192 9.585 8.554 7.359 0.890 0.586 0.455 0.387 0.559 0.676 1.778 2.048 2.305 0.435 0.953 1.486 1.317 1.612 1.742 0.347 0.819 0.916 0.000
330.022917 330.023611 932.475 931.475 299.450 300.850 25.000 87.050 3.000 5.310 4.172 3.252 8.211 7.782 7.666 0.748 0.567 0.413 0.715 0.450 0.446 1.546 1.866 2.357 0.956 0.794 1.080 1.128 1.466 1.815 0.640 0.660 0.605 0.000
330.023611 330.024306 932.475 931.425 299.450 300.850 25.000 83.550 3.000 5.349 4.232 3.302 9.194 8.051 6.547 0.779 0.500 0.444 0.846 0.611 0.472 1.719 1.902 1.983 1.086 1.224 1.064 1.263 1.517 1.550 0.758 0.896 0.640 0.000
330.024306 330.025000 932.525 931.475 299.500 300.950 25.000 83.400 3.000 5.350 4.337 3.276 8.931 7.951 7.470 0.774 0.491 0.405 0.421 0.467 0.979 1.669 1.833 2.280 0.544 0.950 2.420 1.227 1.498 1.768 0.377 0.684 1.327 0.000
330.025000 330.025694 932.550 931.550 299.500 301.025 25.000 85.925 3.000 5.352 4.397 3.301 8.936 7.981 7.419 0.831 0.463 0.428 1.194 0.500 0.140 1.670 1.815 2.248 1.437 1.079 0.328 999.999 999.999 999.999 999.999 999.999 999.999 0.000
330.025694 330.026389 932.500 931.500 299.475 301.125 25.000 88.625 3.000 5.387 4.408 3.301 9.447 8.344 7.520 0.842 0.488 0.445 0.823 0.635 0.045 1.754 1.893 2.278 0.977 1.302 0.100 999.999 999.999 999.999 999.999 999.999 999.999 0.000
330.026389 330.027083 932.550 931.550 299.550 301.150 25.000 90.300 3.000 5.432 4.452 3.311 10.067 8.749 7.617 0.831 0.496 0.496 0.468 0.655 0.402 1.853 1.965 2.301 0.563 1.321 0.810 999.999 999.999 999.999 999.999 999.999 999.999 0.000
330.027083 330.027778 932.625 931.550 299.550 301.150 25.000 90.100 3.000 5.357 4.405 3.287 9.488 8.843 7.815 0.783 0.521 0.501 0.635 0.668 0.683 1.771 2.007 2.377 0.812 1.283 1.365 999.999 999.999 999.999 999.999 999.999 999.999 0.000
330.027778 330.028472 932.725 931.675 299.550 301.075 25.000 87.250 3.000 5.370 4.282 3.286 8.527 8.458 6.851 0.705 0.573 0.486 1.096 0.585 0.785 1.588 1.975 2.085 1.555 1.022 1.615 999.999 999.999 999.999 999.999 999.999 999.999 0.000
