KCO/MV0001R.19990101000000.20181218000000.nephelometer.aerosol_light_scattering_coefficient.pm1.1y.1mn.TSI_3563_KCO_ref_TSI_3563_KCO_wet..lev0.nas
87 1001 
Andrews, Elisabeth; Jefferson, Anne; Burgos, Maria A.  
US06L, National Oceanic and Atmospheric Administration , NOAA/ESRL/GMD,  "Earth System Research Laboratory, Global Monitoring Division", 325 Broadway, , CO 80305-3, Boulder, U.S.A. 
Burgos, Maria A. 
NOAA-ESRL 
1 1 
1999 01 01 2018 12 18 
0.000000 
Days from the file reference point (start_time) 
21 
1 1 1 1 1 1 1 1 1 1 1 1 1 1 1 1 1 1 1 1 1  
9999.999999 9999.999 9999.999 9999.999 9999.999 9999.999 9999.999 9.999 9999.999 9999.999 9999.999 9999.999 9999.999 9999.999 9999.999 9999.999 9999.999 9999.999 9999.999 9999.999 9.999 
end_time of measurement, days from the file reference point 
pressure, hPa, Location=reference nephelometer internal 
pressure, hPa, Location=humidified nephleometer internal 
temperature, K, Location=reference nephelometer internal 
temperature, K, Location=humidified nephleometer internal 
relative_humidity, %, Location=reference nephelometer internal 
relative_humidity, %, Location=humidified nephleometer internal 
number of wavelengths 
aerosol_light_scattering_coefficient, 1/Mm, Wavelength=450nm, Location=reference nephelometer 
aerosol_light_scattering_coefficient, 1/Mm, Wavelength=450nm, Location=humidified nephleometer, Matrix=pm1_humidified 
aerosol_light_scattering_coefficient, 1/Mm, Wavelength=550nm, Location=reference nephelometer 
aerosol_light_scattering_coefficient, 1/Mm, Wavelength=550nm, Location=humidified nephleometer, Matrix=pm1_humidified 
aerosol_light_scattering_coefficient, 1/Mm, Wavelength=700nm, Location=reference nephelometer 
aerosol_light_scattering_coefficient, 1/Mm, Wavelength=700nm, Location=humidified nephleometer, Matrix=pm1_humidified 
aerosol_light_backscattering_coefficient, 1/Mm, Wavelength=450nm, Location=reference nephelometer 
aerosol_light_backscattering_coefficient, 1/Mm, Wavelength=450nm, Location=humidified nephleometer, Matrix=pm1_humidified 
aerosol_light_backscattering_coefficient, 1/Mm, Wavelength=550nm, Location=reference nephelometer 
aerosol_light_backscattering_coefficient, 1/Mm, Wavelength=550nm, Location=humidified nephleometer, Matrix=pm1_humidified 
aerosol_light_backscattering_coefficient, 1/Mm, Wavelength=700nm, Location=reference nephelometer 
aerosol_light_backscattering_coefficient, 1/Mm, Wavelength=700nm, Location=humidified nephleometer, Matrix=pm1_humidified 
numflag, no unit 
0 
52
Data definition:              EBAS_1.1 
Set type code:                TI 
Station code:                 MV0001R 
Platform code:                MV0001S 
Timezone:                     UTC 
Startdate:                    19990205132700 
Revision date:                20181218000000 
Component:                    aerosol_light_scattering_coefficient 
Unit:                         1/Mm 
Matrix:                       pm1 
Period code:                  1y 
Resolution code:              1mn 
Sample duration:              1mn 
Laboratory code:              US06L 
Instrument type:              nephelometer 
Instrument manufacturer:      TSI 
Instrument model:             3563 
Instrument name:              TSI_3563_KCO_ref+TSI_3563_KCO_wet 
Method ref:                   US06L_hygro_tandem_neph_CorrData 
Orig. time res.:              1mn 
[...]
Originator:                   Burgos, Maria A., paul.zieger@aces.su.se, Department of Environmental Science and Analytical Chemistry, ACES,,Frescativägen 54,, SE10691, Stockholm, Sweden 
Submitter:                    Burgos, Maria A., paul.zieger@aces.su.se, Department of Environmental Science and Analytical Chemistry, ACES,,Frescativägen 54,, SE10691, Stockholm, Sweden 
Data level:                   0 
Version:                      1 
Version description:          raw values, RH sensor correction 
Inlet type:                   Hat or hood 
Inlet description:            Heated, stainless steel, see full description in Delene and Ogren, J. Atmos. Sci, 2002. 
Humidity/temperature control: Humidification 
Humidity/temperature control description: humidogram 
Volume std. temperature:      instrument internal 
Volume std. pressure:         instrument internal 
Detection limit:              0.5 1/Mm 
Detection limit expl.:        Determined by instrument counting statistics, no detection limit flag used 
Measurement uncertainty expl.: Uncertainty analysis described in Burgos et al., 2019 
Zero/negative values code:    zero/negative possible 
Zero/negative values:         zero and neg. values may appear due to statistical variations at very low concentrations  
Standard method:              cal-gas=CO2+AIR_truncation-correction=none 
Acknowledgement:              Request acknowledgement details from data originator 
start_time end_time p_ref_int p_wet_int T_ref_int T_wet_int RH_ref_int RH_wet_int nWav sc450_ref sc550_ref sc700_ref sc450_wet sc550_wet sc700_wet bsc450_ref bsc550_ref bsc700_ref bsc450_wet bsc550_wet bsc700_wet numflag 
[from data line 4657]
45.345830 45.346524 1001.200 1002.900 308.650 309.250 31.700 51.300 3.000 69.210 50.070 32.210 70.460 51.460 31.620 7.040 5.730 5.270 6.230 5.210 4.630 0.000
45.346530 45.347220 1001.200 1002.900 308.650 309.250 31.700 51.500 3.000 69.330 49.570 32.040 70.870 50.840 31.600 6.950 5.910 4.970 6.160 5.100 3.840 0.000
45.347220 45.347914 1001.200 1002.900 308.650 309.250 31.700 51.300 3.000 69.480 50.600 32.300 69.960 51.950 32.370 6.360 5.760 5.260 5.780 5.050 4.660 0.000
45.347930 45.348610 1001.200 1002.900 308.650 309.250 31.700 51.800 3.000 69.010 50.340 32.200 71.680 51.840 31.380 6.980 5.850 5.210 6.220 5.180 4.700 0.000
45.348610 45.349304 1001.200 1002.900 308.750 309.250 31.700 53.800 3.000 69.150 50.550 31.780 71.580 52.390 32.830 7.400 5.970 5.290 6.110 4.920 4.750 0.000
45.349310 45.350000 1001.200 1002.900 308.650 309.350 31.800 55.200 3.000 70.750 51.520 33.440 73.930 53.050 33.780 7.330 5.890 5.600 6.060 5.410 4.490 0.000
45.350000 45.350690 1001.200 1002.900 308.750 309.350 31.800 55.600 3.000 71.760 52.720 33.500 75.610 55.760 35.310 7.330 6.410 5.070 6.620 5.210 5.180 0.000
45.350690 45.351384 1001.200 1002.900 308.650 309.350 31.800 56.100 3.000 72.710 51.740 33.920 75.380 55.490 34.440 6.970 6.120 5.110 6.600 5.360 4.450 0.000
45.351390 45.352080 1001.200 1002.900 308.750 309.350 31.800 56.200 3.000 71.180 52.100 33.420 75.010 54.560 33.090 7.140 5.970 5.340 6.790 5.310 4.490 0.000
45.352080 45.352774 1001.200 1002.900 308.650 309.350 31.800 57.000 3.000 70.980 51.340 33.220 74.800 55.350 34.730 6.820 5.790 5.090 6.550 5.300 4.860 0.000
45.352780 45.353470 1001.200 1002.900 308.650 309.350 31.800 59.500 3.000 70.830 51.550 32.710 74.930 55.080 33.950 7.270 5.880 5.240 6.390 5.260 4.490 0.000
45.353470 45.354164 1001.200 1002.900 308.250 309.450 31.800 60.900 3.000 70.310 51.300 32.460 76.440 55.300 34.780 7.330 5.910 5.110 6.240 5.390 4.210 0.000
45.354170 45.354860 1001.200 1002.900 308.850 309.450 31.800 61.800 3.000 71.370 51.660 33.000 77.500 56.580 34.750 7.270 5.850 5.180 6.290 5.510 4.880 0.000
45.354860 45.355554 1001.200 1002.900 308.850 309.450 31.800 62.100 3.000 72.940 52.400 34.130 78.870 58.170 35.470 7.150 6.070 5.430 6.450 5.790 5.360 0.000
45.355560 45.356254 1001.200 1002.900 308.950 309.450 31.800 62.500 3.000 71.690 52.030 34.170 77.650 58.020 36.310 7.430 6.270 5.380 6.820 5.470 5.230 0.000
45.356260 45.356940 1001.200 1002.900 308.950 309.550 31.800 63.300 3.000 70.830 51.760 33.330 78.700 58.260 35.460 6.650 6.010 5.180 6.510 5.360 5.130 0.000
45.356940 45.357634 1001.200 1002.900 308.950 309.550 31.800 66.000 3.000 70.620 51.930 32.990 81.200 59.330 37.850 7.230 5.880 5.460 6.260 5.490 5.080 0.000
45.357640 45.358330 1001.200 1002.900 308.850 309.550 31.800 67.700 3.000 70.640 51.910 32.840 82.200 60.380 38.280 6.920 5.990 5.500 6.680 5.560 5.290 0.000
45.358330 45.359024 1001.200 1002.900 308.850 309.650 31.800 68.900 3.000 72.110 52.280 33.430 83.430 61.380 38.170 7.180 5.970 5.200 6.620 5.760 4.860 0.000
45.359030 45.359720 1001.200 1002.900 308.950 309.650 31.800 69.400 3.000 72.700 52.910 33.800 83.470 61.400 38.200 6.910 5.880 5.100 6.350 5.700 5.190 0.000
45.359720 45.360414 1000.800 1002.700 308.850 309.650 31.900 70.000 3.000 71.100 52.200 33.410 83.450 62.260 38.470 6.960 5.990 5.400 6.770 5.620 5.180 0.000
45.360420 45.361110 1000.800 1002.700 308.950 309.750 31.900 70.800 3.000 70.370 51.170 32.730 84.500 62.390 39.680 6.950 5.960 5.130 6.660 5.420 5.370 0.000
45.361110 45.361804 1000.800 1002.700 308.950 309.750 31.900 72.800 3.000 70.620 51.420 32.980 87.440 64.540 40.320 6.930 6.020 5.410 6.820 5.750 4.880 0.000
45.361810 45.362500 1000.800 1002.700 308.950 309.750 31.900 74.000 3.000 72.020 52.070 33.460 88.900 65.720 41.730 7.430 6.030 5.720 6.900 5.920 5.320 0.000
45.362500 45.363190 1000.800 1002.700 309.050 309.850 31.900 74.700 3.000 72.070 52.150 33.760 90.430 67.760 42.180 8.090 6.070 5.000 6.900 5.830 5.100 0.000
45.363190 45.363884 1000.800 1002.700 309.150 309.850 31.900 75.300 3.000 71.990 53.190 34.030 91.730 69.460 43.570 7.310 6.280 5.460 7.190 5.920 5.850 0.000
45.363890 45.364584 1000.800 1002.700 309.050 309.850 31.900 75.700 3.000 72.440 53.330 33.790 92.190 68.500 43.500 7.010 6.260 5.020 7.020 5.930 5.470 0.000
45.364590 45.365280 1000.800 1002.700 308.850 309.950 31.900 76.500 3.000 71.640 52.580 33.390 92.850 69.140 43.540 7.440 6.130 5.060 6.620 5.720 5.050 0.000
45.365280 45.365970 1000.800 1002.700 308.850 309.950 31.900 78.400 3.000 72.160 52.510 33.870 95.890 72.170 45.550 7.390 6.090 5.160 7.100 5.730 5.570 0.000
45.365970 45.366664 1000.800 1002.700 309.150 309.950 32.000 79.900 3.000 72.230 52.740 33.570 98.530 73.590 46.560 7.130 5.940 5.130 7.240 6.270 5.240 0.000
45.366670 45.367360 1000.800 1002.700 309.050 310.050 32.000 81.000 3.000 73.720 52.720 34.410 99.890 75.290 48.430 7.410 6.210 5.490 7.300 6.160 5.710 0.000
45.367360 45.368054 1000.800 1002.700 308.950 310.050 32.000 81.400 3.000 72.230 52.790 34.100 100.440 74.870 47.910 7.210 6.120 5.530 7.150 6.340 5.570 0.000
45.368060 45.368750 1000.800 1002.700 309.050 310.050 32.000 81.900 3.000 72.470 52.850 34.210 100.710 75.760 47.600 7.350 5.820 5.530 6.970 6.200 6.000 0.000
45.368750 45.369440 1000.800 1002.700 309.050 310.150 32.000 82.700 3.000 72.000 52.180 34.350 101.740 76.480 49.000 7.050 6.050 5.250 7.440 5.880 5.280 0.000
45.369440 45.370134 1000.800 1002.700 309.050 310.150 32.000 84.500 3.000 72.900 52.310 33.840 103.880 77.990 49.540 7.060 5.970 5.080 6.980 6.460 5.260 0.000
45.370140 45.370830 1000.800 1002.700 309.050 310.250 32.000 85.700 3.000 71.700 52.720 33.590 106.890 80.360 52.110 7.160 6.170 5.340 7.270 6.210 6.180 0.000
45.370830 45.371524 1000.800 1002.700 309.050 310.250 32.000 86.700 3.000 73.480 53.350 34.140 108.910 81.510 52.320 6.990 6.080 5.420 7.100 6.130 5.290 0.000
45.371530 45.372220 1000.800 1002.700 309.150 310.250 32.000 87.200 3.000 74.120 53.640 34.410 109.580 82.760 53.720 7.640 6.230 5.430 7.470 6.410 6.020 0.000
45.372220 45.372914 1000.800 1002.700 309.150 310.350 32.100 87.600 3.000 73.330 53.960 34.510 110.900 83.380 53.990 7.250 6.270 5.570 7.370 6.600 5.750 0.000
45.372940 45.373634 1000.800 1002.700 308.850 310.150 32.000 83.100 3.000 83.220 58.110 33.410 109.800 84.230 53.670 8.510 6.410 6.340 6.880 5.150 3.760 0.000
45.377080 45.377774 998.600 997.900 309.250 309.850 32.000 53.800 3.000 71.310 52.530 33.690 70.760 51.960 32.970 7.210 6.260 5.430 6.400 5.220 5.080 0.000
45.377780 45.378470 998.600 997.900 309.150 309.950 32.000 51.400 3.000 71.960 51.880 33.990 71.230 51.680 32.820 7.020 5.970 5.590 6.460 5.260 4.830 0.000
45.378470 45.379164 998.600 997.900 309.150 309.950 32.000 50.000 3.000 72.020 52.790 33.550 71.030 52.170 34.060 6.630 6.090 5.150 6.560 5.180 5.140 0.000
45.379170 45.379860 998.600 997.900 309.150 309.950 32.000 49.000 3.000 71.530 52.490 33.540 71.350 52.200 32.750 7.000 6.250 5.400 6.440 5.120 4.900 0.000
45.379860 45.380554 998.600 997.900 309.150 309.950 32.000 47.900 3.000 72.620 52.970 34.430 72.170 53.030 32.850 7.310 6.450 5.420 6.350 5.270 5.100 0.000
45.380560 45.381254 998.600 997.900 309.150 309.950 32.100 47.700 3.000 72.740 53.750 34.890 71.960 53.020 33.150 7.410 6.290 5.560 6.340 5.040 4.860 0.000
45.381260 45.381940 998.600 997.900 309.150 309.850 32.100 47.800 3.000 73.420 53.580 34.540 71.420 52.740 33.020 7.030 6.170 5.350 6.390 5.340 4.950 0.000
45.381940 45.382634 998.600 997.900 309.150 309.850 32.100 48.200 3.000 72.580 53.120 33.720 71.470 52.890 32.490 7.430 6.260 5.100 6.070 5.520 4.280 0.000
45.382640 45.383330 998.600 997.900 309.150 309.850 32.100 48.700 3.000 72.550 53.570 35.040 72.640 53.860 32.890 7.120 6.180 5.710 6.480 5.190 5.020 0.000
45.383330 45.384024 998.600 997.900 309.150 309.850 32.100 48.700 3.000 72.880 53.720 34.770 72.400 53.300 33.350 7.070 6.220 5.730 6.590 5.470 4.690 0.000
45.384030 45.384720 998.600 997.900 309.150 309.850 32.100 48.500 3.000 72.390 53.430 34.750 73.120 53.500 33.130 7.260 6.160 5.500 6.670 5.360 4.300 0.000
45.384720 45.385414 998.600 997.900 309.150 309.850 32.100 48.300 3.000 72.150 53.110 33.270 71.730 52.610 32.720 6.920 6.110 4.960 6.410 5.220 4.420 0.000
45.385420 45.386110 998.600 997.900 309.150 309.850 32.100 48.500 3.000 71.580 53.080 34.040 73.330 53.270 33.870 7.240 6.230 5.220 6.160 5.420 5.430 0.000
45.386110 45.386804 998.600 997.900 309.150 309.850 32.100 50.100 3.000 72.780 53.060 34.110 72.540 53.510 33.930 7.030 6.000 5.510 6.290 5.490 4.540 0.000
45.386810 45.387500 998.600 997.900 309.150 309.850 32.100 51.000 3.000 72.610 53.090 33.870 73.090 53.710 33.850 7.090 6.210 5.310 6.450 5.540 4.480 0.000
45.387500 45.388190 998.600 997.900 309.150 309.850 32.100 51.200 3.000 71.910 53.030 33.630 73.250 54.120 32.830 7.110 6.230 5.520 6.690 5.380 4.380 0.000
45.388190 45.388884 998.600 997.900 309.150 309.850 32.100 51.400 3.000 73.140 53.140 34.610 74.940 54.770 35.200 7.330 6.130 5.710 6.580 5.430 5.200 0.000
45.388890 45.389584 998.600 997.900 309.250 309.850 32.100 51.400 3.000 72.600 53.890 34.580 74.830 55.000 34.780 7.520 6.410 5.400 6.550 5.350 5.350 0.000
45.389590 45.390280 998.600 997.900 309.150 309.850 32.100 51.600 3.000 72.780 53.060 34.790 74.320 55.400 33.940 7.250 6.310 5.340 6.590 5.500 5.050 0.000
45.390280 45.390970 998.600 997.900 309.150 309.850 32.200 54.000 3.000 71.890 53.430 34.840 75.290 55.780 35.310 7.460 6.330 5.810 6.180 5.610 4.890 0.000
45.390970 45.391664 999.800 1001.500 309.150 309.850 32.200 55.300 3.000 72.650 53.770 34.810 76.800 55.810 35.260 7.830 6.160 5.620 6.530 5.490 4.730 0.000
45.391670 45.392360 999.800 1001.500 309.250 309.850 32.200 56.000 3.000 72.970 53.780 34.790 76.010 55.460 35.760 7.160 6.270 5.580 6.850 5.730 4.760 0.000
45.392360 45.393054 999.800 1001.500 309.250 309.850 32.200 56.200 3.000 72.100 53.920 34.530 77.350 56.560 35.940 7.470 6.340 5.170 6.980 5.700 5.060 0.000
45.393060 45.393754 999.800 1001.500 309.250 309.850 32.200 56.200 3.000 74.070 54.030 35.090 76.400 56.650 36.080 7.470 6.380 5.530 6.450 5.520 5.150 0.000
45.393760 45.394454 999.800 1001.500 309.250 309.950 32.200 57.100 3.000 82.330 61.940 42.200 88.000 66.250 43.440 8.460 7.410 6.680 7.120 6.370 5.600 0.000
45.425690 45.426384 1006.700 1008.500 309.350 309.750 32.300 45.200 3.000 68.340 50.170 33.290 68.220 51.140 32.030 6.660 5.630 5.340 6.210 4.790 4.790 0.000
45.426390 45.427080 1006.700 1008.500 309.350 309.750 32.200 44.900 3.000 67.720 49.940 33.120 67.610 50.580 32.400 6.630 5.900 4.850 6.210 5.120 4.150 0.000
45.427080 45.427774 1006.700 1008.500 309.250 309.650 32.200 44.700 3.000 67.450 50.300 33.120 67.880 50.450 32.360 6.450 5.820 4.980 6.040 5.160 4.820 0.000
45.427780 45.428470 1006.700 1008.500 309.250 309.650 32.200 44.900 3.000 68.820 51.670 33.950 68.280 50.510 32.750 6.700 5.730 5.330 5.870 4.950 4.860 0.000
45.428470 45.429164 1006.700 1008.500 309.250 309.650 32.100 45.000 3.000 68.010 50.130 33.340 67.410 50.650 31.730 6.380 5.530 4.690 6.150 5.010 4.660 0.000
45.433330 45.434024 1006.700 1008.500 309.150 309.450 32.000 46.800 3.000 78.680 58.650 38.890 79.780 60.150 39.430 7.470 6.830 6.060 7.310 5.970 6.070 0.000
45.434030 45.434720 1006.700 1008.500 309.150 309.350 32.000 46.900 3.000 75.950 56.050 36.950 75.470 56.060 36.140 6.940 6.240 5.690 6.770 5.920 5.490 0.000
45.434720 45.435414 1006.700 1008.500 309.150 309.350 32.000 47.300 3.000 75.460 56.600 36.380 76.120 56.120 35.350 7.180 6.310 5.580 6.730 5.620 5.330 0.000
45.435420 45.436110 1006.700 1008.500 309.150 309.350 31.900 47.400 3.000 76.050 56.220 36.710 76.410 56.210 35.950 7.160 6.150 6.150 6.740 5.810 5.300 0.000
45.436110 45.436804 1006.700 1008.500 309.150 309.350 31.900 47.700 3.000 76.830 56.850 37.010 76.910 56.550 35.630 7.170 6.210 5.870 6.640 5.540 5.050 0.000
45.436810 45.437504 1006.700 1008.500 309.150 309.350 31.900 47.900 3.000 77.830 57.110 36.840 77.730 57.010 36.580 7.410 6.570 5.590 6.460 5.670 5.530 0.000
45.441670 45.442360 1006.700 1008.500 309.050 309.150 31.800 48.400 3.000 79.290 58.940 39.370 82.410 61.850 39.890 7.790 6.990 6.030 7.340 6.380 6.360 0.000
45.442360 45.443054 1006.700 1008.500 308.950 309.050 31.800 47.900 3.000 76.070 55.550 36.520 76.470 56.540 35.990 7.410 6.420 5.620 6.650 5.900 5.660 0.000
45.443060 45.443750 1006.700 1008.500 308.950 309.050 31.800 48.000 3.000 75.670 56.210 36.100 77.580 56.610 34.990 7.150 6.630 5.560 6.710 5.480 5.000 0.000
45.443750 45.444440 1006.700 1008.500 308.950 309.050 31.800 47.800 3.000 76.360 56.320 36.870 75.840 55.830 35.700 7.430 6.490 5.640 6.670 5.690 5.780 0.000
45.444440 45.445134 1006.700 1008.500 308.950 309.050 31.800 48.000 3.000 75.860 56.020 36.270 76.470 56.490 35.630 7.530 6.210 5.810 6.560 5.900 4.860 0.000
45.445140 45.445834 1006.700 1008.500 308.950 309.050 31.800 48.100 3.000 75.740 55.640 36.170 76.110 56.650 35.940 7.190 6.500 6.070 6.900 5.690 5.550 0.000
45.450000 45.450690 1006.700 1008.500 308.850 308.850 31.600 49.000 3.000 79.850 59.690 39.740 83.990 63.020 40.870 7.560 6.710 6.150 7.310 6.360 5.450 0.000
45.450690 45.451384 1006.700 1008.500 308.850 308.750 31.600 48.500 3.000 76.760 57.070 36.510 77.450 57.640 35.810 7.060 6.520 5.870 6.900 5.800 5.510 0.000
45.451390 45.452080 1006.700 1008.500 308.950 308.750 31.600 48.400 3.000 76.970 56.790 37.680 77.980 57.510 36.510 7.360 6.480 5.940 6.780 5.700 5.320 0.000
45.452080 45.452774 1006.700 1008.500 308.850 308.850 31.600 48.300 3.000 77.330 57.470 37.220 78.820 58.380 36.260 7.570 6.590 5.760 6.960 5.760 5.060 0.000
45.452780 45.453470 1006.700 1008.500 308.850 308.750 31.600 48.500 3.000 77.240 57.400 37.610 78.310 58.410 36.020 7.950 6.560 5.740 6.810 5.860 5.310 0.000
45.453470 45.454164 999.800 1001.500 308.950 308.750 31.600 48.900 3.000 77.670 57.500 37.930 78.230 57.870 36.660 7.410 6.520 6.180 6.720 5.670 5.510 0.000
45.460420 45.461110 999.800 1001.500 308.850 308.550 31.300 49.100 3.000 77.160 56.640 35.940 76.160 57.010 35.410 7.380 6.620 5.690 7.020 6.150 5.170 0.000
45.461110 45.461804 999.800 1001.500 308.750 308.550 31.300 49.000 3.000 76.410 57.020 36.860 77.320 57.950 36.780 7.620 6.300 5.600 7.720 6.370 5.360 0.000
45.461810 45.462504 999.800 1001.500 308.750 308.550 31.300 49.400 3.000 78.520 58.150 37.650 79.660 58.560 36.260 7.650 6.530 5.660 7.570 6.260 5.490 0.000
45.466670 45.467360 999.800 1001.500 308.650 308.350 31.200 50.600 3.000 86.060 64.150 42.500 90.010 67.590 44.490 8.250 7.010 6.190 8.290 7.250 6.690 0.000
45.467360 45.468054 999.800 1001.500 308.650 308.350 31.200 49.800 3.000 82.160 60.630 39.860 83.000 61.730 39.260 7.740 6.950 6.140 7.710 6.710 5.670 0.000
45.468060 45.468754 999.800 1001.500 308.650 308.350 31.200 49.700 3.000 83.450 62.330 40.320 83.090 61.940 39.500 8.240 6.770 6.360 8.000 6.710 6.320 0.000
45.468760 45.469440 999.600 1001.400 308.550 308.350 31.200 49.800 3.000 81.980 61.220 39.470 83.290 61.760 38.480 8.270 6.820 5.970 7.990 6.580 6.080 0.000
45.469440 45.470134 999.600 1001.400 308.650 308.350 31.200 50.000 3.000 82.360 60.320 39.530 83.010 61.990 38.910 8.190 7.040 5.650 7.890 6.790 5.830 0.000
45.470140 45.470834 999.600 1001.400 308.650 308.250 31.200 49.800 3.000 81.420 61.020 39.090 83.340 61.860 38.570 7.800 6.710 5.750 7.790 6.570 5.880 0.000
45.475000 45.475690 999.600 1001.400 308.450 308.250 31.100 50.800 3.000 82.620 60.430 40.400 86.560 64.320 41.610 7.860 6.720 6.330 7.770 6.970 6.410 0.000
45.475690 45.476384 999.600 1001.400 308.450 308.250 31.100 50.400 3.000 80.170 59.330 38.800 81.120 60.640 37.370 7.450 6.550 5.920 7.590 6.660 5.790 0.000
45.476390 45.477084 999.600 1001.400 308.550 308.250 31.100 50.300 3.000 80.230 59.400 38.770 81.410 60.450 37.940 7.780 6.690 5.920 7.610 6.660 6.050 0.000
45.477090 45.477780 999.600 1001.400 308.450 308.150 31.100 50.800 3.000 80.350 58.670 38.460 81.760 60.620 37.710 7.600 6.710 6.120 7.710 6.690 5.770 0.000
