KCO/MV0001R.19990101000000.20181218000000.nephelometer.aerosol_light_scattering_coefficient.pm1.1y.1mn.TSI_3563_KCO_ref_TSI_3563_KCO_wet..lev0.nas
87 1001 
Andrews, Elisabeth; Jefferson, Anne; Burgos, Maria A.  
US06L, National Oceanic and Atmospheric Administration , NOAA/ESRL/GMD,  "Earth System Research Laboratory, Global Monitoring Division", 325 Broadway, , CO 80305-3, Boulder, U.S.A. 
Burgos, Maria A. 
NOAA-ESRL 
1 1 
1999 01 01 2018 12 18 
0.000000 
Days from the file reference point (start_time) 
21 
1 1 1 1 1 1 1 1 1 1 1 1 1 1 1 1 1 1 1 1 1  
9999.999999 9999.999 9999.999 9999.999 9999.999 9999.999 9999.999 9.999 9999.999 9999.999 9999.999 9999.999 9999.999 9999.999 9999.999 9999.999 9999.999 9999.999 9999.999 9999.999 9.999 
end_time of measurement, days from the file reference point 
pressure, hPa, Location=reference nephelometer internal 
pressure, hPa, Location=humidified nephleometer internal 
temperature, K, Location=reference nephelometer internal 
temperature, K, Location=humidified nephleometer internal 
relative_humidity, %, Location=reference nephelometer internal 
relative_humidity, %, Location=humidified nephleometer internal 
number of wavelengths 
aerosol_light_scattering_coefficient, 1/Mm, Wavelength=450nm, Location=reference nephelometer 
aerosol_light_scattering_coefficient, 1/Mm, Wavelength=450nm, Location=humidified nephleometer, Matrix=pm1_humidified 
aerosol_light_scattering_coefficient, 1/Mm, Wavelength=550nm, Location=reference nephelometer 
aerosol_light_scattering_coefficient, 1/Mm, Wavelength=550nm, Location=humidified nephleometer, Matrix=pm1_humidified 
aerosol_light_scattering_coefficient, 1/Mm, Wavelength=700nm, Location=reference nephelometer 
aerosol_light_scattering_coefficient, 1/Mm, Wavelength=700nm, Location=humidified nephleometer, Matrix=pm1_humidified 
aerosol_light_backscattering_coefficient, 1/Mm, Wavelength=450nm, Location=reference nephelometer 
aerosol_light_backscattering_coefficient, 1/Mm, Wavelength=450nm, Location=humidified nephleometer, Matrix=pm1_humidified 
aerosol_light_backscattering_coefficient, 1/Mm, Wavelength=550nm, Location=reference nephelometer 
aerosol_light_backscattering_coefficient, 1/Mm, Wavelength=550nm, Location=humidified nephleometer, Matrix=pm1_humidified 
aerosol_light_backscattering_coefficient, 1/Mm, Wavelength=700nm, Location=reference nephelometer 
aerosol_light_backscattering_coefficient, 1/Mm, Wavelength=700nm, Location=humidified nephleometer, Matrix=pm1_humidified 
numflag, no unit 
0 
52
Data definition:              EBAS_1.1 
Set type code:                TI 
Station code:                 MV0001R 
Platform code:                MV0001S 
Timezone:                     UTC 
Startdate:                    19990205132700 
Revision date:                20181218000000 
Component:                    aerosol_light_scattering_coefficient 
Unit:                         1/Mm 
Matrix:                       pm1 
Period code:                  1y 
Resolution code:              1mn 
Sample duration:              1mn 
Laboratory code:              US06L 
Instrument type:              nephelometer 
Instrument manufacturer:      TSI 
Instrument model:             3563 
Instrument name:              TSI_3563_KCO_ref+TSI_3563_KCO_wet 
Method ref:                   US06L_hygro_tandem_neph_CorrData 
Orig. time res.:              1mn 
[...]
Originator:                   Burgos, Maria A., paul.zieger@aces.su.se, Department of Environmental Science and Analytical Chemistry, ACES,,Frescativägen 54,, SE10691, Stockholm, Sweden 
Submitter:                    Burgos, Maria A., paul.zieger@aces.su.se, Department of Environmental Science and Analytical Chemistry, ACES,,Frescativägen 54,, SE10691, Stockholm, Sweden 
Data level:                   0 
Version:                      1 
Version description:          raw values, RH sensor correction 
Inlet type:                   Hat or hood 
Inlet description:            Heated, stainless steel, see full description in Delene and Ogren, J. Atmos. Sci, 2002. 
Humidity/temperature control: Humidification 
Humidity/temperature control description: humidogram 
Volume std. temperature:      instrument internal 
Volume std. pressure:         instrument internal 
Detection limit:              0.5 1/Mm 
Detection limit expl.:        Determined by instrument counting statistics, no detection limit flag used 
Measurement uncertainty expl.: Uncertainty analysis described in Burgos et al., 2019 
Zero/negative values code:    zero/negative possible 
Zero/negative values:         zero and neg. values may appear due to statistical variations at very low concentrations  
Standard method:              cal-gas=CO2+AIR_truncation-correction=none 
Acknowledgement:              Request acknowledgement details from data originator 
start_time end_time p_ref_int p_wet_int T_ref_int T_wet_int RH_ref_int RH_wet_int nWav sc450_ref sc550_ref sc700_ref sc450_wet sc550_wet sc700_wet bsc450_ref bsc550_ref bsc700_ref bsc450_wet bsc550_wet bsc700_wet numflag 
[from data line 18038]
65.859720 65.860414 997.200 999.000 306.850 307.250 29.800 71.300 3.000 96.260 70.230 45.510 103.680 77.100 48.400 9.570 7.530 6.600 7.970 7.170 5.940 0.000
65.860430 65.861110 997.200 999.000 306.850 307.250 29.800 72.200 3.000 94.860 69.510 45.760 105.100 78.040 49.080 9.260 7.790 6.610 8.370 7.130 6.230 0.000
65.861110 65.861804 997.200 999.000 306.850 307.250 29.800 74.300 3.000 94.400 70.160 45.060 110.640 83.240 52.470 8.990 7.680 6.820 8.410 6.960 6.640 0.000
65.861810 65.862504 997.200 999.000 306.850 307.250 29.800 75.700 3.000 95.450 70.310 45.760 115.030 86.050 53.870 9.180 7.620 7.150 8.570 7.160 6.940 0.000
65.866670 65.867360 997.200 999.000 306.850 307.450 29.800 83.000 3.000 95.920 70.380 46.860 138.910 105.250 68.770 9.100 7.900 7.090 9.180 8.010 7.180 0.000
65.867360 65.868054 997.200 999.000 306.850 307.450 29.800 83.800 3.000 95.170 68.940 44.940 136.250 102.390 66.810 9.410 7.640 6.780 9.170 7.500 7.590 0.000
65.868060 65.868754 997.200 999.000 306.850 307.450 29.800 84.500 3.000 94.640 69.370 45.600 137.030 105.070 67.140 8.920 7.590 6.740 9.290 7.730 7.570 0.000
65.868760 65.869440 997.200 999.000 306.850 307.550 29.800 85.300 3.000 95.760 69.590 45.090 142.420 107.120 68.590 9.580 7.860 6.580 9.380 7.850 7.600 0.000
65.869440 65.870134 997.200 999.000 306.850 307.550 29.800 86.900 3.000 95.070 69.430 45.210 145.740 110.500 72.320 9.040 7.960 6.990 9.760 7.900 7.790 0.000
65.870140 65.870834 997.200 999.000 306.850 307.550 29.800 88.200 3.000 95.060 69.360 45.280 148.760 112.480 73.310 9.140 7.470 6.690 9.640 8.210 7.390 0.000
65.877090 65.877780 1001.900 1001.200 307.050 307.150 29.700 58.400 3.000 94.080 68.770 44.120 87.470 64.820 40.440 9.110 7.300 6.750 7.290 6.200 5.630 0.000
65.877780 65.878470 1001.900 1001.200 306.950 307.250 29.700 55.400 3.000 95.640 70.100 45.490 89.090 64.060 41.140 9.070 7.810 6.580 7.590 6.460 5.350 0.000
65.878470 65.879164 1001.900 1001.200 306.950 307.250 29.800 54.000 3.000 94.550 69.450 44.590 88.600 65.310 40.690 8.580 7.680 6.700 7.660 6.280 6.020 0.000
65.883330 65.884024 1001.900 1001.200 306.850 307.150 29.800 52.200 3.000 95.530 69.980 46.260 90.040 66.540 42.460 9.380 7.880 6.700 7.750 6.440 5.780 0.000
65.884030 65.884720 1001.900 1001.200 306.950 307.050 29.800 52.600 3.000 93.380 68.640 45.480 88.510 64.710 39.810 9.260 7.520 6.930 7.310 6.020 5.140 0.000
65.884720 65.885414 1001.900 1001.200 306.850 307.050 29.800 52.400 3.000 96.380 69.990 45.060 88.910 65.160 40.150 8.900 7.860 6.690 7.670 6.500 5.260 0.000
65.885430 65.886110 1001.900 1001.200 306.850 307.050 29.800 52.000 3.000 94.780 69.170 44.930 89.060 65.210 40.120 9.150 7.580 6.890 7.580 6.240 5.740 0.000
65.886110 65.886804 1001.900 1001.200 306.850 307.050 29.800 53.100 3.000 94.070 68.970 45.100 88.180 63.690 40.610 9.010 7.400 7.110 7.500 6.490 5.750 0.000
65.886810 65.887504 1001.900 1001.200 306.850 307.050 29.800 53.600 3.000 93.590 69.120 44.470 87.960 64.170 40.130 8.970 7.600 6.660 7.160 6.290 5.330 0.000
65.891670 65.892360 1003.800 1005.700 306.850 306.950 29.800 56.900 3.000 93.470 68.360 45.070 91.610 67.490 43.340 9.040 7.700 6.720 8.300 6.860 5.650 0.000
65.892360 65.893054 1003.800 1005.700 306.750 306.950 29.800 57.800 3.000 92.360 67.630 43.990 88.800 65.110 40.390 9.220 7.430 6.250 7.140 6.050 5.650 0.000
65.893060 65.893754 1003.800 1005.700 306.750 306.950 29.800 57.800 3.000 91.870 67.830 44.210 88.670 64.720 40.530 8.850 7.330 6.800 7.600 5.920 5.550 0.000
65.893760 65.894440 1003.800 1005.700 306.750 306.950 29.800 58.300 3.000 92.130 67.270 43.420 88.490 64.570 41.420 9.050 7.730 6.600 7.470 6.090 5.640 0.000
65.894440 65.895134 1003.800 1005.700 306.750 306.950 29.800 60.700 3.000 92.660 67.660 43.940 89.200 66.030 41.560 9.000 7.470 6.670 7.600 6.070 5.820 0.000
65.895140 65.895834 1003.800 1005.700 306.750 306.950 29.800 62.200 3.000 91.310 65.990 43.130 89.460 66.350 41.640 8.480 7.390 6.630 7.580 6.150 5.490 0.000
65.900000 65.900690 1003.800 1005.700 306.750 306.950 29.800 70.000 3.000 93.560 67.730 44.120 99.090 73.350 47.230 8.890 7.650 6.560 8.120 6.660 6.610 0.000
65.900690 65.901384 1003.800 1005.700 306.750 306.950 29.800 70.800 3.000 91.490 66.540 43.700 96.600 71.380 45.060 8.880 7.590 6.760 8.060 6.460 6.050 0.000
65.901390 65.902080 1003.800 1005.700 306.750 306.950 29.800 71.300 3.000 91.930 67.360 43.070 96.740 72.580 45.620 9.140 7.430 6.740 7.650 6.620 6.750 0.000
65.902080 65.902774 1003.800 1005.700 306.750 307.050 29.800 72.200 3.000 93.370 68.000 44.720 101.490 75.060 47.310 9.020 7.520 6.740 7.810 6.700 6.150 0.000
65.902780 65.903470 1003.800 1005.700 306.750 307.050 29.800 74.200 3.000 92.460 68.530 44.540 106.960 79.650 50.200 9.150 7.600 6.720 8.190 6.510 6.040 0.000
65.903470 65.904164 1003.800 1005.700 306.750 307.050 29.800 75.600 3.000 92.550 67.990 44.940 109.980 82.220 50.870 8.590 7.580 6.830 8.170 6.740 6.360 0.000
65.908330 65.909024 1003.700 1005.400 306.750 307.250 29.800 82.900 3.000 95.150 69.540 45.170 135.100 103.460 66.040 9.100 7.580 6.760 9.320 7.740 6.880 0.000
65.909030 65.909720 1003.700 1005.400 306.750 307.250 29.800 83.700 3.000 92.910 68.850 44.760 132.280 100.850 65.650 8.600 7.410 6.660 9.130 7.290 7.140 0.000
65.909720 65.910414 1003.700 1005.400 306.750 307.250 29.800 84.200 3.000 93.810 68.600 44.800 133.800 101.310 65.910 8.920 7.610 6.590 9.140 7.560 7.550 0.000
65.910420 65.911110 1003.700 1005.400 306.750 307.350 29.800 85.100 3.000 93.040 67.840 43.980 137.620 104.760 67.050 8.930 7.520 6.780 8.690 7.650 7.170 0.000
65.911110 65.911804 1003.700 1005.400 306.750 307.350 29.800 87.000 3.000 92.810 68.220 44.020 140.410 108.020 70.200 9.270 7.560 6.590 9.440 7.890 7.090 0.000
65.911810 65.912504 1003.700 1005.400 306.750 307.350 29.800 88.100 3.000 92.880 68.220 44.520 144.290 109.380 70.350 9.050 7.500 6.800 9.460 7.890 7.200 0.000
65.918750 65.919440 1003.700 1005.400 306.950 306.850 29.700 60.200 3.000 92.250 67.790 44.510 86.770 62.810 39.620 9.090 7.310 6.630 7.170 5.990 5.610 0.000
65.919440 65.920134 1003.700 1005.400 306.850 307.050 29.700 56.900 3.000 93.650 67.880 44.100 86.280 64.130 39.110 8.880 7.340 6.550 7.260 6.020 5.610 0.000
65.920140 65.920834 1003.700 1005.400 306.850 307.050 29.700 55.500 3.000 94.180 68.650 44.260 86.100 63.330 39.260 8.890 7.420 6.780 7.480 6.030 5.530 0.000
65.925000 65.925690 1003.600 1005.300 306.750 306.950 29.800 53.700 3.000 94.120 69.420 45.380 88.880 65.970 42.300 9.050 7.760 6.720 8.000 6.340 5.660 0.000
65.925690 65.926384 1003.600 1005.300 306.750 306.950 29.800 53.600 3.000 94.400 70.150 44.860 88.560 64.640 40.510 8.790 7.740 7.030 7.520 6.110 5.100 0.000
65.926390 65.927084 1003.600 1005.300 306.750 306.950 29.800 53.200 3.000 92.500 67.770 44.250 86.820 63.370 40.120 9.070 7.500 6.780 7.130 6.010 5.380 0.000
65.927090 65.927780 1003.600 1005.300 306.750 306.850 29.700 53.200 3.000 92.280 67.380 43.970 86.990 63.540 39.250 8.760 7.490 6.720 7.230 6.010 4.980 0.000
65.927780 65.928470 1003.600 1005.300 306.750 306.850 29.700 53.700 3.000 93.210 68.430 44.410 88.430 64.140 40.090 8.910 7.520 6.710 7.080 6.000 5.690 0.000
65.928470 65.929164 1003.600 1005.300 306.750 306.850 29.700 54.200 3.000 92.390 68.190 44.470 87.140 64.400 39.710 8.920 7.600 6.680 7.230 6.070 5.240 0.000
65.933330 65.934024 1003.600 1005.300 306.750 306.750 29.800 57.500 3.000 96.100 70.600 46.520 93.160 69.740 44.200 8.940 7.780 6.850 8.190 6.490 5.490 0.000
65.934030 65.934720 1003.600 1005.300 306.750 306.750 29.800 58.400 3.000 93.930 69.010 44.680 90.370 66.510 40.990 8.970 7.550 6.690 7.740 5.810 5.500 0.000
65.934720 65.935414 1003.600 1005.300 306.650 306.750 29.800 58.300 3.000 94.010 68.910 44.970 92.130 66.900 41.220 8.720 7.280 6.670 7.070 6.090 5.280 0.000
65.935430 65.936110 1003.600 1005.300 306.750 306.750 29.800 58.500 3.000 94.870 68.780 45.230 91.110 65.810 42.170 8.970 7.240 6.720 7.620 6.280 5.370 0.000
65.936110 65.936804 1003.600 1005.300 306.750 306.750 29.800 60.900 3.000 93.870 68.710 44.580 93.020 68.130 42.940 9.030 7.490 7.090 7.530 6.400 5.380 0.000
65.936810 65.937504 1003.600 1005.300 306.750 306.750 29.700 62.400 3.000 94.300 69.490 44.600 92.730 68.020 42.400 9.330 7.630 6.810 7.720 6.100 6.270 0.000
65.941670 65.942360 996.200 997.800 306.750 306.850 29.800 70.000 3.000 95.600 70.010 46.120 102.680 76.380 49.250 9.080 7.770 6.920 8.200 7.130 6.210 0.000
65.942360 65.943054 996.200 997.800 306.650 306.850 29.800 71.000 3.000 94.770 69.130 44.910 100.300 74.650 46.800 9.110 7.480 6.510 8.070 6.770 6.310 0.000
65.943060 65.943754 996.200 997.800 306.650 306.850 29.800 71.500 3.000 94.600 69.010 44.740 101.270 74.820 47.110 8.770 7.270 6.990 8.020 6.850 5.570 0.000
65.943760 65.944440 996.200 997.800 306.750 306.850 29.800 72.400 3.000 93.830 69.370 45.200 103.770 77.170 48.830 8.910 7.600 6.960 7.820 6.580 5.970 0.000
65.944440 65.945134 996.200 997.800 306.650 306.950 29.700 74.300 3.000 96.210 69.870 45.350 108.470 80.610 51.800 9.210 7.950 6.750 8.420 6.630 6.470 0.000
65.945140 65.945834 996.200 997.800 306.750 306.950 29.800 75.700 3.000 94.860 69.660 44.900 113.970 84.770 53.860 9.270 7.710 6.810 8.230 6.990 6.150 0.000
65.950000 65.950690 996.200 997.800 306.650 307.050 29.800 83.000 3.000 97.820 71.480 45.950 138.680 105.740 69.670 9.340 7.750 6.950 9.610 7.680 7.760 0.000
65.950690 65.951384 996.200 997.800 306.750 307.150 29.800 83.700 3.000 98.110 71.860 46.700 140.120 105.610 67.510 9.280 7.850 6.940 9.320 7.580 7.470 0.000
65.951390 65.952080 996.200 997.800 306.750 307.150 29.800 84.300 3.000 97.800 71.420 46.720 140.780 107.420 68.210 9.460 7.970 6.710 9.230 7.870 7.170 0.000
65.952080 65.952774 996.200 997.800 306.650 307.150 29.800 85.200 3.000 97.150 71.950 46.030 145.220 108.580 70.750 9.010 7.880 7.080 9.690 8.070 7.690 0.000
65.952780 65.953470 996.200 997.800 306.750 307.250 29.800 87.000 3.000 98.330 71.230 46.520 149.820 114.070 74.560 9.220 7.830 7.080 9.970 8.320 7.290 0.000
65.953470 65.954164 996.500 998.300 306.750 307.250 29.800 88.200 3.000 97.050 71.300 46.630 151.940 115.900 74.930 9.780 7.990 7.510 10.020 8.330 7.360 0.000
65.960420 65.961110 996.500 998.300 306.850 306.750 29.700 60.400 3.000 96.660 69.590 45.970 88.570 65.870 41.550 9.110 7.810 6.930 7.170 6.170 5.370 0.000
65.961110 65.961804 996.500 998.300 306.850 306.850 29.700 57.100 3.000 97.680 70.720 46.020 89.810 66.310 42.030 9.300 7.910 6.920 7.880 6.260 5.310 0.000
65.961810 65.962504 996.500 998.300 306.750 306.950 29.700 55.300 3.000 96.720 70.500 45.670 89.550 65.330 41.290 9.030 7.620 7.120 7.920 6.210 5.830 0.000
65.966670 65.967360 996.500 998.300 306.750 306.850 29.800 53.400 3.000 98.210 71.660 47.720 94.020 69.570 43.560 9.050 7.910 7.110 7.860 6.460 6.010 0.000
65.967360 65.968054 996.500 998.300 306.750 306.850 29.800 53.500 3.000 95.390 70.690 45.780 90.300 66.980 41.780 9.060 7.830 7.130 7.260 6.380 5.730 0.000
65.968060 65.968754 996.500 998.300 306.750 306.750 29.800 53.500 3.000 96.550 70.650 46.130 89.770 67.060 41.880 9.080 7.850 7.300 7.790 6.360 5.760 0.000
65.968760 65.969440 996.200 998.000 306.750 306.750 29.700 53.200 3.000 96.000 70.520 45.360 91.600 66.110 40.950 9.260 7.830 6.950 7.620 6.390 5.500 0.000
65.969440 65.970134 996.200 998.000 306.750 306.750 29.700 53.700 3.000 95.270 70.080 45.370 89.590 66.460 41.230 9.320 7.620 6.870 7.540 6.460 5.990 0.000
65.970140 65.970834 996.200 998.000 306.750 306.750 29.700 54.000 3.000 96.870 70.550 46.280 89.480 66.450 41.360 9.300 8.050 6.970 7.970 5.890 5.450 0.000
65.975000 65.975690 996.200 998.000 306.650 306.650 29.800 57.300 3.000 93.950 69.560 45.850 93.100 68.850 43.730 9.740 7.710 6.790 8.010 6.530 6.160 0.000
65.975690 65.976384 996.200 998.000 306.650 306.650 29.700 58.100 3.000 95.020 69.360 44.830 90.500 66.360 41.980 9.070 7.700 6.920 7.580 6.110 5.480 0.000
65.976390 65.977084 996.200 998.000 306.750 306.650 29.700 57.900 3.000 93.620 68.210 44.920 90.800 66.480 42.090 9.010 7.750 6.610 8.120 6.220 6.470 0.000
65.977090 65.977780 996.200 998.000 306.650 306.650 29.700 58.300 3.000 94.380 68.750 45.120 90.510 66.990 41.760 8.730 7.730 6.740 7.710 6.310 5.330 0.000
65.977780 65.978470 996.200 998.000 306.650 306.650 29.700 60.800 3.000 94.150 69.200 45.270 92.500 68.420 42.830 9.220 7.670 6.480 7.570 6.310 5.660 0.000
65.978470 65.979164 996.200 998.000 306.650 306.650 29.700 62.400 3.000 94.100 69.370 44.970 91.920 68.710 42.360 8.940 7.860 7.070 7.660 6.410 5.550 0.000
65.983330 65.984024 996.200 998.000 306.650 306.750 29.800 69.700 3.000 96.780 70.590 46.280 103.360 76.580 49.320 9.350 8.010 7.250 7.980 6.880 6.170 0.000
65.984030 65.984720 996.200 998.000 306.650 306.750 29.700 70.500 3.000 95.270 69.600 45.720 100.620 74.810 46.110 9.040 7.750 7.020 7.910 6.660 6.090 0.000
65.984720 65.985414 996.300 998.000 306.650 306.750 29.700 71.100 3.000 95.200 69.880 45.320 101.930 75.460 46.920 8.650 7.770 6.730 8.090 6.610 6.140 0.000
65.985430 65.986110 996.300 998.000 306.750 306.850 29.700 72.000 3.000 95.000 70.150 45.720 101.910 77.150 48.400 9.390 7.520 6.920 8.060 6.750 6.330 0.000
65.986110 65.986804 996.300 998.000 306.650 306.850 29.700 74.100 3.000 94.230 70.450 45.250 109.090 80.560 51.080 9.720 7.830 6.960 8.070 6.870 6.490 0.000
65.986810 65.987504 996.300 998.000 306.650 306.850 29.700 75.300 3.000 95.290 70.590 45.500 112.020 84.420 52.300 9.510 7.740 6.680 8.280 6.680 6.090 0.000
65.991670 65.992360 996.300 998.000 306.650 307.050 29.800 82.800 3.000 94.440 69.920 46.430 137.000 104.250 67.580 9.150 7.920 7.100 9.150 7.800 7.680 0.000
65.992360 65.993054 996.300 998.000 306.650 307.050 29.800 83.600 3.000 94.560 69.860 44.960 136.610 103.040 66.490 9.390 7.730 6.920 8.720 7.770 7.130 0.000
65.993060 65.993750 996.300 998.000 306.650 307.050 29.800 84.100 3.000 94.730 69.590 45.140 136.600 103.480 66.600 9.050 7.320 7.010 9.020 7.460 6.880 0.000
65.993750 65.994440 996.300 998.000 306.650 307.050 29.700 85.100 3.000 94.590 69.600 44.650 138.000 104.740 68.080 9.680 7.740 6.970 9.270 7.840 7.310 0.000
65.994440 65.995134 996.300 998.000 306.750 307.150 29.700 87.000 3.000 94.880 69.810 45.710 142.860 109.720 70.620 9.250 7.890 6.850 9.520 8.040 7.290 0.000
65.995140 65.995834 996.300 998.000 306.750 307.150 29.700 88.200 3.000 95.640 70.040 45.590 145.850 112.580 73.420 9.470 7.710 6.980 9.760 8.040 7.440 0.000
66.002080 66.002774 1001.600 1000.900 306.850 306.650 29.700 61.500 3.000 94.320 69.380 45.100 87.520 64.350 40.680 8.910 7.600 6.660 7.520 6.220 5.710 0.000
66.002780 66.003470 1001.600 1000.900 306.750 306.850 29.700 58.000 3.000 99.050 70.990 45.850 91.060 66.970 41.430 9.390 7.880 6.590 7.600 6.430 5.660 0.000
66.003470 66.004164 1001.600 1000.900 306.750 306.850 29.700 56.100 3.000 98.290 71.970 46.930 93.740 68.270 41.540 9.500 7.910 7.270 7.710 6.410 5.870 0.000
66.008330 66.009024 1001.600 1000.900 306.750 306.750 29.800 54.000 3.000 101.260 74.410 48.760 96.850 72.590 46.200 9.600 8.000 7.500 8.480 6.920 6.620 0.000
66.009030 66.009720 1001.600 1000.900 306.750 306.750 29.800 54.400 3.000 99.830 74.030 48.330 94.400 68.830 42.910 9.500 8.090 6.780 8.170 6.170 5.710 0.000
66.009720 66.010414 1001.600 1000.900 306.750 306.650 29.800 54.200 3.000 99.380 72.910 47.740 92.910 68.390 42.300 9.810 7.820 7.260 7.770 6.470 5.450 0.000
66.010430 66.011110 1001.600 1000.900 306.750 306.650 29.800 53.900 3.000 99.800 73.380 47.250 94.060 68.570 42.440 8.990 7.990 6.990 7.840 6.510 5.850 0.000
66.011110 66.011804 1001.600 1000.900 306.750 306.650 29.800 54.300 3.000 100.740 73.370 47.690 94.700 69.780 42.870 9.320 7.830 6.790 8.110 6.490 5.850 0.000
66.011810 66.012504 1001.600 1000.900 306.750 306.650 29.800 54.600 3.000 100.220 73.260 47.530 95.100 70.750 43.980 9.460 8.060 7.320 8.110 6.370 5.410 0.000
66.016670 66.017360 1004.200 1005.800 306.650 306.550 29.800 58.300 3.000 100.960 74.490 48.450 100.130 74.590 47.390 9.390 7.870 7.230 8.110 7.010 5.940 0.000
