KCO/MV0001R.19990101000000.20181219000000.nephelometer.aerosol_light_scattering_coefficient.pm10.1y.1mn.TSI_3563_KCO_ref_TSI_3563_KCO_wet..lev0.nas
87 1001 
Andrews, Elisabeth; Jefferson, Anne; Burgos, Maria A.  
US06L, National Oceanic and Atmospheric Administration , NOAA/ESRL/GMD,  "Earth System Research Laboratory, Global Monitoring Division", 325 Broadway, , CO 80305-3, Boulder, U.S.A. 
Burgos, Maria A. 
NOAA-ESRL 
1 1 
1999 01 01 2018 12 19 
0.000000 
Days from the file reference point (start_time) 
21 
1 1 1 1 1 1 1 1 1 1 1 1 1 1 1 1 1 1 1 1 1  
9999.999999 9999.999 9999.999 9999.999 9999.999 9999.999 9999.999 9.999 9999.999 9999.999 9999.999 9999.999 9999.999 9999.999 9999.999 9999.999 9999.999 9999.999 9999.999 9999.999 9.999 
end_time of measurement, days from the file reference point 
pressure, hPa, Location=reference nephelometer internal 
pressure, hPa, Location=humidified nephleometer internal 
temperature, K, Location=reference nephelometer internal 
temperature, K, Location=humidified nephleometer internal 
relative_humidity, %, Location=reference nephelometer internal 
relative_humidity, %, Location=humidified nephleometer internal 
number of wavelengths 
aerosol_light_scattering_coefficient, 1/Mm, Wavelength=450nm, Location=reference nephelometer 
aerosol_light_scattering_coefficient, 1/Mm, Wavelength=450nm, Location=humidified nephleometer, Matrix=pm10_humidified 
aerosol_light_scattering_coefficient, 1/Mm, Wavelength=550nm, Location=reference nephelometer 
aerosol_light_scattering_coefficient, 1/Mm, Wavelength=550nm, Location=humidified nephleometer, Matrix=pm10_humidified 
aerosol_light_scattering_coefficient, 1/Mm, Wavelength=700nm, Location=reference nephelometer 
aerosol_light_scattering_coefficient, 1/Mm, Wavelength=700nm, Location=humidified nephleometer, Matrix=pm10_humidified 
aerosol_light_backscattering_coefficient, 1/Mm, Wavelength=450nm, Location=reference nephelometer 
aerosol_light_backscattering_coefficient, 1/Mm, Wavelength=450nm, Location=humidified nephleometer, Matrix=pm10_humidified 
aerosol_light_backscattering_coefficient, 1/Mm, Wavelength=550nm, Location=reference nephelometer 
aerosol_light_backscattering_coefficient, 1/Mm, Wavelength=550nm, Location=humidified nephleometer, Matrix=pm10_humidified 
aerosol_light_backscattering_coefficient, 1/Mm, Wavelength=700nm, Location=reference nephelometer 
aerosol_light_backscattering_coefficient, 1/Mm, Wavelength=700nm, Location=humidified nephleometer, Matrix=pm10_humidified 
numflag, no unit 
0 
52
Data definition:              EBAS_1.1 
Set type code:                TI 
Station code:                 MV0001R 
Platform code:                MV0001S 
Timezone:                     UTC 
Startdate:                    19990205132700 
Revision date:                20181219000000 
Component:                    aerosol_light_scattering_coefficient 
Unit:                         1/Mm 
Matrix:                       pm10 
Period code:                  1y 
Resolution code:              1mn 
Sample duration:              1mn 
Laboratory code:              US06L 
Instrument type:              nephelometer 
Instrument manufacturer:      TSI 
Instrument model:             3563 
Instrument name:              TSI_3563_KCO_ref+TSI_3563_KCO_wet 
Method ref:                   US06L_hygro_tandem_neph_CorrData 
Orig. time res.:              1mn 
[...]
Originator:                   Burgos, Maria A., paul.zieger@aces.su.se, Department of Environmental Science and Analytical Chemistry, ACES,,Frescativägen 54,, SE10691, Stockholm, Sweden 
Submitter:                    Burgos, Maria A., paul.zieger@aces.su.se, Department of Environmental Science and Analytical Chemistry, ACES,,Frescativägen 54,, SE10691, Stockholm, Sweden 
Data level:                   0 
Version:                      1 
Version description:          raw values, RH sensor correction 
Inlet type:                   Hat or hood 
Inlet description:            Heated, stainless steel, see full description in Delene and Ogren, J. Atmos. Sci, 2002. 
Humidity/temperature control: Humidification 
Humidity/temperature control description: humidogram 
Volume std. temperature:      instrument internal 
Volume std. pressure:         instrument internal 
Detection limit:              0.5 1/Mm 
Detection limit expl.:        Determined by instrument counting statistics, no detection limit flag used 
Measurement uncertainty expl.: Uncertainty analysis described in Burgos et al., 2019 
Zero/negative values code:    zero/negative possible 
Zero/negative values:         zero and neg. values may appear due to statistical variations at very low concentrations  
Standard method:              cal-gas=CO2+AIR_truncation-correction=none 
Acknowledgement:              Request acknowledgement details from data originator 
start_time end_time p_ref_int p_wet_int T_ref_int T_wet_int RH_ref_int RH_wet_int nWav sc450_ref sc550_ref sc700_ref sc450_wet sc550_wet sc700_wet bsc450_ref bsc550_ref bsc700_ref bsc450_wet bsc550_wet bsc700_wet numflag 
[from data line 15974]
67.830560 67.831254 998.100 999.800 307.750 307.850 30.300 90.900 3.000 101.840 74.230 50.420 168.010 125.960 82.910 10.710 8.990 8.690 11.770 9.830 9.420 0.000
67.831260 67.831954 998.100 999.800 307.850 307.550 30.300 85.600 3.000 101.000 70.170 50.400 174.600 120.800 83.350 11.060 8.840 8.940 12.150 10.300 9.160 0.000
67.837500 67.838190 998.100 999.800 308.150 307.350 30.300 51.600 3.000 103.130 78.840 54.150 101.010 74.910 48.620 11.030 9.870 9.080 9.810 8.130 8.330 0.000
67.838190 67.838884 998.100 999.800 307.850 307.350 30.300 51.600 3.000 104.440 77.150 52.320 103.970 77.340 51.580 10.580 9.180 8.400 9.650 8.410 8.520 0.000
67.838890 67.839580 998.100 999.800 307.850 307.350 30.300 51.200 3.000 102.580 75.830 51.110 102.320 75.590 49.630 10.630 8.930 8.640 9.710 8.420 7.470 0.000
67.839580 67.840274 998.100 999.800 307.850 307.250 30.300 50.900 3.000 99.720 74.260 49.450 101.920 74.960 47.720 10.080 8.930 8.210 9.940 8.050 6.980 0.000
67.840280 67.840970 998.100 999.800 307.950 307.250 30.300 51.100 3.000 101.790 74.460 50.590 102.400 75.130 49.260 10.340 8.800 8.050 9.120 8.240 7.200 0.000
67.840970 67.841664 998.100 999.800 307.650 307.250 30.300 51.200 3.000 102.230 74.530 50.210 102.580 76.170 49.090 10.310 8.830 8.170 9.460 8.200 7.790 0.000
67.845830 67.846524 997.300 999.000 307.650 307.050 30.200 53.900 3.000 97.670 71.390 47.950 99.450 72.120 45.930 10.200 8.650 7.920 9.000 7.610 6.590 0.000
67.846530 67.847220 997.300 999.000 308.050 307.050 30.200 54.200 3.000 100.770 74.230 49.610 105.080 76.020 48.470 10.270 8.960 7.810 9.340 8.250 7.500 0.000
67.847220 67.847914 997.300 999.000 307.950 307.050 30.200 53.900 3.000 99.500 73.750 48.930 102.470 75.660 48.580 10.020 8.750 8.090 9.530 8.200 7.590 0.000
67.847930 67.848610 997.300 999.000 307.750 307.050 30.200 54.000 3.000 100.710 74.290 49.710 104.310 76.480 48.830 10.120 9.070 8.310 9.270 8.220 7.500 0.000
67.848610 67.849304 997.300 999.000 307.850 307.050 30.200 56.000 3.000 102.500 74.570 51.110 107.090 78.110 49.850 10.800 8.940 7.980 9.610 8.130 7.200 0.000
67.849310 67.850004 997.300 999.000 307.650 307.050 30.200 57.200 3.000 100.810 73.330 48.910 105.730 77.700 49.980 10.150 8.710 8.050 9.730 8.190 7.530 0.000
67.854170 67.854860 997.300 999.000 307.550 306.950 30.200 64.200 3.000 97.960 72.280 48.060 106.680 77.730 49.050 9.610 8.510 7.790 9.350 8.160 7.240 0.000
67.854860 67.855554 997.300 999.000 307.650 306.950 30.200 65.100 3.000 99.800 73.190 48.100 110.310 80.330 51.740 10.320 8.810 7.940 10.010 8.480 7.260 0.000
67.855560 67.856254 997.300 999.000 307.550 307.050 30.200 65.400 3.000 99.970 72.970 48.860 107.440 80.380 51.550 9.610 8.540 7.810 9.520 7.930 7.870 0.000
67.856260 67.856940 997.300 999.000 307.550 307.050 30.200 66.300 3.000 100.140 73.260 48.720 111.630 81.940 52.050 9.840 8.890 7.620 9.780 8.540 7.750 0.000
67.856940 67.857634 997.300 999.000 307.650 307.050 30.200 68.900 3.000 101.500 74.060 49.390 115.780 85.980 54.880 10.380 8.890 7.750 9.720 8.400 7.880 0.000
67.857640 67.858334 997.300 999.000 307.550 307.050 30.200 70.400 3.000 100.760 74.320 50.550 117.100 86.830 56.440 10.150 8.900 8.210 10.170 8.660 8.120 0.000
67.862500 67.863190 997.400 999.100 307.550 307.150 30.100 77.100 3.000 98.000 71.920 47.300 125.180 92.840 59.390 10.030 8.290 7.530 9.930 8.270 8.070 0.000
67.863190 67.863884 997.400 999.100 307.550 307.150 30.100 77.900 3.000 98.760 71.910 47.780 130.660 96.740 61.450 10.220 8.350 7.150 10.580 8.790 8.280 0.000
67.863890 67.864584 997.400 999.100 307.550 307.150 30.200 78.300 3.000 99.490 72.900 49.060 133.430 99.370 64.630 10.680 8.420 8.050 10.040 8.740 8.490 0.000
67.864590 67.865280 997.400 999.100 307.550 307.250 30.200 78.100 3.000 101.760 74.920 50.340 134.480 100.920 65.880 10.300 9.080 8.080 10.870 9.280 9.050 0.000
67.865280 67.865970 997.400 999.100 307.550 307.250 30.200 80.000 3.000 101.140 74.820 50.920 141.120 106.640 70.070 10.260 8.800 7.870 10.770 9.460 9.150 0.000
67.865970 67.866664 997.400 999.100 307.550 307.250 30.200 81.600 3.000 101.490 74.670 50.900 146.000 110.190 72.920 9.980 9.150 8.360 11.000 9.410 8.860 0.000
67.870830 67.871524 997.400 999.100 307.650 307.450 30.200 88.700 3.000 101.980 74.810 51.320 157.450 119.730 78.260 10.350 8.990 8.450 11.370 9.660 9.240 0.000
67.871530 67.872220 997.400 999.100 307.550 307.450 30.200 89.700 3.000 103.320 76.900 52.690 167.320 126.820 84.910 10.860 9.660 8.380 11.870 10.200 9.910 0.000
67.872220 67.872914 997.400 999.100 307.550 307.550 30.200 90.500 3.000 102.280 75.920 52.020 166.900 127.730 85.730 10.590 9.220 7.910 11.960 10.430 10.230 0.000
67.872930 67.873624 997.400 999.100 307.850 307.150 30.100 85.500 3.000 100.300 74.130 47.210 161.100 125.400 81.990 6.240 8.560 7.400 13.390 10.810 11.760 0.000
67.879170 67.879860 1002.200 1001.400 307.650 307.050 30.100 52.500 3.000 98.550 72.320 49.330 96.240 70.140 45.230 10.240 8.860 8.220 8.960 7.430 6.930 0.000
67.879860 67.880554 1002.200 1001.400 307.550 307.050 30.100 52.400 3.000 97.230 71.600 48.390 97.470 71.280 46.010 10.300 8.700 7.980 9.380 7.530 7.180 0.000
67.880560 67.881250 1002.200 1001.400 307.550 307.050 30.100 51.900 3.000 97.250 71.100 48.500 98.330 71.360 45.400 9.870 8.420 8.300 8.870 7.650 6.810 0.000
67.881250 67.881940 1002.200 1001.400 307.550 307.050 30.100 51.700 3.000 99.280 73.330 49.790 98.580 72.200 46.440 10.430 8.910 8.110 9.120 7.860 7.170 0.000
67.881940 67.882634 1002.200 1001.400 307.550 307.050 30.100 52.100 3.000 100.940 75.250 51.700 99.660 74.300 48.440 10.220 9.190 8.260 9.350 8.210 7.660 0.000
67.882640 67.883334 1002.200 1001.400 307.550 307.050 30.100 52.200 3.000 98.530 73.930 50.300 99.650 74.240 48.140 10.140 8.920 7.780 9.740 7.870 7.450 0.000
67.887500 67.888190 1002.200 1001.400 307.550 306.950 30.100 54.800 3.000 95.300 69.290 46.070 95.650 69.500 43.320 9.770 8.240 7.380 8.670 7.340 6.950 0.000
67.888190 67.888884 1002.200 1001.400 307.450 306.950 30.100 55.200 3.000 97.610 71.730 47.360 99.160 72.470 46.600 10.170 8.670 7.480 8.990 7.870 6.570 0.000
67.888890 67.889580 1002.200 1001.400 307.450 306.850 30.100 54.800 3.000 97.080 71.800 48.120 99.670 72.370 46.970 9.940 8.590 7.950 9.110 7.530 7.010 0.000
67.889580 67.890274 1002.200 1001.400 307.450 306.850 30.100 54.800 3.000 95.670 70.010 46.800 99.410 72.450 46.120 10.020 8.440 7.460 8.800 7.400 7.200 0.000
67.890280 67.890970 1002.200 1001.400 307.450 306.850 30.100 56.800 3.000 95.420 69.700 46.140 100.920 73.730 46.690 9.760 8.380 7.470 9.270 7.840 7.230 0.000
67.890970 67.891664 1004.200 1005.800 307.450 306.850 30.100 57.900 3.000 96.090 69.950 46.750 99.670 72.920 46.850 9.750 8.040 7.790 9.000 7.600 6.940 0.000
67.895830 67.896524 1004.200 1005.800 307.450 306.850 30.000 65.000 3.000 94.620 68.870 46.020 99.280 73.220 45.650 9.680 8.050 7.540 8.420 7.580 6.940 0.000
67.896530 67.897220 1004.200 1005.800 307.450 306.850 30.100 65.700 3.000 95.760 71.220 47.740 104.240 76.420 48.630 9.780 8.630 7.770 9.420 7.830 7.340 0.000
67.897220 67.897914 1004.200 1005.800 307.450 306.850 30.100 65.800 3.000 96.210 70.720 47.670 102.680 76.160 49.690 10.010 8.600 7.610 9.350 7.950 7.710 0.000
67.897930 67.898610 1004.200 1005.800 307.450 306.850 30.100 66.300 3.000 96.530 69.780 46.610 106.490 78.090 50.380 9.920 8.270 7.760 9.540 7.840 7.650 0.000
67.898610 67.899304 1004.200 1005.800 307.450 306.850 30.100 68.800 3.000 96.110 69.530 46.800 106.580 79.190 50.930 10.200 8.210 7.840 8.740 7.890 7.140 0.000
67.899310 67.900004 1004.200 1005.800 307.450 306.850 30.100 70.400 3.000 96.630 70.130 46.670 110.240 80.170 51.750 9.960 8.640 7.890 9.240 8.090 7.400 0.000
67.904170 67.904860 1004.200 1005.800 307.450 307.050 30.000 77.800 3.000 95.990 70.950 47.090 124.650 92.620 59.430 9.470 8.350 7.730 9.780 8.210 7.420 0.000
67.904860 67.905554 1004.200 1005.800 307.450 307.050 30.000 78.900 3.000 96.470 70.850 47.150 129.780 97.290 62.390 10.030 8.540 7.620 9.940 8.460 7.950 0.000
67.905560 67.906254 1004.200 1005.800 307.450 307.050 30.000 79.200 3.000 97.150 70.810 47.100 129.470 97.720 62.960 9.590 8.430 7.680 9.790 8.690 8.440 0.000
67.906260 67.906940 1004.000 1005.800 307.450 307.050 30.100 79.800 3.000 97.330 71.430 48.000 134.420 101.620 65.630 10.340 8.590 7.870 9.870 9.130 8.000 0.000
67.906940 67.907634 1004.000 1005.800 307.450 307.150 30.100 81.700 3.000 98.720 72.330 47.790 139.670 104.260 68.120 9.480 8.720 7.610 10.600 8.720 8.630 0.000
67.907640 67.908334 1004.000 1005.800 307.450 307.150 30.100 83.100 3.000 97.310 71.550 47.620 141.700 106.360 68.710 9.640 8.210 7.900 10.700 9.430 8.950 0.000
67.912500 67.913190 1004.000 1005.800 307.450 307.350 30.000 90.800 3.000 96.520 70.060 47.130 154.290 115.920 75.960 10.170 8.280 7.240 10.500 8.820 8.810 0.000
67.913190 67.913884 1004.000 1005.800 307.450 307.450 30.100 91.400 3.000 96.630 70.920 47.630 159.840 119.970 78.800 9.830 8.370 7.510 11.080 9.320 9.160 0.000
67.913890 67.914584 1004.000 1005.800 307.450 307.450 30.100 91.700 3.000 96.900 71.810 48.170 161.780 121.680 80.710 9.880 8.760 7.730 10.960 9.520 8.840 0.000
67.914590 67.915284 1004.000 1005.800 307.350 307.350 30.100 86.200 3.000 94.720 73.110 47.790 166.100 123.500 81.490 9.180 8.670 8.670 9.590 8.690 8.620 0.000
67.920830 67.921524 1004.000 1005.800 307.550 306.950 30.000 52.700 3.000 95.880 70.830 47.150 93.720 68.500 43.520 9.820 8.630 7.920 8.460 7.480 6.530 0.000
67.921530 67.922220 1004.000 1005.800 307.550 306.950 30.000 52.500 3.000 97.200 70.800 47.810 96.740 71.490 45.610 9.740 8.420 7.490 9.060 7.120 7.420 0.000
67.922220 67.922914 1004.000 1005.800 307.550 306.950 30.000 52.000 3.000 97.480 71.240 47.070 98.250 70.970 45.650 10.480 8.880 7.630 8.680 7.330 6.900 0.000
67.922930 67.923610 1004.000 1005.800 307.550 306.950 30.000 51.800 3.000 97.550 71.640 47.420 96.920 71.880 45.420 9.690 8.620 7.780 9.590 7.700 6.490 0.000
67.923610 67.924304 1004.000 1005.800 307.650 306.950 30.000 52.200 3.000 97.680 71.370 47.340 99.240 71.620 45.640 10.090 8.580 7.530 9.250 7.470 6.550 0.000
67.924310 67.925004 1004.000 1005.800 307.650 306.850 30.000 52.000 3.000 97.350 70.870 46.810 99.310 72.240 46.060 9.910 8.450 7.460 9.240 7.580 6.660 0.000
67.929170 67.929860 1004.000 1005.800 307.250 306.750 30.000 54.600 3.000 95.860 69.780 46.610 94.700 69.920 44.770 9.960 8.290 7.180 8.520 7.330 6.540 0.000
67.929860 67.930554 1004.000 1005.800 307.350 306.750 30.000 54.900 3.000 97.790 70.800 46.960 98.610 72.670 46.630 9.990 8.750 7.990 8.870 7.620 6.870 0.000
67.930560 67.931254 1004.000 1005.800 307.250 306.750 30.000 54.900 3.000 97.460 71.610 47.810 99.000 72.410 46.280 10.060 8.600 7.680 9.000 7.890 7.180 0.000
67.931260 67.931940 1004.000 1005.800 307.250 306.750 30.000 55.100 3.000 97.240 71.600 48.130 100.350 72.870 46.370 10.600 8.490 7.760 9.070 7.580 7.040 0.000
67.931940 67.932634 1004.000 1005.800 307.250 306.750 30.000 57.200 3.000 97.490 72.100 48.630 100.980 74.160 48.110 10.280 8.720 7.980 9.110 8.410 7.340 0.000
67.932640 67.933334 1004.000 1005.800 307.250 306.750 30.000 58.300 3.000 98.310 71.310 48.330 101.700 74.670 48.040 9.550 8.440 7.810 8.980 7.820 7.560 0.000
67.937500 67.938190 996.700 998.300 307.250 306.750 29.900 65.100 3.000 95.550 69.220 45.580 101.040 72.870 46.790 9.200 8.220 7.310 8.920 7.340 6.440 0.000
67.938190 67.938884 996.700 998.300 307.250 306.750 29.900 65.800 3.000 96.030 70.250 47.000 104.470 76.810 49.030 9.690 8.500 7.260 9.570 7.820 7.430 0.000
67.938890 67.939584 996.700 998.300 307.250 306.750 29.900 66.200 3.000 96.150 71.000 46.860 104.040 77.440 49.930 9.390 8.270 7.400 9.510 7.730 7.290 0.000
67.939590 67.940280 996.700 998.300 307.250 306.750 29.900 66.900 3.000 96.050 70.550 47.110 104.900 76.850 49.260 9.830 8.230 7.870 8.970 7.710 7.490 0.000
67.940280 67.940970 996.700 998.300 307.250 306.850 30.000 69.800 3.000 96.870 70.200 47.920 107.910 80.490 50.720 10.020 8.610 7.840 9.410 7.940 7.460 0.000
67.940970 67.941664 996.700 998.300 307.150 306.850 29.900 71.400 3.000 96.520 70.390 46.680 110.040 82.060 52.950 10.110 8.310 7.630 9.820 7.710 7.460 0.000
67.945830 67.946524 996.700 998.300 307.350 306.950 29.900 78.300 3.000 92.820 68.410 45.400 121.770 90.390 57.150 9.580 8.220 7.680 9.290 8.090 7.750 0.000
67.946530 67.947220 996.700 998.300 307.450 306.950 29.900 79.200 3.000 95.020 69.400 45.560 128.860 95.320 61.080 9.850 8.110 7.220 10.230 8.550 8.110 0.000
67.947220 67.947914 996.700 998.300 307.350 306.950 29.900 80.100 3.000 95.210 69.750 45.970 129.610 97.020 62.790 9.750 8.420 7.540 10.000 8.510 8.110 0.000
67.947930 67.948610 996.700 998.300 307.350 307.050 30.000 80.900 3.000 94.700 69.640 46.340 133.170 98.750 63.760 9.600 8.490 7.290 10.180 8.240 8.070 0.000
67.948610 67.949304 996.700 998.300 307.350 307.050 30.000 82.900 3.000 96.290 70.790 47.360 138.730 103.730 66.920 9.950 8.300 7.730 10.330 8.820 8.050 0.000
67.949310 67.950004 996.700 998.300 307.450 307.050 30.000 84.200 3.000 95.640 69.900 46.920 142.150 107.240 69.630 9.770 8.640 7.570 10.440 8.980 8.660 0.000
67.954170 67.954860 996.900 998.500 307.350 307.250 30.000 90.100 3.000 92.260 66.590 44.070 146.520 110.910 71.330 9.210 8.160 7.210 10.560 8.540 8.230 0.000
67.954860 67.955554 996.900 998.500 307.350 307.250 30.000 90.700 3.000 94.220 69.290 46.190 155.210 115.440 75.670 9.730 8.460 7.570 10.360 9.210 8.690 0.000
67.955560 67.956254 996.900 998.500 307.350 307.250 30.000 91.200 3.000 94.530 69.270 46.570 155.800 117.080 75.970 8.980 8.160 7.140 10.690 9.330 8.100 0.000
67.956260 67.956954 996.900 998.500 307.550 307.150 30.000 85.600 3.000 89.690 69.290 45.100 152.300 110.400 73.940 8.760 8.020 7.130 12.690 9.570 10.820 0.000
67.962500 67.963190 996.900 998.500 307.450 306.850 29.900 53.700 3.000 94.650 68.950 46.270 90.770 66.570 43.110 10.080 8.380 7.140 8.350 7.010 6.570 0.000
67.963190 67.963884 996.900 998.500 307.450 306.850 29.900 53.500 3.000 94.630 68.850 46.890 94.030 69.370 45.300 9.630 8.130 7.390 8.810 7.570 7.080 0.000
67.963890 67.964580 996.900 998.500 307.450 306.850 30.000 53.100 3.000 94.450 69.960 47.070 94.930 70.070 44.860 9.810 8.500 7.480 9.210 7.560 7.070 0.000
67.964580 67.965274 996.900 998.500 307.450 306.750 30.000 52.800 3.000 95.090 69.550 46.910 94.710 69.710 45.250 9.760 8.350 7.310 8.770 7.290 7.090 0.000
67.965280 67.965970 996.900 998.500 307.450 306.750 30.000 52.600 3.000 94.160 68.940 45.640 94.200 69.290 44.460 9.360 8.190 7.500 9.090 7.440 6.550 0.000
67.965970 67.966664 996.900 998.500 307.550 306.750 30.000 52.400 3.000 93.820 68.420 44.890 94.330 69.030 44.580 9.100 8.200 7.150 9.020 7.310 6.510 0.000
67.970830 67.971524 996.500 998.200 307.450 306.650 30.000 54.600 3.000 90.690 65.740 43.720 90.330 65.790 41.480 9.140 8.090 7.080 8.450 6.760 6.040 0.000
67.971530 67.972220 996.500 998.200 307.550 306.650 30.000 54.900 3.000 92.660 68.690 45.190 93.240 68.840 43.960 9.720 8.240 7.300 8.750 7.460 6.690 0.000
67.972220 67.972914 996.500 998.200 307.550 306.650 30.000 55.000 3.000 92.530 67.370 45.190 94.020 68.510 44.970 9.370 8.150 6.990 9.070 7.310 6.510 0.000
67.972920 67.973610 996.500 998.200 307.550 306.650 30.000 55.100 3.000 92.860 68.580 45.510 94.670 70.020 44.370 9.520 8.200 7.180 8.550 7.240 6.370 0.000
67.973610 67.974304 996.500 998.200 307.550 306.650 30.000 57.100 3.000 92.100 67.490 45.490 96.470 69.860 44.790 9.520 7.800 7.270 8.750 7.270 6.430 0.000
67.974310 67.975004 996.500 998.200 307.750 306.650 30.000 58.300 3.000 92.290 67.500 45.280 96.540 71.060 45.820 9.140 7.780 7.310 8.960 7.580 6.780 0.000
67.979170 67.979860 996.500 998.200 307.450 306.750 30.000 64.800 3.000 91.070 65.760 43.330 97.050 70.100 44.170 9.790 7.970 6.880 8.960 7.450 6.370 0.000
67.979860 67.980554 996.500 998.200 307.450 306.750 30.000 65.600 3.000 92.970 68.260 45.700 101.930 76.030 48.230 10.050 8.300 7.620 9.190 7.920 7.330 0.000
