KCO/MV0001R.19990101000000.20181219000000.nephelometer.aerosol_light_scattering_coefficient.pm10.1y.1mn.TSI_3563_KCO_ref_TSI_3563_KCO_wet..lev0.nas
87 1001 
Andrews, Elisabeth; Jefferson, Anne; Burgos, Maria A.  
US06L, National Oceanic and Atmospheric Administration , NOAA/ESRL/GMD,  "Earth System Research Laboratory, Global Monitoring Division", 325 Broadway, , CO 80305-3, Boulder, U.S.A. 
Burgos, Maria A. 
NOAA-ESRL 
1 1 
1999 01 01 2018 12 19 
0.000000 
Days from the file reference point (start_time) 
21 
1 1 1 1 1 1 1 1 1 1 1 1 1 1 1 1 1 1 1 1 1  
9999.999999 9999.999 9999.999 9999.999 9999.999 9999.999 9999.999 9.999 9999.999 9999.999 9999.999 9999.999 9999.999 9999.999 9999.999 9999.999 9999.999 9999.999 9999.999 9999.999 9.999 
end_time of measurement, days from the file reference point 
pressure, hPa, Location=reference nephelometer internal 
pressure, hPa, Location=humidified nephleometer internal 
temperature, K, Location=reference nephelometer internal 
temperature, K, Location=humidified nephleometer internal 
relative_humidity, %, Location=reference nephelometer internal 
relative_humidity, %, Location=humidified nephleometer internal 
number of wavelengths 
aerosol_light_scattering_coefficient, 1/Mm, Wavelength=450nm, Location=reference nephelometer 
aerosol_light_scattering_coefficient, 1/Mm, Wavelength=450nm, Location=humidified nephleometer, Matrix=pm10_humidified 
aerosol_light_scattering_coefficient, 1/Mm, Wavelength=550nm, Location=reference nephelometer 
aerosol_light_scattering_coefficient, 1/Mm, Wavelength=550nm, Location=humidified nephleometer, Matrix=pm10_humidified 
aerosol_light_scattering_coefficient, 1/Mm, Wavelength=700nm, Location=reference nephelometer 
aerosol_light_scattering_coefficient, 1/Mm, Wavelength=700nm, Location=humidified nephleometer, Matrix=pm10_humidified 
aerosol_light_backscattering_coefficient, 1/Mm, Wavelength=450nm, Location=reference nephelometer 
aerosol_light_backscattering_coefficient, 1/Mm, Wavelength=450nm, Location=humidified nephleometer, Matrix=pm10_humidified 
aerosol_light_backscattering_coefficient, 1/Mm, Wavelength=550nm, Location=reference nephelometer 
aerosol_light_backscattering_coefficient, 1/Mm, Wavelength=550nm, Location=humidified nephleometer, Matrix=pm10_humidified 
aerosol_light_backscattering_coefficient, 1/Mm, Wavelength=700nm, Location=reference nephelometer 
aerosol_light_backscattering_coefficient, 1/Mm, Wavelength=700nm, Location=humidified nephleometer, Matrix=pm10_humidified 
numflag, no unit 
0 
52
Data definition:              EBAS_1.1 
Set type code:                TI 
Station code:                 MV0001R 
Platform code:                MV0001S 
Timezone:                     UTC 
Startdate:                    19990205132700 
Revision date:                20181219000000 
Component:                    aerosol_light_scattering_coefficient 
Unit:                         1/Mm 
Matrix:                       pm10 
Period code:                  1y 
Resolution code:              1mn 
Sample duration:              1mn 
Laboratory code:              US06L 
Instrument type:              nephelometer 
Instrument manufacturer:      TSI 
Instrument model:             3563 
Instrument name:              TSI_3563_KCO_ref+TSI_3563_KCO_wet 
Method ref:                   US06L_hygro_tandem_neph_CorrData 
Orig. time res.:              1mn 
[...]
Originator:                   Burgos, Maria A., paul.zieger@aces.su.se, Department of Environmental Science and Analytical Chemistry, ACES,,Frescativägen 54,, SE10691, Stockholm, Sweden 
Submitter:                    Burgos, Maria A., paul.zieger@aces.su.se, Department of Environmental Science and Analytical Chemistry, ACES,,Frescativägen 54,, SE10691, Stockholm, Sweden 
Data level:                   0 
Version:                      1 
Version description:          raw values, RH sensor correction 
Inlet type:                   Hat or hood 
Inlet description:            Heated, stainless steel, see full description in Delene and Ogren, J. Atmos. Sci, 2002. 
Humidity/temperature control: Humidification 
Humidity/temperature control description: humidogram 
Volume std. temperature:      instrument internal 
Volume std. pressure:         instrument internal 
Detection limit:              0.5 1/Mm 
Detection limit expl.:        Determined by instrument counting statistics, no detection limit flag used 
Measurement uncertainty expl.: Uncertainty analysis described in Burgos et al., 2019 
Zero/negative values code:    zero/negative possible 
Zero/negative values:         zero and neg. values may appear due to statistical variations at very low concentrations  
Standard method:              cal-gas=CO2+AIR_truncation-correction=none 
Acknowledgement:              Request acknowledgement details from data originator 
start_time end_time p_ref_int p_wet_int T_ref_int T_wet_int RH_ref_int RH_wet_int nWav sc450_ref sc550_ref sc700_ref sc450_wet sc550_wet sc700_wet bsc450_ref bsc550_ref bsc700_ref bsc450_wet bsc550_wet bsc700_wet numflag 
[from data line 9528]
54.163890 54.164580 1011.500 1013.300 310.350 311.050 33.100 87.800 3.000 67.250 54.670 41.610 98.920 83.110 63.500 7.310 6.360 6.130 7.600 6.780 7.280 0.000
54.164580 54.165274 1011.500 1013.300 310.250 310.750 33.100 83.500 3.000 61.540 53.330 37.500 101.950 87.190 73.530 9.750 7.630 4.180 8.320 8.680 10.110 0.000
54.170830 54.171524 1011.500 1013.300 310.250 310.650 33.100 49.900 3.000 66.700 53.780 41.860 65.960 52.320 38.040 7.420 6.610 6.340 6.080 5.250 5.680 0.000
54.171530 54.172220 1011.500 1013.300 310.250 310.650 33.100 49.700 3.000 65.750 53.870 41.300 67.340 55.060 40.640 7.520 6.420 6.370 6.560 5.490 4.770 0.000
54.172220 54.172914 1011.400 1013.100 310.250 310.650 33.100 49.200 3.000 70.580 57.920 45.750 69.810 57.620 42.760 8.320 7.090 6.980 6.960 6.050 5.760 0.000
54.172930 54.173610 1011.400 1013.100 310.250 310.650 33.100 49.000 3.000 71.780 58.580 46.920 73.010 59.250 45.040 7.550 7.090 6.680 7.140 6.660 6.110 0.000
54.173610 54.174304 1011.400 1013.100 310.250 310.650 33.200 49.100 3.000 69.650 57.380 45.300 70.350 57.260 42.920 7.660 7.000 7.060 6.830 6.080 6.260 0.000
54.174310 54.175004 1011.400 1013.100 310.250 310.650 33.200 49.200 3.000 67.590 55.410 43.240 69.230 55.730 41.620 7.540 6.690 5.890 6.100 5.750 5.570 0.000
54.179170 54.179860 1011.400 1013.100 310.250 310.550 33.100 51.900 3.000 69.020 55.730 43.680 68.840 55.300 39.740 7.860 6.980 6.920 6.930 5.960 5.310 0.000
54.179860 54.180554 1011.400 1013.100 310.250 310.550 33.200 52.100 3.000 67.460 54.940 42.970 69.940 56.240 40.810 7.340 6.560 6.380 6.570 5.990 5.010 0.000
54.180560 54.181250 1011.400 1013.100 310.350 310.550 33.200 52.000 3.000 68.080 54.800 42.810 69.820 56.040 41.360 7.610 6.710 6.540 6.720 5.900 4.900 0.000
54.181250 54.181940 1011.400 1013.100 310.250 310.550 33.200 52.000 3.000 67.660 54.820 42.910 70.140 56.460 41.760 7.620 6.650 6.260 6.540 5.910 5.590 0.000
54.181940 54.182634 1011.400 1013.100 310.350 310.550 33.200 54.000 3.000 68.700 55.880 43.850 70.730 58.120 43.550 7.760 6.840 6.560 6.870 6.010 5.760 0.000
54.182640 54.183334 1011.400 1013.100 310.450 310.550 33.200 55.300 3.000 68.530 55.720 44.040 72.600 58.200 44.060 7.730 6.700 6.550 6.710 5.790 5.920 0.000
54.187500 54.188190 1004.100 1005.800 310.150 310.650 33.200 62.000 3.000 63.250 50.790 39.160 68.460 55.050 38.990 6.440 6.170 5.890 6.200 5.380 4.820 0.000
54.188190 54.188884 1004.100 1005.800 310.350 310.650 33.300 62.900 3.000 66.920 54.970 42.590 74.820 60.680 46.500 7.820 6.750 6.350 6.960 6.490 6.050 0.000
54.188890 54.189584 1004.100 1005.800 310.350 310.650 33.300 63.100 3.000 67.370 55.160 43.300 73.620 60.440 45.360 7.730 6.760 6.440 6.590 6.000 5.570 0.000
54.189590 54.190280 1004.100 1005.800 310.350 310.650 33.300 63.900 3.000 67.960 54.960 43.270 74.510 61.220 46.020 7.470 6.740 6.380 6.790 5.840 6.310 0.000
54.190280 54.190970 1004.100 1005.800 310.350 310.750 33.300 66.300 3.000 66.670 53.710 41.180 77.300 63.070 47.170 6.970 6.570 6.460 6.710 6.130 5.580 0.000
54.190970 54.191664 1004.100 1005.800 310.350 310.750 33.300 67.900 3.000 64.990 52.980 40.550 76.580 63.370 46.680 7.180 6.390 5.990 6.880 6.170 6.050 0.000
54.195830 54.196524 1004.100 1005.800 310.350 310.950 33.300 75.300 3.000 64.140 52.500 40.190 83.130 70.530 53.500 7.080 6.690 5.970 6.760 6.330 6.200 0.000
54.196530 54.197220 1004.100 1005.800 310.350 310.950 33.400 76.200 3.000 63.840 51.810 40.380 85.830 71.990 55.340 7.280 6.400 6.070 6.780 6.630 6.350 0.000
54.197220 54.197914 1004.100 1005.800 310.450 311.050 33.400 76.500 3.000 64.180 52.550 41.700 85.540 72.980 57.940 7.440 6.420 6.080 7.250 6.780 6.920 0.000
54.197920 54.198610 1004.100 1005.800 310.450 311.050 33.400 77.300 3.000 64.950 52.790 42.000 87.130 74.810 58.840 7.080 6.430 6.060 7.570 6.930 6.780 0.000
54.198610 54.199304 1004.100 1005.800 310.450 311.050 33.400 79.200 3.000 60.910 49.180 38.400 83.170 70.680 54.630 6.700 6.300 5.610 6.800 6.470 6.570 0.000
54.199310 54.200004 1004.100 1005.800 310.450 311.150 33.400 80.500 3.000 58.930 46.400 35.960 81.010 67.400 51.100 6.260 5.610 5.480 6.230 5.770 5.430 0.000
54.204170 54.204860 1004.700 1006.500 310.450 311.350 33.400 86.900 3.000 58.890 47.500 36.170 85.510 70.290 54.610 6.390 5.680 5.660 6.590 6.010 5.780 0.000
54.204860 54.205554 1004.700 1006.500 310.450 311.350 33.500 87.500 3.000 60.910 49.710 38.930 91.940 79.660 61.420 6.810 6.090 5.820 6.950 6.450 6.590 0.000
54.205560 54.206254 1004.700 1006.500 310.450 311.450 33.500 87.900 3.000 57.070 46.530 35.620 87.140 73.810 56.440 6.750 5.800 5.240 6.740 6.350 5.520 0.000
54.206260 54.206954 1004.700 1006.500 310.150 311.050 33.400 83.100 3.000 61.010 43.430 37.330 89.340 73.690 58.850 4.990 3.720 5.380 6.740 5.650 8.340 0.000
54.212500 54.213190 1004.700 1006.500 310.550 311.050 33.400 48.400 3.000 53.430 43.200 32.650 51.990 41.580 29.320 6.010 5.380 5.040 4.640 4.140 4.620 0.000
54.213190 54.213884 1004.700 1006.500 310.550 310.950 33.400 48.200 3.000 58.230 47.690 37.640 58.690 48.720 36.570 6.850 6.050 5.530 5.670 5.160 5.150 0.000
54.213890 54.214580 1004.700 1006.500 310.550 311.050 33.500 47.800 3.000 56.040 45.590 36.450 57.820 46.880 34.840 6.080 5.990 5.880 5.530 4.870 4.710 0.000
54.214580 54.215274 1004.700 1006.500 310.550 310.950 33.500 47.800 3.000 59.420 49.730 40.400 59.430 48.890 38.540 6.920 5.910 6.010 5.740 5.160 4.600 0.000
54.215280 54.215970 1004.700 1006.500 310.550 310.950 33.500 48.400 3.000 61.310 50.250 39.640 61.270 50.980 38.500 6.860 6.260 5.980 5.980 5.160 4.750 0.000
54.215970 54.216664 1004.700 1006.500 310.550 310.950 33.500 48.700 3.000 59.210 48.880 39.640 60.120 48.280 38.150 6.890 6.240 6.330 6.090 5.230 4.830 0.000
54.220830 54.221524 1004.400 1005.800 310.550 310.850 33.500 51.400 3.000 52.800 41.230 31.080 53.130 41.250 28.910 5.900 5.100 4.900 4.940 4.170 3.590 0.000
54.221530 54.222220 1004.400 1005.800 310.550 310.850 33.500 51.700 3.000 52.970 42.680 32.370 54.810 44.590 31.210 5.740 5.230 5.460 5.070 4.020 3.740 0.000
54.222220 54.222914 1004.400 1005.800 310.550 310.850 33.500 51.900 3.000 54.370 42.910 32.930 55.820 43.800 33.110 5.820 5.210 4.920 5.040 4.400 3.650 0.000
54.222920 54.223610 1004.400 1005.800 310.550 310.850 33.500 52.000 3.000 52.390 42.540 32.640 54.020 43.900 32.160 5.900 5.170 4.890 5.210 4.200 4.710 0.000
54.223610 54.224304 1004.400 1005.800 310.650 310.850 33.500 54.200 3.000 54.630 43.470 33.870 57.510 45.930 34.640 6.120 5.260 5.060 5.210 4.740 4.470 0.000
54.224310 54.225004 1004.400 1005.800 310.550 310.850 33.600 55.300 3.000 52.530 42.330 32.420 57.350 45.870 33.720 5.670 5.310 4.910 5.150 4.880 4.530 0.000
54.229170 54.229860 1004.400 1005.800 310.650 310.950 33.500 61.800 3.000 55.020 45.030 34.220 59.200 47.790 34.640 6.260 5.600 5.210 5.390 4.740 3.500 0.000
54.229860 54.230554 1004.400 1005.800 310.650 310.950 33.600 62.600 3.000 56.520 46.240 35.980 62.890 50.770 38.320 6.240 5.920 5.530 5.410 4.840 4.850 0.000
54.230560 54.231250 1004.400 1005.800 310.650 311.050 33.600 63.000 3.000 57.550 46.750 36.080 64.200 52.350 39.540 6.340 5.970 4.970 5.940 5.210 4.770 0.000
54.231250 54.231940 1004.400 1005.800 310.550 311.050 33.600 63.600 3.000 52.850 42.700 32.180 59.550 48.690 34.670 6.050 5.140 4.670 5.510 4.830 4.520 0.000
54.231940 54.232634 1004.400 1005.800 310.650 311.050 33.600 66.200 3.000 53.030 41.800 31.840 61.030 49.490 37.320 5.760 5.140 4.860 5.340 4.660 4.190 0.000
54.232640 54.233334 1004.400 1005.800 310.650 311.150 33.600 67.700 3.000 52.430 42.120 31.760 62.490 50.540 36.650 5.970 5.580 4.840 5.380 4.930 3.910 0.000
54.237500 54.238190 1004.300 1006.100 310.650 311.250 33.600 74.800 3.000 50.470 40.070 29.520 62.750 51.260 38.510 5.410 4.750 4.490 4.890 4.290 4.700 0.000
54.238190 54.238884 1004.300 1006.100 310.550 311.350 33.600 75.500 3.000 51.600 41.540 30.780 66.720 55.080 40.810 5.730 5.160 4.890 5.320 5.270 4.120 0.000
54.238890 54.239580 1004.300 1006.100 310.550 311.350 33.600 76.000 3.000 54.180 44.030 33.240 69.810 57.690 44.480 5.930 5.320 5.170 5.580 5.350 5.100 0.000
54.239580 54.240274 1004.300 1006.100 310.650 311.350 33.700 76.900 3.000 57.540 47.010 37.280 78.600 66.370 53.230 6.460 5.740 5.560 6.280 5.890 6.050 0.000
54.240280 54.240970 1004.300 1006.100 310.550 311.450 33.700 78.700 3.000 56.490 45.330 34.270 76.790 64.340 48.590 6.010 5.580 5.150 5.990 5.350 5.250 0.000
54.240970 54.241664 1004.300 1006.100 310.550 311.450 33.700 80.000 3.000 58.260 46.850 35.450 78.180 66.130 49.470 6.900 5.710 5.390 6.090 5.450 5.640 0.000
54.345830 54.346524 1002.000 1003.700 311.950 312.350 34.600 51.000 3.000 41.920 33.930 26.480 41.790 34.330 25.240 4.670 4.470 4.270 4.010 2.930 2.990 0.000
54.346530 54.347220 1002.000 1003.700 311.850 312.350 34.700 51.100 3.000 39.100 31.930 24.870 42.770 33.660 25.140 4.430 4.080 3.840 3.560 3.290 3.160 0.000
54.347220 54.347914 1002.000 1003.700 311.950 312.350 34.700 51.100 3.000 39.370 31.820 24.980 41.700 33.870 25.630 4.350 3.780 3.830 4.040 3.310 3.410 0.000
54.347920 54.348610 1002.000 1003.700 311.950 312.350 34.700 51.400 3.000 38.190 31.610 23.920 41.780 33.070 24.620 4.370 3.990 3.660 3.530 3.140 3.560 0.000
54.348610 54.349304 1002.000 1003.700 311.950 312.350 34.700 53.500 3.000 38.530 31.320 24.460 41.460 33.500 24.220 4.440 3.970 3.830 3.640 3.120 3.270 0.000
54.349310 54.350004 1002.000 1003.700 311.950 312.350 34.700 54.700 3.000 36.700 30.250 23.710 40.120 32.730 23.840 4.360 3.670 3.680 3.670 2.860 2.730 0.000
54.354170 54.354860 1002.000 1003.700 311.950 312.450 34.700 61.300 3.000 35.860 29.600 22.580 39.720 31.120 23.520 3.940 3.670 3.190 3.160 2.900 2.960 0.000
54.354860 54.355554 1002.000 1003.700 311.950 312.450 34.700 62.200 3.000 39.260 32.300 25.440 44.450 36.180 27.280 4.610 3.910 3.970 3.910 3.390 2.510 0.000
54.355560 54.356250 1002.000 1003.700 311.950 312.450 34.700 62.400 3.000 38.120 31.120 24.440 42.510 34.860 27.360 4.480 3.990 3.810 3.480 3.170 3.170 0.000
54.356250 54.356940 1002.000 1003.700 311.950 312.450 34.700 63.200 3.000 38.830 32.560 26.770 44.540 37.190 29.520 4.840 3.970 4.190 4.150 3.540 4.070 0.000
54.356940 54.357634 1002.000 1003.700 311.950 312.450 34.700 65.800 3.000 38.060 31.760 25.390 44.870 37.940 29.250 4.100 4.010 3.990 4.040 3.420 2.920 0.000
54.357640 54.358334 1002.000 1003.700 311.950 312.450 34.700 67.300 3.000 36.610 29.450 22.310 44.070 35.030 25.890 3.880 3.580 2.960 3.500 3.260 2.530 0.000
54.362500 54.363190 1002.000 1003.700 311.950 312.650 34.700 73.900 3.000 40.710 32.810 25.890 52.000 42.330 32.760 4.420 4.200 3.810 4.160 3.720 3.770 0.000
54.363190 54.363884 1002.000 1003.700 311.950 312.650 34.700 74.700 3.000 41.400 34.020 26.710 54.850 45.820 35.720 4.680 4.010 4.230 4.450 4.140 4.470 0.000
54.363890 54.364580 1002.000 1003.700 311.950 312.650 34.700 75.100 3.000 44.290 36.380 28.950 59.560 50.620 40.320 5.340 4.700 4.560 4.630 4.440 4.670 0.000
54.364580 54.365274 1002.000 1003.700 311.950 312.650 34.700 75.800 3.000 44.420 35.950 28.020 59.420 50.690 39.870 5.180 4.470 4.380 4.680 4.330 4.600 0.000
54.365280 54.365970 1002.000 1003.700 311.950 312.650 34.700 77.700 3.000 43.880 35.980 28.180 60.240 51.490 40.660 5.280 4.540 3.980 4.890 4.490 4.320 0.000
54.365970 54.366664 1002.000 1003.700 311.950 312.750 34.700 79.000 3.000 42.780 34.690 27.260 59.770 51.040 39.620 4.680 4.190 4.370 5.060 4.390 4.770 0.000
54.370830 54.371524 1002.000 1003.700 311.950 312.850 34.700 85.400 3.000 40.840 32.480 24.370 58.840 47.810 36.310 4.040 4.160 3.880 4.110 3.810 3.610 0.000
54.371530 54.372220 1002.000 1003.700 311.950 312.950 34.700 86.200 3.000 43.390 34.910 27.460 64.770 53.730 42.540 4.780 4.430 4.090 4.780 4.490 4.750 0.000
54.372220 54.372914 1002.000 1003.700 311.950 312.950 34.700 86.700 3.000 47.090 40.090 32.470 73.700 63.720 53.220 5.620 5.250 4.890 5.810 5.020 6.440 0.000
54.372940 54.373634 1002.000 1003.700 312.250 312.650 34.600 82.200 3.000 46.990 39.000 31.910 67.490 63.520 50.750 4.920 4.300 5.890 5.640 4.970 6.470 0.000
54.379170 54.379860 1006.800 1006.000 312.050 312.450 34.600 47.200 3.000 47.490 38.700 29.510 47.150 36.990 28.340 5.230 4.780 4.170 4.280 3.780 4.050 0.000
54.379860 54.380554 1006.800 1006.000 312.050 312.450 34.600 47.200 3.000 47.670 38.600 29.620 48.310 39.150 28.590 4.970 4.710 4.320 4.410 3.780 3.710 0.000
54.380560 54.381250 1006.800 1006.000 311.950 312.450 34.600 46.400 3.000 45.410 36.640 28.790 47.150 37.730 28.460 5.040 4.420 4.100 4.520 3.770 3.350 0.000
54.381250 54.381940 1006.800 1006.000 311.950 312.350 34.600 46.200 3.000 46.120 38.390 29.750 47.320 39.080 29.110 5.790 4.830 4.670 4.260 3.740 3.970 0.000
54.381940 54.382634 1006.800 1006.000 311.950 312.350 34.600 47.200 3.000 44.040 35.810 28.400 45.540 37.830 27.780 5.080 4.360 4.190 4.480 4.030 3.380 0.000
54.382640 54.383334 1006.800 1006.000 311.950 312.350 34.600 47.800 3.000 46.460 37.660 30.070 46.300 38.090 29.280 5.430 4.800 4.540 4.430 4.120 3.920 0.000
54.387500 54.388190 1006.800 1006.000 311.850 312.250 34.600 51.100 3.000 43.850 36.440 29.300 43.950 35.460 25.820 4.680 4.730 4.580 4.110 3.740 2.670 0.000
54.388190 54.388884 1006.800 1006.000 311.850 312.250 34.600 51.600 3.000 50.360 41.020 33.660 50.380 41.770 32.420 5.260 5.180 4.910 4.800 4.260 4.670 0.000
54.388890 54.389580 1006.800 1006.000 311.850 312.150 34.600 51.400 3.000 48.480 40.360 32.520 51.810 41.970 32.470 5.340 5.180 5.500 4.840 4.480 4.340 0.000
54.389580 54.390274 1006.800 1006.000 311.850 312.150 34.600 51.700 3.000 47.050 38.110 29.410 49.740 40.750 30.350 4.840 4.800 4.340 4.570 3.860 4.040 0.000
54.390280 54.390970 1006.800 1006.000 311.850 312.150 34.600 53.800 3.000 50.210 40.320 32.080 53.260 42.340 30.990 5.540 4.900 4.820 4.810 4.350 3.580 0.000
54.390970 54.391664 1008.700 1010.400 311.850 312.150 34.600 55.100 3.000 51.730 42.120 33.510 55.070 45.320 34.020 5.850 5.410 4.690 5.180 4.350 4.990 0.000
54.395830 54.396524 1008.700 1010.400 311.850 312.250 34.600 61.700 3.000 52.280 42.210 32.530 56.440 45.520 33.150 5.560 5.230 4.690 4.700 4.280 3.600 0.000
54.396530 54.397220 1008.700 1010.400 311.850 312.250 34.600 62.400 3.000 52.480 43.040 34.440 59.640 48.890 36.560 5.770 5.320 5.060 5.140 4.770 4.040 0.000
54.397220 54.397914 1008.700 1010.400 311.850 312.250 34.600 62.700 3.000 54.980 44.820 36.100 61.130 51.370 39.470 6.260 5.690 5.580 5.530 5.070 4.940 0.000
54.397920 54.398610 1008.700 1010.400 311.850 312.250 34.600 63.500 3.000 50.950 41.380 31.830 59.810 47.620 36.470 5.350 4.980 4.880 5.300 4.500 3.810 0.000
54.398610 54.399304 1008.700 1010.400 311.850 312.250 34.600 66.000 3.000 50.240 40.890 31.730 59.240 48.490 36.120 5.290 4.890 4.520 5.670 4.720 4.450 0.000
54.399310 54.400004 1008.700 1010.400 311.850 312.250 34.600 67.600 3.000 50.360 41.170 32.330 61.250 50.570 39.580 5.530 4.970 5.070 5.040 4.980 5.020 0.000
54.404170 54.404860 1008.700 1010.400 311.850 312.350 34.600 74.300 3.000 46.890 37.100 28.870 59.250 48.840 37.620 4.770 4.500 4.370 4.790 4.280 4.760 0.000
54.404860 54.405554 1008.700 1010.400 311.850 312.450 34.600 75.100 3.000 47.610 38.400 30.210 62.710 53.110 40.780 4.900 4.750 4.250 4.830 4.860 5.070 0.000
54.405560 54.406254 1008.700 1010.400 311.850 312.450 34.600 75.500 3.000 48.300 39.320 31.150 64.450 54.400 44.180 5.040 4.980 4.790 5.060 4.830 5.450 0.000
54.406260 54.406940 1008.500 1010.200 311.850 312.450 34.600 76.200 3.000 49.980 41.590 33.450 69.660 59.250 48.680 5.220 5.290 4.810 5.930 5.340 5.020 0.000
54.406940 54.407634 1008.500 1010.200 311.850 312.450 34.600 78.100 3.000 46.880 37.380 28.820 63.600 53.120 41.270 4.900 4.530 3.800 4.850 4.630 4.600 0.000
54.407640 54.408334 1008.500 1010.200 311.850 312.550 34.600 78.500 3.000 48.130 39.670 31.900 67.590 57.290 45.820 5.530 4.930 4.660 5.060 4.840 6.060 0.000
