KCO/MV0001R.19990101000000.20181218000000.nephelometer.aerosol_light_scattering_coefficient.pm1.1y.1mn.TSI_3563_KCO_ref_TSI_3563_KCO_wet..lev0.nas
87 1001 
Andrews, Elisabeth; Jefferson, Anne; Burgos, Maria A.  
US06L, National Oceanic and Atmospheric Administration , NOAA/ESRL/GMD,  "Earth System Research Laboratory, Global Monitoring Division", 325 Broadway, , CO 80305-3, Boulder, U.S.A. 
Burgos, Maria A. 
NOAA-ESRL 
1 1 
1999 01 01 2018 12 18 
0.000000 
Days from the file reference point (start_time) 
21 
1 1 1 1 1 1 1 1 1 1 1 1 1 1 1 1 1 1 1 1 1  
9999.999999 9999.999 9999.999 9999.999 9999.999 9999.999 9999.999 9.999 9999.999 9999.999 9999.999 9999.999 9999.999 9999.999 9999.999 9999.999 9999.999 9999.999 9999.999 9999.999 9.999 
end_time of measurement, days from the file reference point 
pressure, hPa, Location=reference nephelometer internal 
pressure, hPa, Location=humidified nephleometer internal 
temperature, K, Location=reference nephelometer internal 
temperature, K, Location=humidified nephleometer internal 
relative_humidity, %, Location=reference nephelometer internal 
relative_humidity, %, Location=humidified nephleometer internal 
number of wavelengths 
aerosol_light_scattering_coefficient, 1/Mm, Wavelength=450nm, Location=reference nephelometer 
aerosol_light_scattering_coefficient, 1/Mm, Wavelength=450nm, Location=humidified nephleometer, Matrix=pm1_humidified 
aerosol_light_scattering_coefficient, 1/Mm, Wavelength=550nm, Location=reference nephelometer 
aerosol_light_scattering_coefficient, 1/Mm, Wavelength=550nm, Location=humidified nephleometer, Matrix=pm1_humidified 
aerosol_light_scattering_coefficient, 1/Mm, Wavelength=700nm, Location=reference nephelometer 
aerosol_light_scattering_coefficient, 1/Mm, Wavelength=700nm, Location=humidified nephleometer, Matrix=pm1_humidified 
aerosol_light_backscattering_coefficient, 1/Mm, Wavelength=450nm, Location=reference nephelometer 
aerosol_light_backscattering_coefficient, 1/Mm, Wavelength=450nm, Location=humidified nephleometer, Matrix=pm1_humidified 
aerosol_light_backscattering_coefficient, 1/Mm, Wavelength=550nm, Location=reference nephelometer 
aerosol_light_backscattering_coefficient, 1/Mm, Wavelength=550nm, Location=humidified nephleometer, Matrix=pm1_humidified 
aerosol_light_backscattering_coefficient, 1/Mm, Wavelength=700nm, Location=reference nephelometer 
aerosol_light_backscattering_coefficient, 1/Mm, Wavelength=700nm, Location=humidified nephleometer, Matrix=pm1_humidified 
numflag, no unit 
0 
52
Data definition:              EBAS_1.1 
Set type code:                TI 
Station code:                 MV0001R 
Platform code:                MV0001S 
Timezone:                     UTC 
Startdate:                    19990205132700 
Revision date:                20181218000000 
Component:                    aerosol_light_scattering_coefficient 
Unit:                         1/Mm 
Matrix:                       pm1 
Period code:                  1y 
Resolution code:              1mn 
Sample duration:              1mn 
Laboratory code:              US06L 
Instrument type:              nephelometer 
Instrument manufacturer:      TSI 
Instrument model:             3563 
Instrument name:              TSI_3563_KCO_ref+TSI_3563_KCO_wet 
Method ref:                   US06L_hygro_tandem_neph_CorrData 
Orig. time res.:              1mn 
[...]
Originator:                   Burgos, Maria A., paul.zieger@aces.su.se, Department of Environmental Science and Analytical Chemistry, ACES,,Frescativägen 54,, SE10691, Stockholm, Sweden 
Submitter:                    Burgos, Maria A., paul.zieger@aces.su.se, Department of Environmental Science and Analytical Chemistry, ACES,,Frescativägen 54,, SE10691, Stockholm, Sweden 
Data level:                   0 
Version:                      1 
Version description:          raw values, RH sensor correction 
Inlet type:                   Hat or hood 
Inlet description:            Heated, stainless steel, see full description in Delene and Ogren, J. Atmos. Sci, 2002. 
Humidity/temperature control: Humidification 
Humidity/temperature control description: humidogram 
Volume std. temperature:      instrument internal 
Volume std. pressure:         instrument internal 
Detection limit:              0.5 1/Mm 
Detection limit expl.:        Determined by instrument counting statistics, no detection limit flag used 
Measurement uncertainty expl.: Uncertainty analysis described in Burgos et al., 2019 
Zero/negative values code:    zero/negative possible 
Zero/negative values:         zero and neg. values may appear due to statistical variations at very low concentrations  
Standard method:              cal-gas=CO2+AIR_truncation-correction=none 
Acknowledgement:              Request acknowledgement details from data originator 
start_time end_time p_ref_int p_wet_int T_ref_int T_wet_int RH_ref_int RH_wet_int nWav sc450_ref sc550_ref sc700_ref sc450_wet sc550_wet sc700_wet bsc450_ref bsc550_ref bsc700_ref bsc450_wet bsc550_wet bsc700_wet numflag 
[from data line 18646]
66.893760 66.894440 1003.000 1004.900 307.750 307.850 30.600 57.800 3.000 79.610 57.870 37.240 77.870 56.240 34.080 7.690 6.690 5.660 6.070 5.180 4.480 0.000
66.894440 66.895134 1003.000 1004.900 307.750 307.850 30.600 60.200 3.000 80.050 58.060 36.780 77.740 57.490 35.320 7.610 6.530 6.000 6.120 5.110 4.770 0.000
66.895140 66.895834 1003.000 1004.900 307.750 307.950 30.600 61.600 3.000 79.490 57.450 37.190 79.190 56.730 35.130 7.860 6.600 6.200 6.330 5.130 4.620 0.000
66.900000 66.900690 1003.000 1004.900 307.750 307.950 30.700 69.100 3.000 82.510 59.390 38.680 89.420 66.310 41.350 8.000 7.060 6.120 6.950 5.430 5.030 0.000
66.900690 66.901384 1003.000 1004.900 307.750 307.950 30.600 70.100 3.000 79.340 56.990 36.640 86.500 62.490 38.850 7.970 6.410 5.780 6.700 5.290 5.290 0.000
66.901390 66.902080 1003.000 1004.900 307.850 307.950 30.600 70.600 3.000 80.080 57.610 37.220 86.900 63.130 39.130 7.600 6.820 5.910 7.080 5.520 4.580 0.000
66.902080 66.902774 1003.000 1004.900 307.750 308.050 30.600 71.700 3.000 80.950 57.870 37.330 89.780 66.790 40.600 7.790 6.700 6.450 6.730 5.870 4.900 0.000
66.902780 66.903470 1003.000 1004.900 307.750 308.050 30.600 73.800 3.000 81.270 58.270 37.700 94.890 68.470 43.430 7.810 6.590 5.780 7.090 5.620 5.450 0.000
66.903470 66.904164 1003.000 1004.900 307.750 308.050 30.600 75.100 3.000 80.340 58.100 37.780 96.330 71.690 45.510 7.420 6.640 5.830 6.780 5.510 5.660 0.000
66.908330 66.909024 1002.800 1004.700 307.650 308.250 30.700 81.900 3.000 81.950 60.430 39.020 119.460 88.860 56.650 8.240 6.780 5.950 8.090 6.710 6.150 0.000
66.909030 66.909724 1002.800 1004.700 307.750 308.250 30.600 82.700 3.000 80.840 58.130 37.100 115.370 85.440 54.240 7.740 6.610 6.030 7.750 6.170 6.040 0.000
66.925000 66.925690 1003.000 1004.600 307.750 307.950 30.600 53.700 3.000 83.810 60.640 39.230 79.350 58.750 37.260 8.040 6.940 6.210 7.100 5.710 4.910 0.000
66.925690 66.926384 1003.000 1004.600 307.750 307.950 30.600 53.800 3.000 80.740 59.350 37.750 75.720 55.260 33.140 8.530 6.590 6.280 6.440 5.280 4.460 0.000
66.926390 66.927084 1003.000 1004.600 307.750 307.850 30.600 53.500 3.000 81.210 58.930 37.680 76.230 55.530 33.650 7.770 6.700 5.800 6.240 5.110 4.690 0.000
66.927090 66.927780 1003.000 1004.600 307.250 307.850 30.500 53.200 3.000 81.830 58.780 37.560 76.220 55.090 33.650 8.000 6.640 5.630 6.370 5.340 4.340 0.000
66.927780 66.928470 1003.000 1004.600 307.350 307.850 30.500 53.500 3.000 80.460 59.200 37.880 75.550 55.700 33.570 7.710 6.680 6.010 6.360 5.020 5.010 0.000
66.928470 66.929164 1003.000 1004.600 307.450 307.850 30.500 53.900 3.000 82.040 59.700 38.120 76.770 55.710 35.370 7.780 6.560 6.200 6.350 5.350 4.840 0.000
66.933330 66.934024 1003.000 1004.600 306.950 307.750 30.600 57.100 3.000 83.860 60.810 39.580 82.950 60.270 37.360 8.200 6.750 6.280 6.780 5.860 5.040 0.000
66.934030 66.934720 1003.000 1004.600 306.850 307.750 30.600 57.700 3.000 81.940 59.520 37.930 79.180 57.840 35.150 7.440 6.750 5.910 6.080 5.120 4.480 0.000
66.934720 66.935414 1003.000 1004.600 306.850 307.750 30.500 57.500 3.000 81.060 59.720 37.790 79.160 57.150 34.600 7.980 6.840 5.640 6.450 5.370 4.890 0.000
66.935420 66.936110 1003.000 1004.600 307.350 307.750 30.500 57.900 3.000 82.160 59.150 38.070 79.420 57.760 35.040 7.810 6.810 6.210 6.910 5.500 4.550 0.000
66.936110 66.936804 1003.000 1004.600 306.950 307.750 30.500 60.100 3.000 82.650 60.270 37.930 80.880 58.970 36.350 7.880 6.800 5.740 6.530 5.480 4.350 0.000
66.936810 66.937504 1003.000 1004.600 307.250 307.750 30.500 61.600 3.000 81.980 58.950 38.100 82.180 59.800 36.640 7.640 6.600 5.780 6.790 5.240 4.890 0.000
66.941670 66.942360 995.300 997.100 307.450 307.850 30.600 69.000 3.000 83.510 61.230 39.880 91.830 68.070 43.110 8.090 6.900 6.250 7.120 6.080 5.320 0.000
66.942360 66.943054 995.300 997.100 307.550 307.850 30.500 69.900 3.000 82.360 58.850 38.230 88.040 65.030 39.310 8.090 6.590 5.770 6.820 5.530 4.910 0.000
66.943060 66.943750 995.300 997.100 307.550 307.850 30.500 70.500 3.000 82.630 58.810 37.970 88.240 65.200 39.710 7.940 6.890 5.880 6.770 5.640 5.320 0.000
66.943750 66.944440 995.300 997.100 307.550 307.850 30.500 71.400 3.000 82.210 60.160 38.660 90.650 66.310 41.140 7.890 6.720 6.110 6.580 5.800 4.980 0.000
66.944440 66.945134 995.300 997.100 307.650 307.850 30.500 73.500 3.000 82.110 59.840 38.480 95.000 69.670 43.490 8.040 6.620 5.780 6.840 6.080 5.480 0.000
66.945140 66.945834 995.300 997.100 307.550 307.850 30.500 74.900 3.000 81.890 59.170 37.600 97.850 72.460 45.520 7.600 6.670 5.860 7.200 5.920 5.480 0.000
66.950000 66.950690 995.300 997.100 307.450 308.050 30.600 82.000 3.000 83.990 61.160 40.310 120.650 90.970 57.460 8.080 6.710 6.310 8.110 6.500 6.590 0.000
66.950690 66.951384 995.300 997.100 307.550 308.050 30.500 82.900 3.000 82.720 59.280 38.250 116.850 87.130 54.780 8.120 6.430 5.760 7.730 6.250 6.550 0.000
66.951390 66.952080 995.300 997.100 307.550 308.150 30.500 83.200 3.000 82.520 60.290 38.460 118.270 88.190 55.700 7.540 6.720 5.860 7.750 6.390 5.760 0.000
66.952080 66.952774 995.300 997.100 307.550 308.150 30.500 84.200 3.000 83.250 60.270 38.380 120.620 90.770 56.000 7.880 6.760 6.060 7.930 6.590 5.630 0.000
66.952780 66.953470 995.300 997.100 307.550 308.150 30.500 86.200 3.000 82.560 59.830 38.780 124.730 93.780 58.870 7.910 6.720 6.080 8.280 6.990 6.450 0.000
66.953470 66.954164 995.600 997.400 307.550 308.150 30.500 87.400 3.000 82.040 59.550 38.520 127.580 94.550 61.030 8.080 6.520 5.760 7.810 6.920 6.140 0.000
66.959720 66.960414 995.600 997.400 307.650 307.450 30.500 75.400 3.000 78.520 64.950 33.060 9999.999 9999.999 9999.999 6.000 6.210 5.790 9999.999 9999.999 9999.999 0.000
66.960430 66.961110 995.600 997.400 307.550 307.750 30.400 60.200 3.000 81.430 58.750 38.100 75.200 55.060 34.420 7.380 6.710 5.880 6.420 5.000 4.290 0.000
66.961110 66.961804 995.600 997.400 307.550 307.850 30.400 57.600 3.000 82.030 59.550 38.330 77.280 55.850 34.130 7.720 6.880 6.090 6.310 5.230 4.260 0.000
66.961810 66.962504 995.600 997.400 307.550 307.850 30.400 56.200 3.000 82.850 60.130 38.900 77.410 56.180 34.090 7.800 6.540 5.560 6.340 4.830 4.340 0.000
66.966670 66.967360 995.600 997.400 307.550 307.750 30.500 54.200 3.000 97.120 70.280 46.450 91.790 67.360 42.430 9.220 7.840 6.830 7.930 6.480 5.630 0.000
66.967360 66.968054 995.600 997.400 307.550 307.750 30.500 54.100 3.000 95.080 68.320 43.740 88.760 63.950 39.380 8.840 7.620 6.870 7.390 5.890 5.450 0.000
66.968060 66.968754 995.600 997.400 307.550 307.750 30.500 53.700 3.000 93.810 68.150 43.690 88.240 63.360 39.040 8.660 7.670 6.610 7.430 6.110 5.230 0.000
66.968760 66.969440 995.400 997.200 307.550 307.750 30.400 53.500 3.000 94.080 68.700 44.390 88.860 64.920 39.810 8.480 7.560 6.740 7.390 5.870 5.190 0.000
66.969440 66.970134 995.400 997.200 307.550 307.750 30.400 53.900 3.000 95.240 68.950 44.790 89.240 64.820 38.930 8.840 7.790 6.800 7.790 6.100 5.150 0.000
66.970140 66.970834 995.400 997.200 307.550 307.650 30.400 54.000 3.000 95.570 69.590 43.930 89.160 64.260 39.920 8.900 7.640 6.590 7.710 6.060 5.320 0.000
66.975000 66.975690 995.400 997.200 307.550 307.650 30.500 57.500 3.000 97.190 70.580 45.860 96.920 70.820 45.380 8.710 7.730 6.610 7.730 6.630 6.200 0.000
66.975690 66.976384 995.400 997.200 307.550 307.650 30.400 57.800 3.000 95.330 68.730 44.230 91.930 66.660 41.340 8.860 7.580 6.830 7.470 6.230 5.300 0.000
66.976390 66.977084 995.400 997.200 307.450 307.550 30.400 57.700 3.000 93.410 68.390 44.310 92.190 66.470 40.610 8.790 7.560 6.440 7.680 6.240 5.170 0.000
66.977090 66.977780 995.400 997.200 307.550 307.550 30.400 57.900 3.000 94.550 69.400 43.750 92.500 66.720 40.940 9.460 7.710 6.530 7.650 5.920 5.650 0.000
66.977780 66.978470 995.400 997.200 307.550 307.650 30.400 60.300 3.000 94.990 69.420 43.680 92.220 67.510 41.050 8.630 7.640 6.750 7.740 6.070 5.340 0.000
66.978470 66.979164 995.400 997.200 307.550 307.550 30.400 61.800 3.000 95.660 68.560 44.100 93.250 67.990 41.740 9.050 7.530 6.550 7.710 6.220 5.350 0.000
66.983330 66.984024 995.400 997.200 307.550 307.650 30.500 69.200 3.000 96.820 70.400 45.830 104.490 76.870 47.980 9.310 7.980 6.850 8.290 7.340 5.990 0.000
66.984030 66.984720 995.400 997.200 307.550 307.650 30.400 69.900 3.000 94.590 68.410 43.910 100.940 74.520 46.170 8.850 7.350 6.560 7.820 6.890 5.140 0.000
66.984720 66.985414 995.600 997.200 307.450 307.650 30.400 70.500 3.000 94.580 68.350 43.620 100.520 74.680 45.880 9.160 7.650 6.680 7.940 6.430 5.250 0.000
66.985430 66.986110 995.600 997.200 307.350 307.650 30.400 71.300 3.000 93.940 68.490 43.310 103.960 76.590 47.590 9.070 7.620 6.310 8.160 6.970 5.770 0.000
66.986110 66.986804 995.600 997.200 307.550 307.750 30.400 73.400 3.000 93.860 68.910 44.310 108.040 79.500 49.610 8.970 7.850 6.680 8.220 6.810 6.520 0.000
66.986810 66.987504 995.600 997.200 307.550 307.750 30.400 74.700 3.000 94.060 68.690 43.820 111.670 82.600 52.060 9.130 7.530 6.610 8.250 6.820 6.110 0.000
66.991670 66.992360 995.600 997.200 307.550 307.950 30.400 82.100 3.000 96.490 70.640 45.920 139.750 104.210 68.470 8.720 7.960 6.730 9.300 7.610 7.160 0.000
66.992360 66.993054 995.600 997.200 307.750 307.950 30.400 82.700 3.000 95.410 68.580 44.720 134.520 100.220 63.900 9.040 7.530 6.540 9.220 7.180 6.390 0.000
66.993060 66.993754 995.600 997.200 307.550 307.950 30.400 83.400 3.000 94.330 68.810 44.080 136.120 101.210 64.750 9.090 7.890 6.970 9.200 7.690 6.830 0.000
66.993760 66.994440 995.600 997.200 307.950 307.950 30.400 84.200 3.000 93.800 68.710 44.540 137.060 102.990 64.620 8.840 7.690 6.460 9.230 7.580 6.120 0.000
66.994440 66.995134 995.600 997.200 307.250 308.050 30.400 86.100 3.000 93.770 68.700 43.810 141.100 105.740 67.880 9.080 7.540 6.700 9.410 7.670 6.930 0.000
66.995140 66.995834 995.600 997.200 306.850 308.050 30.400 87.300 3.000 94.200 68.920 44.130 144.800 109.220 68.740 8.630 7.720 6.530 9.330 7.740 7.270 0.000
67.002090 67.002780 1000.700 1000.000 307.550 307.550 30.300 59.000 3.000 91.890 67.170 42.620 85.910 62.670 38.460 8.770 7.470 5.960 6.660 6.120 5.370 0.000
67.002780 67.003470 1000.700 1000.000 307.550 307.650 30.300 56.500 3.000 91.840 66.280 42.580 86.090 61.640 39.250 8.800 7.440 6.440 7.540 6.120 5.580 0.000
67.003470 67.004164 1000.700 1000.000 307.550 307.650 30.300 54.900 3.000 91.590 65.950 43.130 85.960 62.670 39.120 8.530 7.640 6.530 6.900 5.800 4.850 0.000
67.008330 67.009024 1000.700 1000.000 307.450 307.650 30.400 52.800 3.000 95.140 69.710 44.970 92.310 67.890 42.340 9.120 7.360 6.720 7.990 6.310 5.870 0.000
67.009030 67.009720 1000.700 1000.000 307.450 307.650 30.300 52.900 3.000 93.950 68.100 44.110 88.820 64.350 40.210 8.530 7.690 6.710 7.250 6.320 5.320 0.000
67.009720 67.010414 1000.700 1000.000 307.250 307.550 30.300 52.700 3.000 94.150 69.350 44.220 88.670 64.800 39.890 9.530 7.560 6.700 7.850 6.480 5.710 0.000
67.010430 67.011110 1000.700 1000.000 307.550 307.550 30.300 52.600 3.000 94.370 69.440 44.170 89.440 64.140 40.360 8.880 7.300 6.870 7.660 6.290 5.940 0.000
67.011110 67.011804 1000.700 1000.000 307.450 307.550 30.300 53.200 3.000 95.060 68.910 43.920 90.130 64.360 40.410 9.220 7.650 6.530 7.720 6.320 6.180 0.000
67.011810 67.012504 1000.700 1000.000 307.650 307.550 30.300 53.500 3.000 95.520 69.870 44.280 90.580 65.420 40.750 8.810 7.760 6.720 7.120 6.500 6.090 0.000
67.016670 67.017360 1003.300 1004.900 307.050 307.450 30.400 56.700 3.000 97.840 70.870 45.780 96.750 70.970 45.350 9.180 7.870 7.300 8.330 6.780 6.500 0.000
67.017360 67.018054 1003.300 1004.900 307.750 307.450 30.300 57.600 3.000 95.840 69.510 45.100 92.400 67.610 42.070 9.050 7.960 6.720 7.500 6.400 5.830 0.000
67.018060 67.018750 1003.300 1004.900 307.350 307.450 30.300 57.500 3.000 95.080 68.970 44.540 92.350 67.130 41.780 9.180 7.660 6.840 8.100 6.360 5.050 0.000
67.018750 67.019440 1003.300 1004.900 307.250 307.450 30.300 57.900 3.000 95.750 69.000 44.510 91.780 67.400 40.970 9.060 7.590 6.480 7.180 6.280 5.750 0.000
67.019440 67.020134 1003.300 1004.900 307.250 307.450 30.300 60.200 3.000 95.100 69.040 44.200 92.940 68.200 41.820 9.120 7.360 6.830 8.010 6.480 6.160 0.000
67.020140 67.020834 1003.300 1004.900 307.250 307.450 30.300 61.700 3.000 95.910 69.610 43.980 94.910 69.170 42.940 9.400 7.730 6.780 7.920 6.610 5.890 0.000
67.025000 67.025690 1003.300 1004.900 307.250 307.550 30.400 69.000 3.000 98.790 71.860 46.780 106.510 79.160 50.100 9.750 8.080 7.040 8.440 7.080 6.260 0.000
67.025690 67.026384 1003.300 1004.900 307.250 307.550 30.300 69.800 3.000 96.200 69.940 45.090 101.800 74.950 47.310 8.800 7.780 6.600 7.570 6.910 6.210 0.000
67.026390 67.027080 1003.300 1004.900 307.350 307.550 30.300 70.500 3.000 96.920 70.250 44.950 104.050 76.300 47.960 8.600 7.820 6.620 7.970 6.640 6.360 0.000
67.027080 67.027774 1003.300 1004.900 307.250 307.550 30.300 71.300 3.000 97.650 70.380 45.050 105.720 78.000 48.160 8.660 7.710 6.960 8.180 6.920 6.630 0.000
67.027780 67.028470 1003.300 1004.900 307.350 307.550 30.300 73.400 3.000 96.780 69.550 44.480 109.810 80.430 50.230 8.610 7.580 6.810 7.970 6.880 6.520 0.000
67.028470 67.029164 1003.300 1004.900 307.350 307.550 30.200 74.700 3.000 96.440 69.930 44.350 113.020 83.170 52.670 8.950 7.340 6.960 8.260 6.960 6.750 0.000
67.033330 67.034024 1003.500 1005.200 307.250 307.750 30.300 81.800 3.000 97.220 70.960 45.760 137.890 104.020 66.870 9.140 7.760 7.050 9.280 7.880 7.490 0.000
67.034030 67.034720 1003.500 1005.200 307.250 307.750 30.300 82.500 3.000 96.590 69.700 44.740 134.260 101.030 62.780 9.230 7.760 6.640 9.290 7.810 7.570 0.000
67.034720 67.035414 1003.500 1005.200 307.250 307.750 30.300 83.100 3.000 95.120 68.960 44.390 134.710 100.120 63.770 8.610 7.690 6.790 8.990 7.510 6.960 0.000
67.035420 67.036110 1003.500 1005.200 307.350 307.850 30.200 84.000 3.000 95.740 69.030 44.520 137.410 103.380 65.220 8.830 7.730 6.860 9.180 7.650 6.600 0.000
67.036110 67.036804 1003.500 1005.200 307.350 307.850 30.200 85.800 3.000 95.970 70.070 45.020 142.190 106.690 68.860 9.030 7.730 6.900 9.570 7.800 7.200 0.000
67.036810 67.037504 1003.500 1005.200 307.350 307.850 30.300 87.000 3.000 96.740 70.060 45.050 145.480 109.680 70.090 8.950 7.790 6.340 9.410 7.960 7.060 0.000
67.043760 67.044440 1003.500 1005.200 307.250 307.450 30.200 59.300 3.000 95.990 69.260 44.400 88.030 64.640 40.160 9.520 7.640 6.880 8.140 6.040 5.990 0.000
67.044440 67.045134 1003.500 1005.200 307.250 307.550 30.200 56.900 3.000 95.900 69.640 44.970 88.900 64.980 39.910 9.440 7.610 6.890 7.770 6.050 5.620 0.000
67.045140 67.045834 1003.500 1005.200 306.950 307.550 30.200 55.600 3.000 96.710 69.950 44.390 89.450 64.810 39.210 9.450 7.580 6.510 7.880 6.630 5.740 0.000
67.050000 67.050690 1004.000 1005.700 307.250 307.450 30.300 53.900 3.000 98.700 71.930 46.180 94.330 69.910 43.470 9.740 8.140 6.950 7.930 6.720 6.180 0.000
67.050690 67.051384 1004.000 1005.700 307.250 307.450 30.200 54.100 3.000 96.010 69.620 44.340 89.660 65.220 40.140 9.390 7.580 6.860 7.930 6.350 5.430 0.000
67.051390 67.052084 1004.000 1005.700 307.250 307.450 30.200 53.900 3.000 96.880 69.550 44.660 89.770 65.080 40.330 8.870 7.390 6.760 7.980 6.590 5.440 0.000
67.052090 67.052780 1004.000 1005.700 307.250 307.450 30.200 53.700 3.000 96.460 69.700 44.130 89.400 64.600 39.660 9.060 7.570 6.880 7.670 6.300 5.750 0.000
67.052780 67.053470 1004.000 1005.700 307.250 307.450 30.200 53.700 3.000 95.840 69.190 44.910 90.260 64.910 40.170 8.960 7.450 7.100 7.620 6.440 5.850 0.000
67.053470 67.054164 1004.000 1005.700 307.250 307.350 30.200 53.800 3.000 96.240 68.830 44.540 90.490 65.890 40.190 9.360 7.540 6.840 8.020 5.970 5.850 0.000
67.058330 67.059024 1004.000 1005.700 307.250 307.350 30.300 57.300 3.000 96.680 70.240 45.700 94.830 69.270 43.320 9.060 7.780 7.010 8.250 6.800 6.400 0.000
