KCO/MV0001R.19990101000000.20181218000000.nephelometer.aerosol_light_scattering_coefficient.pm1.1y.1mn.TSI_3563_KCO_ref_TSI_3563_KCO_wet..lev0.nas
87 1001 
Andrews, Elisabeth; Jefferson, Anne; Burgos, Maria A.  
US06L, National Oceanic and Atmospheric Administration , NOAA/ESRL/GMD,  "Earth System Research Laboratory, Global Monitoring Division", 325 Broadway, , CO 80305-3, Boulder, U.S.A. 
Burgos, Maria A. 
NOAA-ESRL 
1 1 
1999 01 01 2018 12 18 
0.000000 
Days from the file reference point (start_time) 
21 
1 1 1 1 1 1 1 1 1 1 1 1 1 1 1 1 1 1 1 1 1  
9999.999999 9999.999 9999.999 9999.999 9999.999 9999.999 9999.999 9.999 9999.999 9999.999 9999.999 9999.999 9999.999 9999.999 9999.999 9999.999 9999.999 9999.999 9999.999 9999.999 9.999 
end_time of measurement, days from the file reference point 
pressure, hPa, Location=reference nephelometer internal 
pressure, hPa, Location=humidified nephleometer internal 
temperature, K, Location=reference nephelometer internal 
temperature, K, Location=humidified nephleometer internal 
relative_humidity, %, Location=reference nephelometer internal 
relative_humidity, %, Location=humidified nephleometer internal 
number of wavelengths 
aerosol_light_scattering_coefficient, 1/Mm, Wavelength=450nm, Location=reference nephelometer 
aerosol_light_scattering_coefficient, 1/Mm, Wavelength=450nm, Location=humidified nephleometer, Matrix=pm1_humidified 
aerosol_light_scattering_coefficient, 1/Mm, Wavelength=550nm, Location=reference nephelometer 
aerosol_light_scattering_coefficient, 1/Mm, Wavelength=550nm, Location=humidified nephleometer, Matrix=pm1_humidified 
aerosol_light_scattering_coefficient, 1/Mm, Wavelength=700nm, Location=reference nephelometer 
aerosol_light_scattering_coefficient, 1/Mm, Wavelength=700nm, Location=humidified nephleometer, Matrix=pm1_humidified 
aerosol_light_backscattering_coefficient, 1/Mm, Wavelength=450nm, Location=reference nephelometer 
aerosol_light_backscattering_coefficient, 1/Mm, Wavelength=450nm, Location=humidified nephleometer, Matrix=pm1_humidified 
aerosol_light_backscattering_coefficient, 1/Mm, Wavelength=550nm, Location=reference nephelometer 
aerosol_light_backscattering_coefficient, 1/Mm, Wavelength=550nm, Location=humidified nephleometer, Matrix=pm1_humidified 
aerosol_light_backscattering_coefficient, 1/Mm, Wavelength=700nm, Location=reference nephelometer 
aerosol_light_backscattering_coefficient, 1/Mm, Wavelength=700nm, Location=humidified nephleometer, Matrix=pm1_humidified 
numflag, no unit 
0 
52
Data definition:              EBAS_1.1 
Set type code:                TI 
Station code:                 MV0001R 
Platform code:                MV0001S 
Timezone:                     UTC 
Startdate:                    19990205132700 
Revision date:                20181218000000 
Component:                    aerosol_light_scattering_coefficient 
Unit:                         1/Mm 
Matrix:                       pm1 
Period code:                  1y 
Resolution code:              1mn 
Sample duration:              1mn 
Laboratory code:              US06L 
Instrument type:              nephelometer 
Instrument manufacturer:      TSI 
Instrument model:             3563 
Instrument name:              TSI_3563_KCO_ref+TSI_3563_KCO_wet 
Method ref:                   US06L_hygro_tandem_neph_CorrData 
Orig. time res.:              1mn 
[...]
Originator:                   Burgos, Maria A., paul.zieger@aces.su.se, Department of Environmental Science and Analytical Chemistry, ACES,,Frescativägen 54,, SE10691, Stockholm, Sweden 
Submitter:                    Burgos, Maria A., paul.zieger@aces.su.se, Department of Environmental Science and Analytical Chemistry, ACES,,Frescativägen 54,, SE10691, Stockholm, Sweden 
Data level:                   0 
Version:                      1 
Version description:          raw values, RH sensor correction 
Inlet type:                   Hat or hood 
Inlet description:            Heated, stainless steel, see full description in Delene and Ogren, J. Atmos. Sci, 2002. 
Humidity/temperature control: Humidification 
Humidity/temperature control description: humidogram 
Volume std. temperature:      instrument internal 
Volume std. pressure:         instrument internal 
Detection limit:              0.5 1/Mm 
Detection limit expl.:        Determined by instrument counting statistics, no detection limit flag used 
Measurement uncertainty expl.: Uncertainty analysis described in Burgos et al., 2019 
Zero/negative values code:    zero/negative possible 
Zero/negative values:         zero and neg. values may appear due to statistical variations at very low concentrations  
Standard method:              cal-gas=CO2+AIR_truncation-correction=none 
Acknowledgement:              Request acknowledgement details from data originator 
start_time end_time p_ref_int p_wet_int T_ref_int T_wet_int RH_ref_int RH_wet_int nWav sc450_ref sc550_ref sc700_ref sc450_wet sc550_wet sc700_wet bsc450_ref bsc550_ref bsc700_ref bsc450_wet bsc550_wet bsc700_wet numflag 
[from data line 7875]
50.961110 50.961804 1000.300 1001.900 309.850 309.050 33.000 55.500 3.000 50.660 37.220 24.150 52.450 38.950 23.540 5.170 4.120 3.300 4.020 3.350 2.610 0.000
50.961810 50.962504 1000.300 1001.900 309.850 309.050 33.000 54.100 3.000 53.400 39.970 24.980 55.430 40.740 24.960 4.970 4.360 3.850 4.350 3.480 3.390 0.000
50.966670 50.967360 1000.300 1001.900 309.850 308.950 33.100 51.600 3.000 39.770 29.940 19.470 44.430 33.650 21.500 3.990 3.510 2.990 3.410 2.710 2.400 0.000
50.967360 50.968054 1000.300 1001.900 309.850 308.950 33.000 51.800 3.000 34.930 25.590 16.590 36.800 27.680 16.360 3.520 2.850 2.190 2.720 2.000 1.730 0.000
50.968060 50.968754 1000.300 1001.900 309.850 308.950 33.000 51.600 3.000 31.410 23.300 14.630 33.060 24.910 15.070 2.890 2.610 1.950 2.770 1.750 1.700 0.000
50.968760 50.969440 999.700 1001.300 309.850 308.950 33.000 51.300 3.000 29.400 21.450 13.600 31.500 23.030 14.120 2.910 2.230 2.190 1.950 1.710 1.440 0.000
50.969440 50.970134 999.700 1001.300 309.850 308.950 33.000 52.400 3.000 32.500 23.300 14.950 33.490 24.540 14.980 2.980 2.580 2.080 2.250 2.010 1.670 0.000
50.970140 50.970834 999.700 1001.300 309.750 308.850 33.000 52.900 3.000 33.400 24.450 15.370 34.500 25.910 15.880 3.060 2.840 2.240 2.500 2.010 1.900 0.000
50.975000 50.975690 999.700 1001.300 309.750 308.850 33.000 57.400 3.000 34.470 25.150 16.510 38.350 29.070 18.150 3.290 2.870 2.360 2.420 2.170 2.290 0.000
50.975690 50.976384 999.700 1001.300 309.750 308.850 33.000 57.900 3.000 37.010 26.990 17.090 39.330 29.480 18.080 3.790 3.220 2.590 2.850 2.060 1.670 0.000
50.976390 50.977084 999.700 1001.300 309.750 308.750 33.000 58.000 3.000 36.270 25.820 16.930 40.120 29.560 18.300 3.600 2.890 2.370 2.870 2.200 1.710 0.000
50.977090 50.977780 999.700 1001.300 309.750 308.750 33.000 58.600 3.000 37.520 26.840 17.160 40.580 30.190 17.840 3.300 2.930 2.870 2.920 2.320 1.560 0.000
50.977780 50.978470 999.700 1001.300 309.750 308.750 33.000 61.000 3.000 37.290 27.140 17.750 40.840 30.140 19.310 3.900 3.090 3.060 2.770 2.170 2.280 0.000
50.978470 50.979164 999.700 1001.300 309.750 308.750 32.900 62.400 3.000 36.920 27.680 17.690 42.850 31.850 19.360 3.660 2.930 2.910 2.690 2.510 2.140 0.000
50.983330 50.984024 999.700 1001.300 309.750 308.850 33.000 70.400 3.000 48.770 35.480 22.950 60.740 46.550 29.290 4.740 3.870 3.260 4.120 3.600 2.950 0.000
50.984030 50.984720 999.700 1001.300 309.750 308.950 33.000 71.300 3.000 44.650 32.240 20.820 55.060 40.660 26.140 3.770 3.620 3.160 3.460 3.100 3.440 0.000
50.984720 50.985414 1000.000 1001.600 309.750 308.950 32.900 71.800 3.000 44.280 32.910 20.900 54.400 41.990 25.690 4.390 3.700 2.840 3.480 3.020 2.750 0.000
50.985430 50.986110 1000.000 1001.600 309.750 308.950 32.900 72.600 3.000 46.110 34.620 21.970 57.650 42.880 26.680 4.480 3.750 3.260 3.720 3.380 2.770 0.000
50.986110 50.986804 1000.000 1001.600 309.750 308.950 32.900 74.500 3.000 47.630 34.700 22.160 61.470 45.500 29.470 4.480 3.710 3.120 4.250 3.350 3.570 0.000
50.986810 50.987504 1000.000 1001.600 309.750 308.950 32.900 75.700 3.000 49.180 35.650 22.790 63.070 47.690 29.930 4.770 4.020 3.310 4.180 3.330 2.940 0.000
50.991670 50.992360 1000.000 1001.600 309.750 309.150 33.000 82.800 3.000 48.320 36.040 23.510 73.920 56.950 37.730 4.710 4.280 3.450 4.520 4.040 3.570 0.000
50.992360 50.993054 1000.000 1001.600 309.650 309.150 32.900 83.500 3.000 45.030 33.090 21.000 64.540 49.760 31.720 4.280 3.450 3.070 4.150 3.420 3.290 0.000
50.993060 50.993754 1000.000 1001.600 309.750 309.150 32.900 83.900 3.000 42.590 31.640 20.510 62.820 47.300 30.330 3.980 3.330 3.020 3.680 3.170 3.350 0.000
50.993760 50.994440 1000.000 1001.600 309.650 309.250 32.900 84.700 3.000 43.210 31.080 19.560 62.550 47.690 30.320 4.250 3.290 2.670 3.800 3.060 2.950 0.000
50.994440 50.995134 1000.000 1001.600 309.650 309.250 32.900 86.600 3.000 42.550 31.470 20.480 64.040 49.310 32.670 3.820 3.350 3.210 3.710 3.310 3.240 0.000
50.995140 50.995834 1000.000 1001.600 309.750 309.250 32.900 87.600 3.000 42.350 31.000 20.060 64.540 49.680 31.790 4.020 3.570 3.080 3.870 3.240 3.140 0.000
51.002090 51.002780 1005.200 1004.500 309.750 308.750 32.800 56.900 3.000 48.400 35.720 23.230 49.400 36.890 23.010 4.800 3.800 3.690 3.960 2.920 2.540 0.000
51.002780 51.003470 1005.200 1004.500 309.750 308.850 32.800 54.300 3.000 51.810 38.220 24.390 53.240 39.190 24.350 4.850 4.040 3.580 4.150 3.200 1.880 0.000
51.003470 51.004164 1005.200 1004.500 309.650 308.850 32.800 52.800 3.000 59.060 42.950 28.180 58.110 43.650 26.190 5.630 4.590 4.120 4.230 3.860 3.170 0.000
51.008330 51.009024 1005.200 1004.500 309.650 308.750 32.800 50.900 3.000 58.580 43.810 28.690 63.000 47.280 29.860 5.520 4.560 4.050 5.360 4.010 3.200 0.000
51.009030 51.009720 1005.200 1004.500 309.650 308.750 32.800 50.900 3.000 60.920 45.060 28.930 62.340 45.930 28.280 5.900 4.890 4.060 4.850 4.080 3.870 0.000
51.009720 51.010414 1005.200 1004.500 309.650 308.650 32.800 50.800 3.000 59.440 44.030 28.300 61.280 45.460 27.890 5.160 4.750 4.270 4.670 3.970 3.270 0.000
51.010430 51.011110 1005.200 1004.500 309.650 308.650 32.800 50.900 3.000 60.260 44.410 28.150 61.660 45.230 27.600 5.540 4.780 4.130 5.130 3.890 3.450 0.000
51.011110 51.011804 1005.200 1004.500 309.650 308.650 32.800 52.100 3.000 60.770 44.280 29.200 62.730 46.630 29.740 6.050 4.960 4.610 4.870 3.930 3.660 0.000
51.011810 51.012504 1005.200 1004.500 309.650 308.650 32.800 52.800 3.000 61.790 44.530 28.500 62.960 46.880 29.710 5.620 4.900 4.230 5.040 3.980 3.500 0.000
51.016670 51.017360 1007.700 1009.300 309.650 308.550 32.800 57.200 3.000 71.730 53.150 34.670 80.970 60.140 38.150 6.680 5.700 4.800 6.380 5.440 4.470 0.000
51.017360 51.018054 1007.700 1009.300 309.550 308.550 32.800 57.800 3.000 64.280 47.270 29.920 68.070 50.990 31.270 6.170 5.110 3.950 5.360 4.500 4.060 0.000
51.018060 51.018754 1007.700 1009.300 309.550 308.550 32.800 57.800 3.000 65.620 47.870 31.090 70.050 51.540 31.630 5.970 5.260 4.980 5.480 4.270 3.800 0.000
51.018760 51.019440 1007.700 1009.300 309.550 308.550 32.800 58.200 3.000 63.680 46.840 29.790 68.930 51.010 31.610 5.980 5.080 4.510 5.550 4.270 3.680 0.000
51.019440 51.020134 1007.700 1009.300 309.550 308.550 32.800 60.700 3.000 60.610 44.150 28.490 66.550 50.170 30.410 5.310 4.740 4.140 4.990 4.480 3.300 0.000
51.020140 51.020834 1007.700 1009.300 309.550 308.550 32.700 62.100 3.000 58.980 43.820 28.220 66.470 48.180 29.970 5.300 4.700 4.160 5.000 3.740 3.920 0.000
51.025000 51.025690 1007.700 1009.300 309.550 308.650 32.800 70.400 3.000 71.690 53.140 34.290 87.600 66.740 41.020 6.610 5.750 5.210 6.650 5.670 5.080 0.000
51.025690 51.026384 1007.700 1009.300 309.550 308.650 32.800 71.100 3.000 68.890 50.610 32.410 81.390 59.980 38.000 6.520 5.340 4.800 5.830 4.850 4.500 0.000
51.026390 51.027084 1007.700 1009.300 309.550 308.650 32.700 71.500 3.000 68.800 50.790 32.540 82.890 61.660 38.590 6.260 5.430 4.750 6.020 5.250 4.570 0.000
51.027090 51.027780 1007.700 1009.300 309.550 308.750 32.700 72.300 3.000 68.570 50.420 32.360 83.080 62.330 38.830 6.460 5.270 4.730 5.990 4.970 4.680 0.000
51.027780 51.028470 1007.700 1009.300 309.550 308.750 32.700 74.400 3.000 68.450 50.490 32.980 87.410 65.820 40.940 5.930 5.560 4.830 6.340 4.870 5.160 0.000
51.028470 51.029164 1007.700 1009.300 309.550 308.750 32.700 75.600 3.000 67.280 49.370 31.590 87.550 64.900 41.520 6.080 5.100 4.870 6.200 5.030 4.650 0.000
51.033330 51.034024 1008.000 1009.700 309.550 308.850 32.800 83.100 3.000 72.470 54.100 35.560 110.070 84.870 56.050 7.380 5.880 5.580 7.570 6.250 5.990 0.000
51.034030 51.034720 1008.000 1009.700 309.550 308.950 32.700 83.800 3.000 69.270 51.020 32.770 102.420 78.100 50.600 6.830 5.730 4.630 6.920 5.770 5.440 0.000
51.034720 51.035414 1008.000 1009.700 309.450 308.950 32.700 84.200 3.000 69.640 50.530 32.990 102.440 77.870 50.140 6.700 5.530 4.830 6.630 5.450 4.650 0.000
51.035430 51.036110 1008.000 1009.700 309.550 308.950 32.700 84.900 3.000 67.700 50.240 32.560 102.800 78.460 50.790 6.920 5.520 4.680 6.990 5.530 4.530 0.000
51.036110 51.036804 1008.000 1009.700 309.550 309.050 32.700 86.600 3.000 70.590 51.800 33.120 107.270 81.620 52.710 6.810 5.810 4.920 6.980 5.780 5.030 0.000
51.036810 51.037504 1008.000 1009.700 309.550 309.050 32.700 87.900 3.000 69.410 51.220 33.200 110.080 84.750 54.740 6.630 5.760 5.150 6.820 5.970 5.530 0.000
51.043750 51.044440 1008.000 1009.700 309.550 308.550 32.700 58.500 3.000 71.430 51.890 33.650 69.960 52.450 32.260 6.720 5.870 4.770 5.470 4.660 4.500 0.000
51.044440 51.045134 1008.000 1009.700 309.550 308.650 32.600 56.100 3.000 72.940 52.750 33.940 72.180 52.960 32.740 6.790 5.910 5.130 5.860 4.740 4.300 0.000
51.045140 51.045834 1008.000 1009.700 309.550 308.650 32.600 54.700 3.000 70.760 52.290 33.900 72.010 52.970 32.620 6.960 5.940 4.880 6.340 5.020 4.540 0.000
51.050000 51.050690 1008.100 1009.800 309.450 308.550 32.700 52.600 3.000 73.780 54.570 36.170 77.330 58.920 36.720 7.090 6.120 5.050 6.350 5.640 4.740 0.000
51.050690 51.051384 1008.100 1009.800 309.450 308.550 32.700 52.700 3.000 71.860 52.980 34.120 71.710 52.950 32.940 7.000 5.860 5.720 6.260 5.060 4.360 0.000
51.051390 51.052084 1008.100 1009.800 309.450 308.550 32.700 52.600 3.000 72.970 53.140 34.680 71.790 52.820 33.030 6.730 5.990 5.380 5.960 4.890 4.620 0.000
51.052090 51.052780 1008.100 1009.800 309.450 308.450 32.600 52.500 3.000 73.090 54.150 34.450 72.630 54.090 32.850 7.250 6.150 5.660 5.900 5.150 4.410 0.000
51.052780 51.053470 1008.100 1009.800 309.450 308.450 32.600 53.200 3.000 73.860 53.860 34.920 73.690 54.160 33.610 7.060 5.980 5.470 6.310 5.390 4.450 0.000
51.053470 51.054164 1008.100 1009.800 309.450 308.450 32.600 53.400 3.000 73.680 53.680 34.840 73.580 54.010 33.640 7.240 5.950 5.230 6.250 5.070 4.340 0.000
51.058330 51.059024 1008.100 1009.800 309.450 308.350 32.700 57.300 3.000 77.960 57.730 37.480 84.170 62.380 39.830 7.980 6.490 5.800 7.500 5.710 5.380 0.000
51.059030 51.059720 1008.100 1009.800 309.450 308.350 32.700 58.000 3.000 75.790 55.960 35.680 77.900 57.430 35.340 7.770 6.520 5.250 7.040 5.620 4.600 0.000
51.059720 51.060414 1008.100 1009.800 309.350 308.350 32.700 58.000 3.000 75.350 55.490 35.390 77.510 57.330 35.720 7.410 6.260 5.410 6.830 5.270 4.740 0.000
51.060430 51.061110 1008.100 1009.800 309.350 308.350 32.600 58.300 3.000 75.370 55.310 35.360 76.640 57.070 34.890 7.260 6.060 5.450 6.670 5.810 4.730 0.000
51.061110 51.061804 1008.100 1009.800 309.350 308.350 32.600 60.700 3.000 76.460 55.290 35.840 79.050 58.130 35.350 8.010 6.550 5.700 6.620 5.490 4.340 0.000
51.061810 51.062504 1008.100 1009.800 309.350 308.350 32.600 62.300 3.000 76.210 56.130 36.270 77.490 58.450 36.240 7.520 6.440 5.660 6.830 5.640 5.220 0.000
51.066670 51.067360 1001.000 1002.600 309.350 308.450 32.700 70.500 3.000 78.490 57.980 38.060 91.190 69.380 44.370 7.540 6.370 5.490 6.970 6.030 4.970 0.000
51.067360 51.068054 1001.000 1002.600 309.350 308.450 32.600 71.300 3.000 76.720 55.420 35.800 85.390 63.520 39.840 7.430 6.030 5.210 6.220 5.600 4.940 0.000
51.068060 51.068754 1001.000 1002.600 309.350 308.450 32.600 71.700 3.000 74.450 54.660 35.500 86.020 64.540 40.030 7.370 6.190 5.150 6.530 5.570 5.090 0.000
51.068760 51.069440 1001.000 1002.600 309.350 308.450 32.600 72.600 3.000 75.200 56.180 35.790 86.160 65.010 40.860 7.420 6.340 5.460 6.520 6.030 4.940 0.000
51.069440 51.070134 1001.000 1002.600 309.350 308.450 32.600 74.600 3.000 75.740 55.330 35.520 92.210 69.390 43.630 7.600 6.330 5.370 6.610 6.140 5.150 0.000
51.070140 51.070834 1001.000 1002.600 309.350 308.450 32.600 75.900 3.000 74.180 54.750 35.270 94.710 70.780 45.400 7.310 6.190 5.300 7.000 5.790 5.250 0.000
51.075000 51.075690 1001.000 1002.600 309.350 308.650 32.600 83.400 3.000 93.110 69.070 44.730 134.170 102.950 67.360 10.100 8.410 6.890 10.390 8.500 7.760 0.000
51.075690 51.076384 1001.000 1002.600 309.350 308.650 32.600 84.200 3.000 92.170 67.140 43.520 127.620 97.650 62.360 9.540 8.080 6.990 10.200 8.520 6.930 0.000
51.076390 51.077080 1001.000 1002.600 309.350 308.650 32.600 84.700 3.000 90.020 65.880 42.190 126.300 96.160 61.350 9.280 7.900 6.700 9.700 8.250 7.290 0.000
51.077080 51.077774 1001.000 1002.600 309.350 308.650 32.600 85.500 3.000 87.950 64.510 41.840 126.780 96.970 61.800 9.190 7.740 6.910 9.370 7.660 7.110 0.000
51.077780 51.078470 1001.000 1002.600 309.350 308.750 32.600 87.300 3.000 83.620 61.360 39.820 126.660 96.280 61.320 8.980 7.380 6.220 9.080 7.660 7.040 0.000
51.078470 51.079164 1001.400 1003.000 309.350 308.750 32.600 88.500 3.000 78.290 57.950 36.800 121.110 92.470 60.000 7.540 6.700 5.780 8.000 6.910 6.230 0.000
51.085420 51.086110 1001.400 1003.000 309.350 308.350 32.600 60.300 3.000 80.100 59.030 37.620 78.420 57.970 36.050 7.950 7.090 6.230 7.430 6.230 5.230 0.000
51.086110 51.086804 1001.400 1003.000 309.350 308.350 32.600 57.800 3.000 81.580 60.770 38.680 80.410 59.650 36.510 8.510 7.250 6.120 7.420 6.170 4.830 0.000
51.086810 51.087504 1001.400 1003.000 309.350 308.350 32.600 56.100 3.000 76.250 56.370 36.380 75.920 56.110 34.860 7.780 6.380 5.500 7.080 5.190 5.170 0.000
51.091670 51.092360 1001.400 1003.000 309.450 308.350 32.700 54.600 3.000 79.550 58.750 38.390 83.680 62.640 38.490 8.210 6.850 6.110 7.500 6.200 5.260 0.000
51.092360 51.093054 1001.400 1003.000 309.350 308.350 32.600 54.800 3.000 79.920 58.600 38.160 79.490 58.100 35.800 8.280 6.880 5.970 7.120 5.980 5.370 0.000
51.093060 51.093750 1001.400 1003.000 309.350 308.350 32.600 54.800 3.000 74.970 54.500 35.500 75.200 56.140 33.820 7.640 6.530 5.420 6.420 5.440 4.530 0.000
51.093750 51.094440 1001.300 1003.000 309.350 308.350 32.600 54.400 3.000 73.170 53.350 34.450 72.470 53.260 33.410 7.380 6.120 5.250 6.310 5.200 4.240 0.000
51.094440 51.095134 1001.300 1003.000 309.350 308.350 32.600 54.700 3.000 69.690 52.000 33.410 71.560 53.180 32.670 6.750 5.920 5.230 6.000 5.030 4.110 0.000
51.095140 51.095834 1001.300 1003.000 309.350 308.250 32.600 54.700 3.000 66.140 48.010 30.710 66.710 48.930 30.630 6.250 5.250 4.420 5.530 4.270 3.670 0.000
51.100000 51.100690 1001.300 1003.000 309.450 308.250 32.700 57.800 3.000 70.620 51.740 33.810 75.320 56.310 36.110 6.620 5.490 5.390 6.100 5.300 4.500 0.000
51.100690 51.101384 1001.300 1003.000 309.450 308.250 32.700 58.400 3.000 68.250 49.830 31.390 69.300 50.530 31.800 6.900 5.520 4.830 5.700 4.590 4.370 0.000
51.101390 51.102080 1001.300 1003.000 309.350 308.250 32.700 58.300 3.000 68.790 49.470 31.790 69.400 51.410 31.620 6.740 5.720 5.070 5.980 4.790 4.230 0.000
51.102080 51.102774 1001.300 1003.000 309.350 308.250 32.700 58.700 3.000 68.200 50.500 32.040 70.670 52.110 32.630 6.900 5.750 4.780 5.860 4.860 4.360 0.000
51.102780 51.103470 1001.300 1003.000 309.350 308.250 32.600 61.000 3.000 66.200 47.650 30.750 70.260 51.830 32.560 6.240 5.240 4.350 5.290 4.670 4.500 0.000
51.103470 51.104164 1001.300 1003.000 309.350 308.250 32.700 62.600 3.000 66.580 48.770 31.390 70.370 51.680 32.480 6.420 5.370 4.170 5.360 4.840 4.410 0.000
51.108330 51.109024 1001.300 1003.000 309.450 308.350 32.800 70.200 3.000 68.080 50.740 33.330 83.170 62.130 41.110 6.260 5.560 4.680 6.270 5.370 5.220 0.000
51.109030 51.109720 1001.300 1003.000 309.450 308.350 32.700 71.000 3.000 65.610 48.630 31.560 76.120 56.560 35.350 5.810 5.490 4.570 5.800 4.610 4.000 0.000
51.109720 51.110414 1001.700 1003.400 309.350 308.350 32.700 71.600 3.000 65.520 48.410 30.680 76.520 56.910 35.530 6.170 5.100 4.680 5.860 4.750 4.430 0.000
51.110430 51.111110 1001.700 1003.400 309.350 308.350 32.700 72.400 3.000 65.760 48.370 31.360 77.980 58.260 37.190 6.150 5.280 4.150 5.850 4.580 4.350 0.000
51.111110 51.111804 1001.700 1003.400 309.350 308.450 32.700 74.500 3.000 65.450 47.870 30.760 80.790 60.570 39.100 6.000 5.160 4.480 5.560 4.800 4.220 0.000
