KCO/MV0001R.19990101000000.20181219000000.nephelometer.aerosol_light_scattering_coefficient.pm10.1y.1mn.TSI_3563_KCO_ref_TSI_3563_KCO_wet..lev0.nas
87 1001 
Andrews, Elisabeth; Jefferson, Anne; Burgos, Maria A.  
US06L, National Oceanic and Atmospheric Administration , NOAA/ESRL/GMD,  "Earth System Research Laboratory, Global Monitoring Division", 325 Broadway, , CO 80305-3, Boulder, U.S.A. 
Burgos, Maria A. 
NOAA-ESRL 
1 1 
1999 01 01 2018 12 19 
0.000000 
Days from the file reference point (start_time) 
21 
1 1 1 1 1 1 1 1 1 1 1 1 1 1 1 1 1 1 1 1 1  
9999.999999 9999.999 9999.999 9999.999 9999.999 9999.999 9999.999 9.999 9999.999 9999.999 9999.999 9999.999 9999.999 9999.999 9999.999 9999.999 9999.999 9999.999 9999.999 9999.999 9.999 
end_time of measurement, days from the file reference point 
pressure, hPa, Location=reference nephelometer internal 
pressure, hPa, Location=humidified nephleometer internal 
temperature, K, Location=reference nephelometer internal 
temperature, K, Location=humidified nephleometer internal 
relative_humidity, %, Location=reference nephelometer internal 
relative_humidity, %, Location=humidified nephleometer internal 
number of wavelengths 
aerosol_light_scattering_coefficient, 1/Mm, Wavelength=450nm, Location=reference nephelometer 
aerosol_light_scattering_coefficient, 1/Mm, Wavelength=450nm, Location=humidified nephleometer, Matrix=pm10_humidified 
aerosol_light_scattering_coefficient, 1/Mm, Wavelength=550nm, Location=reference nephelometer 
aerosol_light_scattering_coefficient, 1/Mm, Wavelength=550nm, Location=humidified nephleometer, Matrix=pm10_humidified 
aerosol_light_scattering_coefficient, 1/Mm, Wavelength=700nm, Location=reference nephelometer 
aerosol_light_scattering_coefficient, 1/Mm, Wavelength=700nm, Location=humidified nephleometer, Matrix=pm10_humidified 
aerosol_light_backscattering_coefficient, 1/Mm, Wavelength=450nm, Location=reference nephelometer 
aerosol_light_backscattering_coefficient, 1/Mm, Wavelength=450nm, Location=humidified nephleometer, Matrix=pm10_humidified 
aerosol_light_backscattering_coefficient, 1/Mm, Wavelength=550nm, Location=reference nephelometer 
aerosol_light_backscattering_coefficient, 1/Mm, Wavelength=550nm, Location=humidified nephleometer, Matrix=pm10_humidified 
aerosol_light_backscattering_coefficient, 1/Mm, Wavelength=700nm, Location=reference nephelometer 
aerosol_light_backscattering_coefficient, 1/Mm, Wavelength=700nm, Location=humidified nephleometer, Matrix=pm10_humidified 
numflag, no unit 
0 
52
Data definition:              EBAS_1.1 
Set type code:                TI 
Station code:                 MV0001R 
Platform code:                MV0001S 
Timezone:                     UTC 
Startdate:                    19990205132700 
Revision date:                20181219000000 
Component:                    aerosol_light_scattering_coefficient 
Unit:                         1/Mm 
Matrix:                       pm10 
Period code:                  1y 
Resolution code:              1mn 
Sample duration:              1mn 
Laboratory code:              US06L 
Instrument type:              nephelometer 
Instrument manufacturer:      TSI 
Instrument model:             3563 
Instrument name:              TSI_3563_KCO_ref+TSI_3563_KCO_wet 
Method ref:                   US06L_hygro_tandem_neph_CorrData 
Orig. time res.:              1mn 
[...]
Originator:                   Burgos, Maria A., paul.zieger@aces.su.se, Department of Environmental Science and Analytical Chemistry, ACES,,Frescativägen 54,, SE10691, Stockholm, Sweden 
Submitter:                    Burgos, Maria A., paul.zieger@aces.su.se, Department of Environmental Science and Analytical Chemistry, ACES,,Frescativägen 54,, SE10691, Stockholm, Sweden 
Data level:                   0 
Version:                      1 
Version description:          raw values, RH sensor correction 
Inlet type:                   Hat or hood 
Inlet description:            Heated, stainless steel, see full description in Delene and Ogren, J. Atmos. Sci, 2002. 
Humidity/temperature control: Humidification 
Humidity/temperature control description: humidogram 
Volume std. temperature:      instrument internal 
Volume std. pressure:         instrument internal 
Detection limit:              0.5 1/Mm 
Detection limit expl.:        Determined by instrument counting statistics, no detection limit flag used 
Measurement uncertainty expl.: Uncertainty analysis described in Burgos et al., 2019 
Zero/negative values code:    zero/negative possible 
Zero/negative values:         zero and neg. values may appear due to statistical variations at very low concentrations  
Standard method:              cal-gas=CO2+AIR_truncation-correction=none 
Acknowledgement:              Request acknowledgement details from data originator 
start_time end_time p_ref_int p_wet_int T_ref_int T_wet_int RH_ref_int RH_wet_int nWav sc450_ref sc550_ref sc700_ref sc450_wet sc550_wet sc700_wet bsc450_ref bsc550_ref bsc700_ref bsc450_wet bsc550_wet bsc700_wet numflag 
[from data line 13862]
61.372930 61.373624 998.800 1000.400 309.550 309.450 32.000 83.800 3.000 39.980 31.190 25.590 63.700 50.600 41.090 4.510 2.260 4.070 4.860 4.250 4.890 0.000
61.379170 61.379860 1003.700 1003.000 309.150 309.350 31.900 53.300 3.000 34.620 27.300 20.880 34.920 27.200 19.330 3.990 3.360 3.380 2.720 1.930 2.100 0.000
61.379860 61.380554 1003.700 1003.000 309.150 309.350 32.000 53.000 3.000 35.020 27.390 20.480 36.650 27.920 20.420 3.910 3.390 3.280 2.830 2.250 2.450 0.000
61.380560 61.381250 1003.700 1003.000 309.150 309.350 32.000 52.500 3.000 37.030 29.440 23.140 37.490 29.330 21.600 3.880 3.950 3.590 2.790 2.320 2.930 0.000
61.381250 61.381940 1003.700 1003.000 309.150 309.350 32.000 52.400 3.000 35.100 27.750 21.360 37.300 29.070 20.600 3.710 3.660 3.040 2.990 2.170 1.850 0.000
61.381940 61.382634 1003.700 1003.000 309.150 309.350 32.000 52.400 3.000 36.540 29.820 23.890 38.930 30.300 22.710 4.480 4.030 3.880 3.040 2.330 2.370 0.000
61.382640 61.383334 1003.700 1003.000 309.150 309.350 32.000 52.300 3.000 35.710 28.320 21.370 37.190 28.790 20.150 4.120 3.610 3.430 2.890 2.420 1.690 0.000
61.387500 61.388190 1003.700 1003.000 309.150 309.350 32.000 54.000 3.000 37.480 29.660 23.200 37.580 29.310 21.560 4.090 3.740 3.610 3.150 2.490 2.490 0.000
61.388190 61.388884 1003.700 1003.000 309.250 309.350 32.000 54.200 3.000 38.020 30.370 23.750 39.600 31.270 23.720 4.100 3.890 3.840 3.270 2.320 3.080 0.000
61.388890 61.389580 1003.700 1003.000 309.150 309.250 32.100 53.700 3.000 37.510 29.370 23.390 39.190 30.680 22.620 4.260 3.820 3.850 2.530 2.670 2.850 0.000
61.389580 61.390274 1003.700 1003.000 309.250 309.250 32.100 53.600 3.000 36.210 28.260 22.130 38.530 29.990 22.100 3.940 3.360 3.540 2.730 2.500 2.620 0.000
61.390280 61.390974 1003.700 1003.000 309.150 309.250 32.100 55.100 3.000 36.990 29.400 23.130 39.070 31.010 23.530 4.120 3.830 3.370 3.240 2.600 2.800 0.000
61.395830 61.396524 1005.800 1007.400 310.350 309.450 32.400 51.100 3.000 165.630 161.260 160.380 135.570 132.610 126.680 34.320 31.920 29.700 24.980 22.860 21.050 0.456
61.396530 61.397220 1005.800 1007.400 309.550 309.250 32.200 52.300 3.000 39.790 33.150 27.310 44.400 35.560 28.760 5.000 4.910 4.780 3.990 3.730 3.570 0.000
61.397220 61.397914 1005.800 1007.400 309.450 309.350 32.100 57.200 3.000 35.970 28.800 23.050 40.840 32.830 25.130 4.110 3.860 4.050 3.330 2.650 2.650 0.000
61.397930 61.398610 1005.800 1007.400 309.350 309.350 32.100 60.700 3.000 36.840 29.860 23.200 42.280 32.850 24.950 4.780 4.140 4.190 3.140 2.760 2.530 0.000
61.398610 61.399304 1005.800 1007.400 309.350 309.350 32.100 64.300 3.000 38.280 31.030 24.320 47.290 38.620 30.320 5.120 4.180 3.920 4.100 3.450 3.500 0.000
61.399310 61.400004 1005.800 1007.400 309.350 309.450 32.100 67.000 3.000 34.190 27.550 21.580 44.760 35.530 27.330 4.090 3.990 3.580 3.290 2.950 3.110 0.000
61.404170 61.404860 1005.800 1007.400 309.250 309.650 32.100 73.100 3.000 33.270 25.430 18.660 43.270 34.120 24.710 3.440 3.120 3.080 2.920 2.360 2.690 0.000
61.404860 61.405554 1005.800 1007.400 309.250 309.650 32.100 74.100 3.000 36.060 28.360 21.310 48.340 38.720 29.670 4.070 3.550 3.260 3.530 3.020 3.290 0.000
61.405560 61.406254 1005.800 1007.400 309.350 309.650 32.100 74.600 3.000 37.450 30.510 24.070 52.890 45.080 34.800 3.980 3.980 4.160 3.470 3.590 3.530 0.000
61.406260 61.406940 1005.400 1007.000 309.250 309.750 32.100 75.400 3.000 35.280 27.870 21.310 49.920 39.950 30.680 4.180 3.650 3.700 3.210 2.980 3.290 0.000
61.406940 61.407634 1005.400 1007.000 309.250 309.750 32.100 77.400 3.000 34.270 27.040 20.330 49.520 39.670 30.290 3.720 3.670 3.020 3.290 2.920 3.150 0.000
61.407640 61.408334 1005.400 1007.000 309.250 309.850 32.100 78.700 3.000 34.730 27.090 20.890 51.450 41.200 31.320 3.860 3.530 3.390 3.260 3.210 2.920 0.000
61.412500 61.413190 1005.400 1007.000 309.250 310.050 32.100 85.700 3.000 33.600 26.810 19.500 52.180 41.030 29.920 3.810 3.420 3.150 3.190 2.440 2.520 0.000
61.413190 61.413884 1005.400 1007.000 309.350 310.050 32.100 86.400 3.000 35.580 27.670 21.510 57.110 46.480 34.910 3.990 3.700 3.670 3.440 3.340 3.300 0.000
61.413890 61.414584 1005.400 1007.000 309.350 310.150 32.100 87.000 3.000 35.770 28.640 22.710 59.070 47.340 36.090 4.030 3.500 3.640 3.740 3.300 3.460 0.000
61.414610 61.415304 1005.400 1007.000 308.950 309.950 32.100 82.300 3.000 37.560 27.390 24.250 52.570 42.790 31.210 2.930 3.240 1.750 3.060 3.350 6.360 0.000
61.420830 61.421524 1005.400 1007.000 309.350 309.750 32.000 50.600 3.000 34.950 27.260 20.290 34.170 26.530 18.980 4.230 3.570 3.140 2.350 2.190 2.540 0.000
61.421530 61.422220 1005.400 1007.000 309.350 309.750 32.000 50.400 3.000 35.000 26.890 20.380 35.970 27.530 19.660 3.690 3.300 3.380 2.970 2.420 2.090 0.000
61.422220 61.422914 1005.100 1006.800 309.350 309.750 32.000 50.000 3.000 35.030 27.740 20.820 35.690 28.650 20.740 4.020 3.650 3.300 2.940 2.520 2.280 0.000
61.422930 61.423610 1005.100 1006.800 309.350 309.750 32.100 49.700 3.000 46.030 36.610 28.380 44.590 35.140 25.790 5.630 5.160 5.070 4.220 3.520 3.650 0.000
61.423610 61.424304 1005.100 1006.800 309.350 309.750 32.100 50.100 3.000 39.720 31.550 24.340 42.720 33.900 24.930 4.340 4.310 3.920 4.040 3.300 2.920 0.000
61.424310 61.425004 1005.100 1006.800 309.350 309.750 32.100 49.700 3.000 35.640 27.940 21.350 36.280 28.790 20.600 3.900 3.450 3.080 3.100 2.410 2.350 0.000
61.429170 61.429860 1005.100 1006.800 309.250 309.650 32.100 52.400 3.000 37.160 29.610 23.410 37.960 29.380 21.290 3.980 3.990 3.970 2.770 2.590 3.220 0.000
61.429860 61.430554 1005.100 1006.800 309.250 309.650 32.000 52.600 3.000 35.900 28.160 21.100 37.930 29.470 20.630 4.200 3.520 2.920 2.840 2.520 2.280 0.000
61.430560 61.431250 1005.100 1006.800 309.250 309.650 32.100 52.500 3.000 37.020 29.000 22.230 38.180 29.970 21.780 3.940 3.560 3.510 3.140 2.390 2.560 0.000
61.431250 61.431940 1005.100 1006.800 309.250 309.650 32.100 52.500 3.000 36.380 28.590 21.950 38.050 29.740 21.960 3.890 3.440 4.070 2.810 2.700 2.430 0.000
61.431940 61.432634 1005.100 1006.800 309.250 309.650 32.100 54.200 3.000 38.060 30.390 23.670 39.840 31.470 23.440 4.140 3.860 3.890 3.220 2.790 1.970 0.000
61.432640 61.433334 1005.100 1006.800 309.350 309.650 32.100 55.500 3.000 37.370 29.190 22.820 40.570 31.830 23.250 4.470 3.750 3.400 3.510 2.790 2.880 0.000
61.437500 61.438190 997.400 999.000 309.350 309.650 32.100 62.500 3.000 36.330 29.080 22.050 39.940 30.940 22.210 4.430 3.810 3.230 2.770 2.280 2.820 0.000
61.438190 61.438884 997.400 999.000 309.350 309.650 32.100 63.300 3.000 37.340 29.600 23.090 43.790 34.420 25.520 4.210 3.670 3.760 3.530 2.820 2.740 0.000
61.438890 61.439580 997.400 999.000 309.350 309.650 32.100 63.400 3.000 39.770 31.920 25.720 45.020 36.000 26.860 4.840 4.230 4.310 3.490 2.950 2.960 0.000
61.439580 61.440274 997.400 999.000 309.350 309.650 32.100 63.800 3.000 47.150 39.530 33.250 52.170 43.550 35.120 5.820 4.960 5.230 4.490 4.040 3.800 0.000
61.440280 61.440970 997.400 999.000 309.350 309.650 32.100 66.600 3.000 38.670 31.380 24.430 46.880 38.320 27.760 4.070 4.190 3.870 3.660 3.490 3.160 0.000
61.440970 61.441664 997.400 999.000 309.350 309.750 32.200 68.500 3.000 39.000 31.810 24.470 49.250 39.400 31.410 4.870 4.000 3.500 3.830 3.020 3.760 0.000
61.445830 61.446524 997.400 999.000 309.250 309.950 32.100 75.000 3.000 35.300 28.750 21.250 47.480 36.950 26.330 4.080 3.500 3.510 3.150 2.820 2.530 0.000
61.446530 61.447220 997.400 999.000 309.250 309.950 32.100 75.800 3.000 38.690 30.550 23.230 52.950 42.390 32.230 4.580 3.660 3.720 3.840 3.540 3.560 0.000
61.447220 61.447914 997.400 999.000 309.350 309.950 32.200 76.100 3.000 38.640 30.850 23.720 53.670 43.090 32.620 4.370 4.260 3.600 3.660 3.220 3.230 0.000
61.447920 61.448610 997.400 999.000 309.150 309.950 32.200 76.800 3.000 39.560 31.270 24.240 56.200 45.870 34.570 4.480 4.100 3.840 3.770 3.420 2.910 0.000
61.448610 61.449304 997.400 999.000 309.250 309.950 32.200 79.300 3.000 39.170 30.440 23.170 56.110 45.130 34.170 3.840 3.910 3.630 3.830 3.500 3.360 0.000
61.449310 61.450004 997.400 999.000 309.250 309.950 32.200 80.000 3.000 39.300 30.780 23.950 56.630 46.060 34.720 4.370 3.730 3.760 3.800 3.410 3.910 0.000
61.454170 61.454860 997.800 999.500 309.250 310.250 32.200 86.500 3.000 37.970 29.220 22.260 57.030 45.380 33.080 4.250 3.680 3.370 3.370 3.090 3.380 0.000
61.454860 61.455554 997.800 999.500 309.250 310.250 32.200 87.300 3.000 40.720 31.470 24.440 64.300 51.560 39.370 4.140 3.890 3.880 4.170 3.610 3.830 0.000
61.455560 61.456250 997.800 999.500 309.150 310.250 32.200 87.700 3.000 40.420 31.930 24.430 63.590 52.000 38.560 4.550 3.830 3.470 3.640 3.860 2.950 0.000
61.456250 61.456944 997.800 999.500 309.350 310.050 32.200 82.600 3.000 42.540 31.020 25.700 60.880 50.730 42.210 4.740 3.890 4.910 5.100 4.020 6.660 0.000
61.462500 61.463190 997.800 999.500 309.450 309.850 32.100 51.700 3.000 38.690 30.330 22.890 38.760 29.640 21.260 4.470 4.150 3.620 2.900 2.450 2.760 0.000
61.463190 61.463884 997.800 999.500 309.450 309.850 32.100 51.800 3.000 42.830 33.980 26.860 43.640 34.480 25.330 5.000 4.400 4.160 3.760 3.310 3.600 0.000
61.463890 61.464584 997.800 999.500 309.450 309.850 32.100 51.400 3.000 40.850 32.390 24.880 41.650 32.650 22.780 4.760 4.180 4.020 3.440 2.890 3.240 0.000
61.464590 61.465280 997.800 999.500 309.450 309.850 32.100 51.300 3.000 44.380 35.740 28.250 43.640 34.300 26.110 5.230 4.750 4.160 3.790 3.490 3.520 0.000
61.465280 61.465970 997.800 999.500 309.450 309.850 32.200 51.700 3.000 42.060 33.410 26.250 43.200 35.740 26.050 4.960 4.380 3.940 3.700 3.150 3.050 0.000
61.465970 61.466664 997.800 999.500 309.450 309.750 32.200 51.500 3.000 40.150 31.450 23.950 41.560 31.820 23.130 4.910 3.780 3.760 3.460 2.850 3.000 0.000
61.470830 61.471524 997.400 999.000 309.350 309.650 32.100 53.000 3.000 39.250 31.020 23.010 39.430 30.230 21.840 4.070 4.110 3.970 3.160 2.550 2.500 0.000
61.471530 61.472220 997.400 999.000 309.350 309.650 32.200 53.200 3.000 40.680 31.390 23.830 42.490 33.810 24.280 4.470 3.830 3.670 3.400 2.930 3.000 0.000
61.472220 61.472914 997.400 999.000 309.450 309.650 32.200 52.800 3.000 40.590 31.660 23.850 41.660 32.380 23.390 4.470 4.050 3.830 3.420 2.770 3.360 0.000
61.472920 61.473610 997.400 999.000 309.450 309.650 32.200 52.800 3.000 42.240 33.470 26.250 43.220 34.940 25.720 5.020 4.600 3.770 3.500 3.140 2.740 0.000
61.473610 61.474304 997.400 999.000 309.450 309.650 32.200 54.700 3.000 40.390 30.890 23.320 43.170 33.600 24.370 4.490 4.050 3.400 3.380 3.240 3.720 0.000
61.474310 61.475004 997.400 999.000 309.350 309.650 32.200 56.100 3.000 39.630 30.870 22.910 42.380 33.260 23.850 4.190 4.020 3.710 3.340 2.950 2.900 0.000
61.479170 61.479860 997.400 999.000 309.350 309.650 32.200 62.700 3.000 38.240 29.800 22.010 43.030 33.500 23.190 4.010 3.780 3.490 3.420 2.490 2.610 0.000
61.479860 61.480554 997.400 999.000 309.350 309.650 32.200 63.400 3.000 40.740 31.770 24.620 46.600 36.840 26.970 4.520 4.000 3.740 3.690 3.290 2.820 0.000
61.480560 61.481250 997.400 999.000 309.350 309.650 32.200 63.500 3.000 39.760 31.060 22.790 46.020 36.660 25.060 4.260 3.520 3.760 3.810 3.170 2.960 0.000
61.481250 61.481940 997.400 999.000 309.450 309.650 32.200 64.300 3.000 44.340 35.140 27.580 49.530 40.350 29.730 5.170 4.560 4.020 3.670 3.480 4.150 0.000
61.481940 61.482634 997.400 999.000 309.350 309.650 32.200 66.700 3.000 44.140 34.810 28.090 53.080 42.520 32.110 4.760 4.590 4.480 4.140 3.580 3.980 0.000
61.482640 61.483334 997.400 999.000 309.350 309.750 32.200 68.400 3.000 44.180 34.940 27.890 52.750 43.210 32.360 5.210 4.510 4.200 4.050 3.550 3.410 0.000
61.487500 61.488190 997.800 999.500 309.350 309.850 32.200 75.700 3.000 40.690 31.490 23.380 51.790 40.450 29.080 4.260 3.940 3.950 3.450 2.870 3.290 0.000
61.488190 61.488884 997.800 999.500 309.350 309.850 32.200 76.700 3.000 42.990 33.570 24.990 58.290 46.470 35.230 4.670 4.120 4.050 4.050 3.500 3.990 0.000
61.488890 61.489580 997.800 999.500 309.350 309.850 32.200 77.100 3.000 42.630 33.300 25.010 57.460 46.150 33.790 4.680 4.180 3.910 4.040 3.880 4.310 0.000
61.489580 61.490274 997.800 999.500 309.350 309.950 32.200 77.900 3.000 42.670 33.400 24.620 58.410 46.470 33.520 4.730 4.000 3.830 3.970 3.970 3.050 0.000
61.490280 61.490970 997.800 999.500 309.350 309.950 32.200 79.800 3.000 44.370 34.740 27.210 62.110 50.810 38.340 4.600 4.360 4.480 4.630 4.010 4.350 0.000
61.490970 61.491664 997.800 999.500 309.350 310.050 32.200 81.100 3.000 43.440 33.720 25.900 62.260 50.530 37.590 5.060 4.290 3.890 4.110 3.970 4.380 0.000
61.504170 61.504860 1003.100 1002.400 309.450 309.950 32.200 52.800 3.000 44.380 35.230 26.730 43.490 33.610 24.580 4.940 4.410 3.850 3.460 3.040 3.110 0.000
61.504860 61.505554 1003.100 1002.400 309.450 309.950 32.200 52.600 3.000 44.160 34.460 25.820 46.080 36.720 25.920 4.860 4.370 4.020 4.010 3.560 3.790 0.000
61.505560 61.506250 1003.100 1002.400 309.450 309.950 32.200 51.900 3.000 43.330 33.480 24.970 44.220 33.900 24.910 4.400 4.050 3.580 3.720 3.120 2.700 0.000
61.506250 61.506940 1003.100 1002.400 309.450 309.850 32.200 51.600 3.000 44.870 35.000 26.600 46.270 36.430 26.600 5.150 4.250 4.140 3.730 3.290 3.100 0.000
61.506940 61.507634 1003.100 1002.400 309.450 309.850 32.200 51.400 3.000 43.390 34.400 25.500 45.950 36.270 25.580 4.730 4.350 3.670 4.050 3.220 3.000 0.000
61.507640 61.508334 1003.100 1002.400 309.450 309.850 32.300 51.300 3.000 45.210 35.000 25.880 46.070 36.390 26.800 4.990 4.290 4.190 3.770 3.490 3.580 0.000
61.512500 61.513190 1003.100 1002.400 309.450 309.750 32.200 53.200 3.000 42.080 31.960 23.470 43.520 33.130 21.710 4.520 4.380 3.790 3.440 2.770 1.890 0.000
61.513190 61.513884 1003.100 1002.400 309.450 309.750 32.300 53.300 3.000 45.430 34.850 25.830 47.740 36.420 25.780 5.200 4.280 3.750 3.650 3.310 3.420 0.000
61.513890 61.514580 1003.100 1002.400 309.450 309.750 32.300 53.400 3.000 45.430 35.440 26.760 48.260 36.790 25.780 4.800 4.310 4.570 4.170 3.410 2.800 0.000
61.514580 61.515274 1003.100 1002.400 309.450 309.750 32.300 53.400 3.000 44.930 35.000 26.600 46.650 36.240 26.080 4.520 4.500 4.340 3.840 3.260 2.790 0.000
61.515280 61.515970 1003.100 1002.400 309.450 309.750 32.300 55.200 3.000 43.990 33.980 24.960 47.100 36.750 25.380 4.730 4.070 3.870 3.800 3.200 3.200 0.000
61.515970 61.516664 1005.600 1007.400 309.450 309.750 32.300 56.400 3.000 44.860 35.040 25.970 48.530 37.690 26.460 4.850 4.130 3.940 3.620 3.640 2.250 0.000
61.520830 61.521524 1005.600 1007.400 309.450 309.650 32.300 62.900 3.000 43.480 32.850 24.180 48.260 36.910 24.910 4.770 4.430 3.730 3.560 2.950 2.880 0.000
61.521530 61.522220 1005.600 1007.400 309.450 309.750 32.300 63.600 3.000 46.690 36.270 26.820 52.160 41.140 29.820 5.140 4.410 4.030 4.140 3.670 3.440 0.000
61.522220 61.522914 1005.600 1007.400 309.450 309.750 32.300 63.700 3.000 43.320 33.380 24.620 50.800 39.090 28.140 4.610 3.820 3.700 3.650 3.270 3.310 0.000
61.522920 61.523610 1005.600 1007.400 309.450 309.750 32.300 64.400 3.000 47.880 37.730 29.170 53.090 42.570 30.610 5.150 4.690 4.500 4.080 3.400 2.980 0.000
61.523610 61.524304 1005.600 1007.400 309.450 309.750 32.300 67.000 3.000 44.410 34.340 25.280 53.740 43.050 31.160 4.820 4.240 3.810 3.720 3.530 3.540 0.000
61.524310 61.525004 1005.600 1007.400 309.450 309.750 32.300 68.600 3.000 45.450 34.810 26.660 55.760 44.120 32.250 5.130 4.300 4.170 4.320 3.810 3.600 0.000
61.529170 61.529860 1005.600 1007.400 309.450 309.850 32.300 76.100 3.000 43.340 33.060 24.150 56.020 43.760 31.020 4.840 4.390 3.560 3.860 3.440 3.000 0.000
61.529860 61.530554 1005.600 1007.400 309.450 309.850 32.300 77.200 3.000 45.290 35.800 26.620 61.780 49.290 36.090 4.850 4.410 4.100 4.400 4.000 4.430 0.000
