KCO/MV0001R.19990101000000.20181219000000.nephelometer.aerosol_light_scattering_coefficient.pm10.1y.1mn.TSI_3563_KCO_ref_TSI_3563_KCO_wet..lev0.nas
87 1001 
Andrews, Elisabeth; Jefferson, Anne; Burgos, Maria A.  
US06L, National Oceanic and Atmospheric Administration , NOAA/ESRL/GMD,  "Earth System Research Laboratory, Global Monitoring Division", 325 Broadway, , CO 80305-3, Boulder, U.S.A. 
Burgos, Maria A. 
NOAA-ESRL 
1 1 
1999 01 01 2018 12 19 
0.000000 
Days from the file reference point (start_time) 
21 
1 1 1 1 1 1 1 1 1 1 1 1 1 1 1 1 1 1 1 1 1  
9999.999999 9999.999 9999.999 9999.999 9999.999 9999.999 9999.999 9.999 9999.999 9999.999 9999.999 9999.999 9999.999 9999.999 9999.999 9999.999 9999.999 9999.999 9999.999 9999.999 9.999 
end_time of measurement, days from the file reference point 
pressure, hPa, Location=reference nephelometer internal 
pressure, hPa, Location=humidified nephleometer internal 
temperature, K, Location=reference nephelometer internal 
temperature, K, Location=humidified nephleometer internal 
relative_humidity, %, Location=reference nephelometer internal 
relative_humidity, %, Location=humidified nephleometer internal 
number of wavelengths 
aerosol_light_scattering_coefficient, 1/Mm, Wavelength=450nm, Location=reference nephelometer 
aerosol_light_scattering_coefficient, 1/Mm, Wavelength=450nm, Location=humidified nephleometer, Matrix=pm10_humidified 
aerosol_light_scattering_coefficient, 1/Mm, Wavelength=550nm, Location=reference nephelometer 
aerosol_light_scattering_coefficient, 1/Mm, Wavelength=550nm, Location=humidified nephleometer, Matrix=pm10_humidified 
aerosol_light_scattering_coefficient, 1/Mm, Wavelength=700nm, Location=reference nephelometer 
aerosol_light_scattering_coefficient, 1/Mm, Wavelength=700nm, Location=humidified nephleometer, Matrix=pm10_humidified 
aerosol_light_backscattering_coefficient, 1/Mm, Wavelength=450nm, Location=reference nephelometer 
aerosol_light_backscattering_coefficient, 1/Mm, Wavelength=450nm, Location=humidified nephleometer, Matrix=pm10_humidified 
aerosol_light_backscattering_coefficient, 1/Mm, Wavelength=550nm, Location=reference nephelometer 
aerosol_light_backscattering_coefficient, 1/Mm, Wavelength=550nm, Location=humidified nephleometer, Matrix=pm10_humidified 
aerosol_light_backscattering_coefficient, 1/Mm, Wavelength=700nm, Location=reference nephelometer 
aerosol_light_backscattering_coefficient, 1/Mm, Wavelength=700nm, Location=humidified nephleometer, Matrix=pm10_humidified 
numflag, no unit 
0 
52
Data definition:              EBAS_1.1 
Set type code:                TI 
Station code:                 MV0001R 
Platform code:                MV0001S 
Timezone:                     UTC 
Startdate:                    19990205132700 
Revision date:                20181219000000 
Component:                    aerosol_light_scattering_coefficient 
Unit:                         1/Mm 
Matrix:                       pm10 
Period code:                  1y 
Resolution code:              1mn 
Sample duration:              1mn 
Laboratory code:              US06L 
Instrument type:              nephelometer 
Instrument manufacturer:      TSI 
Instrument model:             3563 
Instrument name:              TSI_3563_KCO_ref+TSI_3563_KCO_wet 
Method ref:                   US06L_hygro_tandem_neph_CorrData 
Orig. time res.:              1mn 
[...]
Originator:                   Burgos, Maria A., paul.zieger@aces.su.se, Department of Environmental Science and Analytical Chemistry, ACES,,Frescativägen 54,, SE10691, Stockholm, Sweden 
Submitter:                    Burgos, Maria A., paul.zieger@aces.su.se, Department of Environmental Science and Analytical Chemistry, ACES,,Frescativägen 54,, SE10691, Stockholm, Sweden 
Data level:                   0 
Version:                      1 
Version description:          raw values, RH sensor correction 
Inlet type:                   Hat or hood 
Inlet description:            Heated, stainless steel, see full description in Delene and Ogren, J. Atmos. Sci, 2002. 
Humidity/temperature control: Humidification 
Humidity/temperature control description: humidogram 
Volume std. temperature:      instrument internal 
Volume std. pressure:         instrument internal 
Detection limit:              0.5 1/Mm 
Detection limit expl.:        Determined by instrument counting statistics, no detection limit flag used 
Measurement uncertainty expl.: Uncertainty analysis described in Burgos et al., 2019 
Zero/negative values code:    zero/negative possible 
Zero/negative values:         zero and neg. values may appear due to statistical variations at very low concentrations  
Standard method:              cal-gas=CO2+AIR_truncation-correction=none 
Acknowledgement:              Request acknowledgement details from data originator 
start_time end_time p_ref_int p_wet_int T_ref_int T_wet_int RH_ref_int RH_wet_int nWav sc450_ref sc550_ref sc700_ref sc450_wet sc550_wet sc700_wet bsc450_ref bsc550_ref bsc700_ref bsc450_wet bsc550_wet bsc700_wet numflag 
[from data line 2935]
43.564590 43.565280 1003.300 1005.000 309.850 310.650 32.400 62.900 3.000 57.530 46.030 37.650 66.190 53.290 40.370 6.630 6.180 6.040 6.800 6.360 6.090 0.000
43.565280 43.565970 1003.300 1005.000 309.850 310.650 32.400 65.200 3.000 58.090 46.730 37.170 68.390 55.590 42.660 6.760 6.230 5.700 6.930 5.910 6.110 0.000
43.565970 43.566664 1003.300 1005.000 309.850 310.650 32.400 67.100 3.000 59.590 48.050 39.110 73.000 59.710 46.030 7.120 6.520 6.280 7.130 6.400 6.580 0.000
43.570830 43.571524 1003.300 1005.000 309.750 310.650 32.300 73.200 3.000 51.990 41.400 31.390 70.930 57.070 41.990 6.030 5.480 4.690 6.160 5.640 5.640 0.000
43.571530 43.572220 1003.300 1005.000 309.750 310.650 32.300 73.700 3.000 53.880 43.920 34.200 76.180 62.520 48.620 6.270 5.610 5.080 7.000 6.070 6.810 0.000
43.572220 43.572914 1003.300 1005.000 309.750 310.650 32.300 74.100 3.000 53.690 42.630 33.410 77.030 63.160 48.870 6.150 5.620 5.130 6.510 6.330 6.550 0.000
43.572920 43.573610 1003.300 1005.000 309.750 310.650 32.300 74.400 3.000 54.590 45.050 35.150 78.820 66.330 50.480 6.010 5.890 5.210 7.040 6.280 6.730 0.000
43.573610 43.574304 1003.300 1005.000 309.750 310.650 32.300 75.900 3.000 53.940 42.890 33.090 77.580 63.500 48.350 6.340 5.530 5.620 6.830 6.050 5.880 0.000
43.574310 43.575004 1003.300 1005.000 309.750 310.650 32.300 77.200 3.000 55.030 43.470 33.180 83.500 67.970 52.840 6.400 5.710 5.150 6.920 6.500 6.660 0.000
43.589580 43.590274 1003.700 1005.500 309.550 310.150 32.200 45.000 3.000 57.250 45.060 34.190 58.460 45.650 33.360 6.240 5.610 5.360 6.230 5.430 5.340 0.000
43.590280 43.590970 1003.700 1005.500 309.550 310.150 32.200 46.300 3.000 58.610 46.100 35.850 60.080 46.880 34.160 6.180 5.860 5.700 6.310 5.550 5.110 0.000
43.590970 43.591664 1003.700 1005.500 309.550 310.150 32.200 46.900 3.000 56.480 45.180 32.830 58.830 45.990 32.750 6.310 5.660 4.840 5.970 5.470 5.270 0.000
43.595830 43.596524 1003.500 1005.200 309.450 309.950 32.100 50.700 3.000 56.940 43.090 32.350 56.500 43.810 30.670 6.270 5.710 4.920 6.230 4.990 4.980 0.000
43.596530 43.597220 1003.500 1005.200 309.350 309.950 32.100 51.200 3.000 62.190 50.010 39.260 63.500 50.820 38.520 6.600 6.640 6.220 6.360 6.180 5.850 0.000
43.597220 43.597914 1003.500 1005.200 309.350 309.850 32.100 51.300 3.000 63.480 49.780 39.320 64.750 50.960 39.310 6.650 6.320 5.980 6.840 6.280 6.560 0.000
43.597920 43.598610 1003.500 1005.200 309.350 309.850 32.100 51.600 3.000 61.770 50.360 39.700 64.810 51.960 38.110 6.890 6.690 6.130 6.930 5.790 5.490 0.000
43.598610 43.599304 1003.500 1005.200 309.350 309.850 32.100 53.600 3.000 59.520 45.970 35.280 62.890 48.830 35.360 6.630 5.770 5.620 6.230 5.860 6.050 0.000
43.599310 43.600004 1003.500 1005.200 309.350 309.850 32.100 55.000 3.000 59.390 46.610 34.530 64.220 49.390 35.780 6.830 6.190 5.410 6.610 5.610 5.530 0.000
43.604170 43.604860 1003.500 1005.200 309.150 309.750 32.000 61.700 3.000 59.760 46.760 34.970 64.360 50.670 35.180 6.820 5.890 5.560 6.270 5.340 4.780 0.000
43.604860 43.605554 1003.500 1005.200 309.250 309.750 32.000 62.600 3.000 60.180 46.540 35.270 68.320 52.930 37.970 6.810 6.100 5.650 6.250 5.790 5.300 0.000
43.605560 43.606250 1003.500 1005.200 309.150 309.750 32.000 63.000 3.000 63.910 50.240 39.100 71.290 55.900 40.930 6.780 6.500 6.220 7.010 6.180 5.920 0.000
43.606250 43.606940 1003.500 1005.200 309.150 309.750 32.000 63.700 3.000 64.800 51.520 39.830 72.140 57.530 42.620 7.350 6.760 5.870 7.050 6.450 6.690 0.000
43.606940 43.607634 1003.500 1005.200 309.250 309.750 32.000 66.300 3.000 62.660 48.570 37.330 74.550 59.030 43.520 6.710 6.110 5.990 7.130 6.370 6.440 0.000
43.607640 43.608334 1003.500 1005.200 309.150 309.750 32.000 67.600 3.000 62.250 48.500 36.610 75.160 58.730 44.120 6.860 6.210 5.510 7.320 6.370 6.710 0.000
43.612500 43.613190 1004.000 1005.700 308.950 309.850 31.900 74.600 3.000 63.400 49.910 37.490 86.360 69.200 50.460 7.070 6.080 5.760 7.430 6.970 7.020 0.000
43.613190 43.613884 1004.000 1005.700 309.050 309.850 31.900 74.800 3.000 64.050 49.800 36.600 87.630 69.750 51.840 7.110 6.170 5.930 7.710 6.710 6.710 0.000
43.613890 43.614580 1004.000 1005.700 309.050 309.850 31.900 75.200 3.000 62.800 48.860 36.210 88.590 68.800 51.070 6.980 6.000 5.470 7.410 6.560 6.680 0.000
43.614580 43.615274 1004.000 1005.700 309.050 309.850 31.900 76.100 3.000 64.830 51.150 38.890 93.580 75.470 57.050 7.220 6.770 5.540 7.680 7.500 7.210 0.000
43.615280 43.615970 1004.000 1005.700 309.050 309.850 31.900 77.900 3.000 63.880 49.270 36.510 95.740 75.750 56.590 7.060 6.200 6.060 7.990 7.290 7.300 0.000
43.615970 43.616664 1004.000 1005.700 309.050 309.850 31.900 78.600 3.000 64.220 50.690 38.240 100.320 80.150 59.380 6.550 6.420 5.930 8.210 7.280 7.480 0.000
43.632640 43.633334 1009.000 1010.900 308.950 309.350 31.900 48.300 3.000 66.130 51.350 37.900 67.130 52.040 36.850 6.940 6.300 5.620 6.880 6.180 5.600 0.000
43.637500 43.638190 1009.000 1010.900 308.750 309.150 31.800 51.400 3.000 63.610 48.740 34.890 65.170 49.740 33.720 7.010 5.990 5.260 6.620 5.580 5.310 0.000
43.638190 43.638884 1009.000 1010.900 308.850 309.150 31.800 51.800 3.000 67.510 53.020 39.740 69.870 54.660 38.530 7.380 6.520 6.010 6.940 6.580 5.940 0.000
43.638890 43.639580 1009.000 1010.900 308.850 309.150 31.800 51.600 3.000 65.550 50.650 37.770 69.210 52.840 37.010 6.840 6.410 5.870 6.940 6.150 5.580 0.000
43.639580 43.640274 1009.000 1010.900 308.850 309.150 31.800 52.000 3.000 64.940 49.880 36.690 69.310 52.650 37.190 6.560 5.980 5.470 6.630 5.810 5.990 0.000
43.640280 43.640970 1009.000 1010.900 308.850 309.050 31.900 54.100 3.000 67.280 51.510 38.780 72.030 54.560 38.390 7.160 6.280 5.680 6.950 6.120 5.200 0.000
43.640970 43.641664 1011.900 1013.700 308.850 309.050 31.900 55.400 3.000 68.680 53.530 40.980 74.100 57.530 40.980 7.510 6.650 6.260 7.430 6.640 6.050 0.000
43.645830 43.646524 1011.900 1013.700 308.750 309.050 31.800 62.500 3.000 67.580 53.440 40.110 74.320 56.550 40.160 7.310 6.860 6.420 7.230 6.110 6.240 0.000
43.646530 43.647220 1011.900 1013.700 308.750 309.050 31.800 63.400 3.000 67.290 52.000 38.660 75.700 58.910 42.140 7.110 6.510 5.640 7.360 6.530 6.270 0.000
43.647220 43.647914 1011.900 1013.700 308.750 309.050 31.800 63.700 3.000 67.840 52.750 40.470 76.780 60.290 44.460 7.130 6.560 5.980 7.600 6.620 6.540 0.000
43.647920 43.648610 1011.900 1013.700 308.750 309.050 31.800 64.300 3.000 67.190 51.400 38.100 76.700 60.120 42.000 6.940 6.270 5.420 7.040 6.330 6.010 0.000
43.648610 43.649304 1011.900 1013.700 308.750 309.150 31.800 66.400 3.000 66.570 51.810 38.430 79.340 62.280 44.910 6.500 6.330 6.040 7.810 6.690 6.430 0.000
43.649310 43.650004 1011.900 1013.700 308.750 309.150 31.800 68.100 3.000 69.560 54.730 41.110 83.760 66.010 48.780 7.710 6.880 5.990 7.560 6.960 7.150 0.000
43.654170 43.654860 1011.900 1013.700 308.650 309.250 31.800 74.800 3.000 64.940 49.670 36.200 88.190 69.330 48.320 6.580 5.940 5.800 7.290 6.680 6.300 0.000
43.654860 43.655554 1011.900 1013.700 308.750 309.250 31.800 75.300 3.000 70.490 54.790 41.250 98.220 78.450 56.560 7.470 6.760 6.050 7.900 7.380 7.100 0.000
43.655560 43.656250 1011.900 1013.700 308.750 309.250 31.800 75.700 3.000 68.760 53.170 39.020 96.260 76.350 56.590 7.320 6.260 5.740 8.120 7.450 7.190 0.000
43.656250 43.656940 1012.200 1014.000 308.650 309.250 31.800 76.500 3.000 70.350 54.270 40.760 102.080 81.700 60.240 7.560 6.470 6.140 8.430 7.530 7.550 0.000
43.656940 43.657634 1012.200 1014.000 308.750 309.350 31.800 78.500 3.000 69.180 53.260 39.320 106.360 83.980 60.290 7.380 6.490 5.540 8.790 7.730 7.410 0.000
43.657640 43.658334 1012.200 1014.000 308.750 309.350 31.800 79.400 3.000 67.960 53.300 39.860 106.610 85.110 61.090 7.190 6.120 6.360 8.320 7.540 7.250 0.000
43.673610 43.674304 1012.400 1014.100 308.750 309.150 31.800 48.400 3.000 72.690 56.530 42.620 73.910 57.620 41.460 7.430 6.890 6.810 7.620 6.500 6.280 0.000
43.674310 43.675004 1012.400 1014.100 308.750 309.150 31.800 48.600 3.000 69.890 53.950 39.870 71.100 55.390 38.130 7.460 6.540 6.020 7.060 6.230 5.920 0.000
43.679170 43.679860 1012.400 1014.100 308.650 309.050 31.800 51.300 3.000 70.040 53.040 38.160 73.160 54.420 36.600 7.160 6.320 5.770 7.010 5.890 5.350 0.000
43.679860 43.680554 1012.400 1014.100 308.750 309.050 31.800 51.900 3.000 78.880 62.140 47.100 81.420 63.490 46.100 8.380 7.290 6.730 8.250 6.910 7.170 0.000
43.680560 43.681250 1012.400 1014.100 308.750 309.050 31.800 51.700 3.000 75.850 59.150 45.040 79.710 61.510 44.030 8.120 7.110 6.700 7.680 6.960 6.480 0.000
43.681250 43.681940 1012.400 1014.100 308.750 309.050 31.800 51.800 3.000 77.860 60.700 45.790 80.500 63.910 45.040 8.350 7.280 6.950 7.830 6.990 6.680 0.000
43.681940 43.682634 1012.400 1014.100 308.750 309.050 31.800 53.800 3.000 73.590 57.130 41.670 78.270 60.530 42.500 7.780 6.480 6.250 7.480 6.570 6.250 0.000
43.682640 43.683334 1012.400 1014.100 308.750 309.050 31.800 55.100 3.000 76.390 59.510 45.060 82.400 63.580 46.230 8.050 7.120 6.840 7.990 7.050 7.250 0.000
43.687500 43.688190 1005.300 1006.900 308.650 309.050 31.700 61.900 3.000 71.090 54.570 39.220 78.570 60.310 41.130 7.380 6.470 6.010 7.300 6.420 5.530 0.000
43.688190 43.688884 1005.300 1006.900 308.650 309.050 31.800 62.800 3.000 73.810 58.390 44.040 83.170 65.240 46.170 7.660 6.890 6.450 7.790 7.070 6.410 0.000
43.688890 43.689584 1005.300 1006.900 308.650 309.050 31.800 62.900 3.000 72.430 56.730 42.660 82.790 64.860 46.820 7.970 7.040 6.600 7.730 6.800 6.800 0.000
43.689590 43.690280 1005.300 1006.900 308.750 309.050 31.800 63.600 3.000 71.500 54.920 40.270 81.880 63.860 44.280 7.680 6.650 5.840 7.850 6.790 6.710 0.000
43.690280 43.690970 1005.300 1006.900 308.750 309.050 31.800 66.000 3.000 68.840 54.200 39.380 82.600 64.600 46.670 7.530 6.310 5.940 7.510 6.970 6.560 0.000
43.690970 43.691664 1005.300 1006.900 308.750 309.050 31.800 67.600 3.000 72.460 57.680 43.310 88.850 69.410 50.800 7.900 7.040 6.140 8.520 7.150 6.730 0.000
43.695830 43.696524 1005.300 1006.900 308.650 309.150 31.700 74.300 3.000 66.580 52.080 39.010 89.500 71.420 52.530 7.390 6.380 5.850 7.590 6.880 6.900 0.000
43.696530 43.697220 1005.300 1006.900 308.650 309.150 31.700 75.700 3.000 67.640 54.040 41.710 97.340 78.070 59.280 7.630 6.640 6.300 7.980 7.580 7.660 0.000
43.697220 43.697914 1005.300 1006.900 308.650 309.150 31.800 76.000 3.000 67.000 52.290 39.200 97.940 79.010 58.650 6.690 6.440 5.800 8.350 7.170 7.340 0.000
43.697930 43.698610 1005.300 1006.900 308.650 309.150 31.800 76.100 3.000 67.230 52.630 39.720 97.070 78.020 57.530 7.510 6.360 6.100 8.160 7.290 7.310 0.000
43.698610 43.699304 1005.300 1006.900 308.650 309.150 31.800 78.000 3.000 66.300 52.470 39.650 99.450 80.540 59.210 6.970 6.320 5.700 8.110 7.330 7.360 0.000
43.699310 43.700004 1005.300 1006.900 308.650 309.150 31.800 79.300 3.000 65.960 51.440 38.180 100.890 81.920 60.740 7.030 6.440 5.690 8.320 7.230 7.250 0.000
43.704170 43.704860 1005.700 1007.400 308.550 309.250 31.700 85.300 3.000 66.220 50.870 37.760 107.470 86.360 62.000 7.050 6.110 5.420 8.500 7.210 7.250 0.000
43.704860 43.705554 1005.700 1007.400 308.550 309.350 31.700 85.700 3.000 66.400 51.370 38.040 111.720 89.520 64.620 6.610 6.060 5.800 8.090 7.500 7.280 0.000
43.705560 43.706254 1005.700 1007.400 308.550 309.350 31.700 86.000 3.000 65.690 51.990 38.230 112.440 90.070 65.890 6.880 6.080 5.550 8.290 7.460 8.080 0.000
43.706260 43.706954 1005.700 1007.400 308.550 309.150 31.600 81.700 3.000 64.680 54.870 39.790 109.800 87.730 65.700 10.760 4.490 5.720 7.200 8.290 7.470 0.000
43.712500 43.713190 1005.700 1007.400 308.550 308.850 31.600 50.100 3.000 64.810 51.730 39.250 65.110 51.120 37.320 7.350 6.350 5.890 7.100 5.540 5.990 0.000
43.713190 43.713884 1005.700 1007.400 308.550 308.850 31.600 49.200 3.000 63.710 49.950 38.180 64.210 50.920 36.650 6.670 6.170 5.790 6.370 5.720 5.160 0.000
43.713890 43.714580 1005.700 1007.400 308.550 308.850 31.600 48.500 3.000 64.840 52.050 39.290 64.790 51.030 36.570 7.070 6.180 6.000 6.570 5.620 5.490 0.000
43.714580 43.715274 1005.700 1007.400 308.550 308.850 31.600 48.300 3.000 65.970 53.270 40.730 68.510 54.820 40.520 7.240 6.300 6.500 7.100 6.120 6.370 0.000
43.715280 43.715970 1005.700 1007.400 308.550 308.850 31.600 48.800 3.000 66.570 53.040 40.180 67.210 53.800 38.910 7.680 6.560 6.280 7.120 6.210 5.760 0.000
43.715970 43.716664 1005.700 1007.400 308.550 308.750 31.600 49.400 3.000 69.280 55.870 44.400 70.720 57.180 42.280 7.580 6.940 6.370 7.570 6.600 6.550 0.000
43.720830 43.721524 1005.100 1006.900 308.450 308.650 31.500 51.600 3.000 64.160 49.990 37.040 66.220 50.580 34.490 6.600 6.070 5.790 6.690 5.530 5.070 0.000
43.721530 43.722220 1005.100 1006.900 308.450 308.650 31.500 51.700 3.000 62.680 48.380 35.960 65.980 51.060 35.540 6.460 5.820 5.510 6.340 5.680 5.610 0.000
43.722220 43.722914 1005.100 1006.900 308.450 308.650 31.600 51.800 3.000 64.540 49.430 36.790 66.880 52.140 35.730 6.960 5.920 5.490 6.570 5.650 5.190 0.000
43.722930 43.723610 1005.100 1006.900 308.450 308.550 31.600 51.900 3.000 66.390 51.890 40.540 69.120 54.360 39.020 7.030 6.420 6.230 6.890 6.100 5.960 0.000
43.723610 43.724304 1005.100 1006.900 308.450 308.550 31.600 53.900 3.000 65.900 51.060 38.580 69.720 54.400 39.580 7.230 6.390 5.990 6.930 6.000 5.860 0.000
43.724310 43.725004 1005.100 1006.900 308.350 308.550 31.600 55.500 3.000 65.640 51.940 39.360 71.560 54.970 39.030 6.850 6.250 5.890 6.600 5.870 5.300 0.000
43.729170 43.729860 1005.100 1006.900 308.350 308.550 31.500 62.100 3.000 63.180 49.580 37.540 69.340 54.220 38.290 6.590 6.060 5.680 6.920 5.580 5.720 0.000
43.729860 43.730554 1005.100 1006.900 308.350 308.550 31.500 63.100 3.000 66.500 53.050 40.270 74.120 58.710 42.450 6.840 6.380 6.150 6.990 6.150 6.150 0.000
43.730560 43.731254 1005.100 1006.900 308.350 308.550 31.500 63.400 3.000 68.930 54.330 42.250 75.720 60.320 43.850 7.480 6.740 6.360 7.430 5.940 5.900 0.000
43.731260 43.731940 1005.100 1006.900 308.350 308.550 31.500 64.200 3.000 68.690 54.960 42.450 77.660 62.170 46.190 7.780 6.790 6.620 7.530 6.640 6.400 0.000
43.731940 43.732634 1005.100 1006.900 308.350 308.550 31.500 66.500 3.000 66.540 52.990 40.010 78.320 62.290 45.180 7.190 6.280 6.000 6.900 6.360 6.300 0.000
43.732640 43.733334 1005.100 1006.900 308.350 308.650 31.500 68.100 3.000 68.460 54.540 42.150 83.270 67.130 49.820 7.490 6.670 6.040 7.490 6.870 6.940 0.000
43.737500 43.738190 1005.400 1007.100 308.250 308.650 31.400 75.100 3.000 65.320 49.610 37.180 86.980 69.360 49.670 6.670 5.970 5.320 7.490 6.280 6.500 0.000
43.738190 43.738884 1005.400 1007.100 308.250 308.650 31.400 76.100 3.000 63.180 48.970 35.630 90.770 71.860 51.500 6.430 5.690 5.100 6.930 6.640 6.840 0.000
43.738890 43.739584 1005.400 1007.100 308.250 308.650 31.400 76.500 3.000 63.790 50.700 37.850 93.200 74.590 54.380 6.830 6.310 5.440 7.860 6.870 6.290 0.000
43.739590 43.740280 1005.400 1007.100 308.150 308.650 31.400 76.500 3.000 67.880 54.140 40.780 97.590 79.470 59.130 7.090 6.550 6.130 8.110 7.060 7.470 0.000
43.740280 43.740970 1005.400 1007.100 308.250 308.750 31.400 78.800 3.000 66.660 52.620 40.570 101.850 82.850 62.530 7.450 6.340 6.060 8.360 7.690 7.920 0.000
43.740970 43.741664 1005.400 1007.100 308.150 308.750 31.400 79.800 3.000 68.770 54.070 41.980 105.940 85.790 63.770 7.490 6.710 6.040 8.570 7.860 7.510 0.000
43.745830 43.746524 1005.400 1007.100 308.150 308.750 31.300 86.100 3.000 63.470 49.630 36.620 105.200 83.760 59.930 7.260 6.130 5.400 7.830 7.260 6.710 0.000
43.746530 43.747220 1005.400 1007.100 308.150 308.750 31.300 86.400 3.000 71.020 56.150 42.760 117.570 95.010 70.640 8.000 6.830 6.370 9.100 7.960 7.980 0.000
43.747220 43.747914 1005.400 1007.100 308.150 308.750 31.300 86.700 3.000 68.520 53.500 40.290 115.610 94.160 69.330 7.450 6.490 6.030 9.030 7.620 7.660 0.000
