HLM/GB0060R.20060101000000.20181219000000.nephelometer.aerosol_light_scattering_coefficient.pm10.1mo.1mn.TSI_3563_HLM_ref_TSI_3563_HLM_wet..lev1.nas
100 1001 
Andrews, Elisabeth; Jefferson, Anne; Burgos, Maria A.  
US06L, National Oceanic and Atmospheric Administration , NOAA/ESRL/GMD,  "Earth System Research Laboratory, Global Monitoring Division", 325 Broadway, , CO 80305-3, Boulder, U.S.A. 
Burgos, Maria A. 
NOAA-ESRL 
1 1 
2006 01 01 2018 12 19 
0.000000 
Days from the file reference point (start_time) 
33 
1 1 1 1 1 1 1 1 1 1 1 1 1 1 1 1 1 1 1 1 1 1 1 1 1 1 1 1 1 1 1 1 1  
9999.999999 9999.999 9999.999 9999.999 9999.999 9999.999 9999.999 9.999 9999.999 9999.999 9999.999 9999.999 9999.999 9999.999 9999.999 9999.999 9999.999 9999.999 9999.999 9999.999 999.999 999.999 999.999 999.999 999.999 999.999 999.999 999.999 999.999 999.999 999.999 999.999 9.999 
end_time of measurement, days from the file reference point 
pressure, hPa, Location=reference nephelometer internal 
pressure, hPa, Location=humidified nephleometer internal 
temperature, K, Location=reference nephelometer internal 
temperature, K, Location=humidified nephleometer internal 
relative_humidity, %, Location=reference nephelometer internal 
relative_humidity, %, Location=humidified nephleometer internal 
number of wavelengths 
aerosol_light_scattering_coefficient, 1/Mm, Wavelength=450nm, Location=reference nephelometer 
aerosol_light_scattering_coefficient, 1/Mm, Wavelength=450nm, Location=humidified nephleometer, Matrix=pm10_humidified 
aerosol_light_scattering_coefficient, 1/Mm, Wavelength=550nm, Location=reference nephelometer 
aerosol_light_scattering_coefficient, 1/Mm, Wavelength=550nm, Location=humidified nephleometer, Matrix=pm10_humidified 
aerosol_light_scattering_coefficient, 1/Mm, Wavelength=700nm, Location=reference nephelometer 
aerosol_light_scattering_coefficient, 1/Mm, Wavelength=700nm, Location=humidified nephleometer, Matrix=pm10_humidified 
aerosol_light_backscattering_coefficient, 1/Mm, Wavelength=450nm, Location=reference nephelometer 
aerosol_light_backscattering_coefficient, 1/Mm, Wavelength=450nm, Location=humidified nephleometer, Matrix=pm10_humidified 
aerosol_light_backscattering_coefficient, 1/Mm, Wavelength=550nm, Location=reference nephelometer 
aerosol_light_backscattering_coefficient, 1/Mm, Wavelength=550nm, Location=humidified nephleometer, Matrix=pm10_humidified 
aerosol_light_backscattering_coefficient, 1/Mm, Wavelength=700nm, Location=reference nephelometer 
aerosol_light_backscattering_coefficient, 1/Mm, Wavelength=700nm, Location=humidified nephleometer, Matrix=pm10_humidified 
aerosol_light_scattering_enhancement_factor, no unit, Wavelength=450nm, Matrix=pm10_humidified, RH base max=40% 
aerosol_light_scattering_enhancement_factor, no unit, Wavelength=550nm, Matrix=pm10_humidified, RH base max=40% 
aerosol_light_scattering_enhancement_factor, no unit, Wavelength=700nm, Matrix=pm10_humidified, RH base max=40% 
aerosol_light_backscattering_enhancement_factor, no unit, Wavelength=450nm, Matrix=pm10_humidified, RH base max=40% 
aerosol_light_backscattering_enhancement_factor, no unit, Wavelength=550nm, Matrix=pm10_humidified, RH base max=40% 
aerosol_light_backscattering_enhancement_factor, no unit, Wavelength=700nm, Matrix=pm10_humidified, RH base max=40% 
aerosol_light_scattering_enhancement_factor, no unit, Wavelength=450nm, Matrix=pm10_humidified, RH base=40% 
[...]
Submitter:                    Burgos, Maria A., paul.zieger@aces.su.se, Department of Environmental Science and Analytical Chemistry, ACES,,Frescativägen 54,, SE10691, Stockholm, Sweden 
Data level:                   1 
Version:                      1 
Version description:          "corrected values: data screening + truncation, STP, and losses corrections" 
Height AGL:                   10m 
Inlet type:                   Hat or hood 
Humidity/temperature control: Humidification 
Humidity/temperature control description: humidogram 
Volume std. temperature:       273.15 K 
Volume std. pressure:         1013.25 hPa 
Detection limit:              0.5 1/Mm 
Detection limit expl.:        Determined by instrument counting statistics, no detection limit flag used 
Measurement uncertainty expl.: Uncertainty analysis described in Burgos et al., 2019 
Zero/negative values code:    zero/negative possible 
Zero/negative values:         zero and neg. values may appear due to statistical variations at very low concentrations  
Standard method:              cal-gas=CO2+AIR_truncation-correction=Anderson1998 
Acknowledgement:              Request acknowledgement details from data originator 
start_time end_time p_ref_int p_wet_int T_ref_int T_wet_int RH_ref_int RH_wet_int nWav sc450_ref sc550_ref sc700_ref sc450_wet sc550_wet sc700_wet bsc450_ref bsc550_ref bsc700_ref bsc450_wet bsc550_wet bsc700_wet frh450_total frh550_total frh700_total frh450_back frh550_back frh700_back frh450_total_dry40 frh550_total_dry40 frh700_total_dry40 frh450_back_dry40 frh550_back_dry40 frh700_back_dry40 numflag 
[from data line 11257]
326.900694 326.901389 920.000 920.400 306.150 308.075 20.400 62.700 3.000 26.609 19.639 13.381 31.152 23.703 17.371 2.914 2.360 1.955 2.668 2.183 2.129 1.171 1.207 1.298 0.915 0.925 1.089 1.174 1.204 1.268 1.090 0.967 0.900 0.000
326.901389 326.902083 920.125 920.475 306.150 308.150 20.400 69.000 3.000 26.668 19.678 13.313 34.041 27.294 19.953 2.992 2.410 1.968 2.682 2.808 2.387 1.276 1.387 1.499 0.896 1.165 1.213 1.283 1.386 1.457 1.096 1.244 1.009 0.000
326.902083 326.902778 920.100 920.500 306.150 308.225 20.400 72.750 3.000 26.938 19.942 13.397 34.955 27.595 19.791 2.993 2.377 1.993 2.586 2.333 2.304 1.298 1.384 1.477 0.864 0.981 1.156 1.317 1.401 1.445 1.057 1.034 0.973 0.000
326.902778 326.903472 920.100 920.525 306.200 308.150 20.400 60.100 3.000 27.241 20.116 13.453 30.416 22.913 15.687 3.120 2.408 1.950 3.015 2.023 2.287 1.117 1.139 1.166 0.966 0.840 1.173 1.146 1.163 1.145 1.232 0.897 0.966 0.000
326.903472 326.904167 920.075 920.450 306.200 308.225 20.400 63.450 3.000 27.350 20.175 13.430 31.994 25.257 19.121 3.183 2.427 2.013 2.837 2.330 2.346 1.170 1.252 1.424 0.892 0.960 1.165 1.206 1.282 1.396 1.160 1.032 0.991 0.000
326.904167 326.904861 920.100 920.500 306.250 308.350 20.375 71.175 3.000 27.264 20.014 13.414 37.784 28.985 20.625 3.165 2.397 1.965 3.083 2.583 2.385 1.386 1.448 1.538 0.974 1.078 1.214 1.424 1.472 1.506 1.260 1.145 1.008 0.000
326.904861 326.905556 920.000 920.450 306.250 308.350 20.300 76.775 3.000 27.130 20.011 13.433 39.291 31.041 22.479 3.137 2.329 2.034 2.642 2.567 2.356 1.448 1.551 1.673 0.842 1.102 1.158 1.481 1.576 1.641 1.080 1.137 0.996 0.000
326.905556 326.906250 920.000 920.425 306.250 308.350 20.300 76.050 3.000 27.046 19.892 13.494 36.772 29.736 21.831 3.135 2.363 1.971 2.969 2.537 2.221 1.360 1.495 1.618 0.947 1.073 1.127 1.386 1.510 1.594 1.214 1.124 0.939 0.000
326.906250 326.906944 919.950 920.400 306.275 308.300 20.300 72.725 3.000 26.714 19.623 13.255 34.925 27.221 20.770 2.953 2.301 1.986 2.549 2.557 2.192 1.307 1.387 1.567 0.863 1.111 1.103 1.316 1.382 1.516 1.042 1.133 0.926 0.000
326.906944 326.907639 919.900 920.325 306.325 308.250 20.300 68.875 3.000 26.344 19.320 13.118 32.969 26.020 19.265 2.967 2.241 1.896 3.017 2.453 2.224 1.251 1.347 1.469 1.017 1.095 1.173 1.242 1.321 1.407 1.233 1.087 0.940 0.000
326.907639 326.908333 919.825 920.300 306.350 308.150 20.300 65.175 3.000 26.115 19.355 13.153 31.503 24.131 16.878 2.966 2.231 1.894 2.287 2.632 2.065 1.206 1.247 1.283 0.771 1.179 1.090 1.187 1.225 1.232 0.935 1.166 0.873 0.000
326.908333 326.909028 919.775 920.225 306.350 308.150 20.300 62.300 3.000 25.979 19.162 13.070 30.301 22.433 16.776 2.910 2.260 1.780 2.383 2.323 2.188 1.166 1.171 1.284 0.819 1.028 1.229 1.142 1.139 1.225 0.974 1.029 0.924 0.000
326.909028 326.909722 919.800 920.225 306.350 308.100 20.300 57.750 3.000 25.890 18.977 12.874 27.837 21.666 15.451 2.941 2.267 1.821 2.906 2.286 2.062 1.075 1.142 1.200 0.988 1.008 1.132 1.049 1.100 1.128 1.188 1.013 0.871 0.000
326.909722 326.910417 919.800 920.200 306.350 308.050 20.300 49.775 3.000 25.714 18.981 12.861 25.815 20.189 14.268 2.977 2.280 1.795 2.365 1.990 2.187 1.004 1.064 1.109 0.794 0.873 1.218 0.973 1.025 1.042 0.967 0.882 0.924 0.000
326.910417 326.911111 919.800 920.250 306.350 308.050 20.300 47.450 3.000 25.934 19.099 12.938 26.712 19.600 13.953 2.833 2.256 1.822 2.843 2.033 1.764 1.030 1.026 1.078 1.004 0.901 0.969 1.007 0.995 1.019 1.162 0.901 0.746 0.000
326.911111 326.911806 919.725 920.150 306.350 308.075 20.225 41.400 3.000 25.930 18.976 12.717 25.623 19.062 13.293 2.826 2.263 1.879 2.211 2.097 2.429 0.988 1.005 1.045 0.782 0.927 1.293 0.966 0.968 0.971 0.904 0.929 1.027 0.000
326.911806 326.912500 919.700 920.175 306.350 308.050 20.275 27.775 3.000 26.083 18.983 12.695 25.209 18.485 12.222 2.897 2.249 1.942 3.091 2.286 1.810 0.966 0.974 0.963 1.067 1.017 0.932 0.950 0.939 0.892 1.263 1.013 0.765 0.000
326.912500 326.913194 919.650 920.075 306.350 308.075 20.225 25.350 3.000 26.165 19.039 12.652 24.006 17.130 12.371 2.792 2.272 1.975 1.572 2.193 1.942 0.917 0.900 0.978 0.563 0.965 0.983 0.905 0.870 0.903 0.642 0.972 0.821 0.000
326.913194 326.913889 919.675 920.100 306.350 308.150 20.250 23.750 3.000 25.239 19.426 14.366 24.445 17.567 12.394 2.784 2.351 2.162 1.857 2.131 1.920 0.969 0.904 0.863 0.667 0.906 0.888 0.921 0.892 0.905 0.759 0.944 0.811 0.000
326.913889 326.914583 919.600 920.075 306.350 308.150 20.200 22.925 3.000 25.506 19.547 14.345 24.132 18.326 12.154 2.848 2.401 2.231 2.428 1.951 1.985 0.946 0.938 0.847 0.853 0.813 0.890 0.909 0.931 0.887 0.992 0.865 0.839 0.000
326.918056 326.918750 919.500 920.000 306.350 307.550 20.400 32.100 3.000 25.958 19.930 14.586 19.168 18.660 18.178 2.824 2.431 2.199 2.632 2.544 2.470 0.738 0.936 1.246 0.932 1.046 1.123 0.722 0.947 1.327 1.076 1.127 1.044 0.000
326.918750 326.919444 919.525 920.025 306.400 307.625 20.350 30.875 3.000 26.216 20.062 14.577 25.805 19.672 13.342 2.807 2.523 2.221 2.170 2.406 2.336 0.984 0.981 0.915 0.773 0.954 1.052 0.972 0.999 0.974 0.887 1.066 0.987 0.000
326.919444 326.920139 919.500 920.000 306.450 307.750 20.300 29.325 3.000 26.537 20.408 14.772 26.436 20.327 14.063 2.897 2.478 2.264 3.216 2.314 2.411 0.996 0.996 0.952 1.110 0.934 1.065 0.996 1.032 1.027 1.314 1.025 1.019 0.000
326.920139 326.920833 919.500 920.000 306.450 307.750 20.250 28.375 3.000 28.129 20.462 13.288 25.406 19.478 13.257 2.962 2.458 2.176 3.408 2.553 2.540 0.903 0.952 0.998 1.151 1.039 1.167 0.957 0.989 0.968 1.393 1.131 1.073 0.000
326.920833 326.921528 919.475 919.975 306.450 307.800 20.250 29.000 3.000 28.440 20.742 13.545 28.581 21.077 14.109 3.023 2.493 2.247 3.223 2.574 2.383 1.005 1.016 1.042 1.066 1.032 1.060 1.077 1.070 1.030 1.317 1.140 1.007 0.000
326.921528 326.922222 919.450 919.950 306.450 307.750 20.250 30.950 3.000 28.672 20.910 13.651 27.373 20.219 13.810 3.132 2.503 2.286 3.319 2.643 2.044 0.955 0.967 1.012 1.060 1.056 0.894 1.032 1.027 1.008 1.356 1.171 0.864 0.000
326.922222 326.922917 919.400 919.925 306.450 307.800 20.200 36.125 3.000 28.931 21.179 13.785 29.060 21.444 14.811 3.193 2.433 2.248 3.100 2.700 2.192 1.004 1.012 1.074 0.971 1.110 0.975 1.095 1.089 1.081 1.267 1.196 0.926 0.000
326.922917 326.923611 919.400 919.950 306.450 307.900 20.200 43.900 3.000 29.041 21.249 13.775 29.913 22.210 15.270 3.191 2.482 2.205 2.836 2.415 2.580 1.030 1.045 1.108 0.889 0.973 1.170 1.127 1.128 1.115 1.159 1.070 1.090 0.000
326.923611 326.924306 919.400 919.900 306.550 307.950 20.200 47.375 3.000 28.898 21.240 13.729 30.439 23.129 15.751 3.189 2.495 2.186 2.321 2.412 2.248 1.053 1.089 1.147 0.728 0.967 1.028 1.147 1.174 1.150 0.948 1.069 0.950 0.000
326.924306 326.925000 919.400 919.925 306.550 307.950 20.200 49.950 3.000 28.763 21.104 13.571 30.877 23.111 15.528 3.142 2.511 2.104 2.953 2.552 2.122 1.073 1.095 1.144 0.940 1.016 1.009 1.164 1.173 1.134 1.207 1.131 0.897 0.000
326.925000 326.925694 919.350 919.850 306.550 308.000 20.200 52.200 3.000 28.519 20.886 13.331 30.629 23.084 16.481 3.115 2.499 2.098 2.882 2.735 2.046 1.074 1.105 1.236 0.925 1.094 0.975 1.154 1.172 1.203 1.178 1.212 0.864 0.000
326.925694 326.926389 919.275 919.800 306.550 308.050 20.200 54.300 3.000 28.420 20.657 13.120 31.207 22.528 16.259 3.027 2.528 2.051 2.999 2.466 2.449 1.098 1.091 1.239 0.991 0.976 1.194 1.176 1.144 1.187 1.226 1.093 1.035 0.000
326.926389 326.927083 919.300 919.800 306.550 308.050 20.200 56.200 3.000 28.342 20.445 12.943 31.529 23.429 17.129 3.023 2.552 2.093 2.755 2.779 2.269 1.112 1.146 1.323 0.911 1.089 1.084 1.188 1.190 1.251 1.126 1.231 0.959 0.000
326.927083 326.927778 919.300 919.800 306.550 308.125 20.200 59.150 3.000 28.340 20.160 12.746 32.436 24.169 17.147 3.158 2.538 2.146 3.465 2.244 2.382 1.145 1.199 1.345 1.097 0.884 1.110 1.222 1.227 1.252 1.416 0.994 1.007 0.000
326.927778 326.928472 919.275 919.775 306.575 308.150 20.200 61.050 3.000 28.390 19.934 12.666 33.733 25.678 18.322 3.154 2.552 2.113 3.561 2.650 2.663 1.188 1.288 1.447 1.129 1.038 1.260 1.271 1.304 1.338 1.455 1.174 1.125 0.000
326.928472 326.929167 919.200 919.750 306.625 308.225 20.175 64.000 3.000 28.391 19.808 12.610 34.188 26.194 17.182 3.162 2.593 2.135 3.466 2.451 2.767 1.204 1.322 1.363 1.096 0.945 1.296 1.288 1.330 1.255 1.416 1.086 1.169 0.000
326.929167 326.929861 919.175 919.775 306.650 308.250 20.175 66.400 3.000 28.276 19.982 12.555 36.445 26.690 18.762 3.248 2.589 2.142 3.569 3.070 2.312 1.289 1.336 1.494 1.099 1.186 1.079 1.373 1.355 1.370 1.459 1.360 0.977 0.000
326.929861 326.930556 919.125 919.725 306.650 308.300 20.150 68.975 3.000 28.141 19.801 12.398 38.884 27.541 20.396 3.285 2.570 2.089 3.336 2.628 2.775 1.382 1.391 1.645 1.016 1.023 1.328 1.465 1.398 1.489 1.363 1.165 1.172 0.000
326.930556 326.931250 919.125 919.700 306.650 308.350 20.150 71.400 3.000 27.815 19.612 12.165 39.099 29.225 20.538 3.208 2.567 2.041 3.195 2.519 2.155 1.406 1.490 1.688 0.996 0.981 1.056 1.473 1.484 1.500 1.306 1.116 0.911 0.000
326.931250 326.931944 919.125 919.725 306.650 308.350 20.150 72.875 3.000 27.370 19.398 11.969 40.187 29.404 21.501 3.159 2.509 2.064 2.903 2.868 2.316 1.468 1.516 1.796 0.919 1.143 1.122 1.514 1.493 1.570 1.186 1.271 0.979 0.000
326.931944 326.932639 919.100 919.700 306.650 308.400 20.150 73.875 3.000 27.077 18.986 11.700 40.482 29.476 22.043 3.100 2.445 1.999 2.683 2.623 2.181 1.495 1.553 1.884 0.865 1.073 1.091 1.526 1.497 1.609 1.096 1.162 0.922 0.000
326.932639 326.933333 919.075 919.675 306.675 308.475 20.125 74.500 3.000 26.696 18.493 11.439 41.051 29.945 20.805 3.030 2.404 1.968 2.739 2.667 1.936 1.538 1.619 1.819 0.904 1.109 0.984 1.547 1.520 1.519 1.119 1.182 0.818 0.000
326.933333 326.934028 919.025 919.625 306.750 308.550 20.100 75.350 3.000 26.284 18.043 11.077 41.228 30.032 19.769 2.900 2.354 1.911 2.622 2.268 1.869 1.569 1.664 1.785 0.904 0.963 0.978 1.554 1.525 1.443 1.072 1.005 0.790 0.000
326.934028 326.934722 919.000 919.600 306.750 308.550 20.100 76.200 3.000 25.894 17.526 10.797 39.800 30.026 19.813 2.817 2.298 1.868 2.581 2.581 2.810 1.537 1.713 1.835 0.916 1.123 1.504 1.500 1.525 1.447 1.055 1.144 1.187 0.000
326.934722 326.935417 919.025 919.600 306.750 308.475 20.075 68.025 3.000 25.643 17.382 10.568 30.332 22.458 15.127 2.757 2.271 1.847 2.608 2.460 1.681 1.183 1.292 1.431 0.946 1.084 0.910 1.143 1.140 1.104 1.066 1.090 0.710 0.000
326.935417 326.936111 919.000 919.500 306.750 308.350 20.025 57.800 3.000 25.468 17.245 10.376 26.314 19.266 11.862 2.767 2.277 1.869 2.332 2.183 1.826 1.033 1.117 1.143 0.843 0.959 0.977 0.992 0.978 0.866 0.953 0.967 0.771 0.000
326.936111 326.936806 919.000 919.500 306.750 308.350 20.000 53.350 3.000 25.401 17.134 10.327 26.536 19.995 12.627 2.818 2.250 1.871 2.280 2.496 1.535 1.045 1.167 1.223 0.809 1.109 0.820 1.000 1.015 0.922 0.932 1.106 0.649 0.000
326.936806 326.937500 918.950 919.500 306.750 308.400 20.000 56.550 3.000 25.550 17.341 10.628 28.292 19.651 12.323 2.866 2.241 1.827 2.205 2.244 1.571 1.107 1.133 1.159 0.769 1.001 0.860 1.066 0.998 0.900 0.901 0.994 0.664 0.000
326.937500 326.938194 918.875 919.450 306.750 308.550 20.000 64.925 3.000 25.508 17.510 10.743 30.003 22.554 15.827 2.844 2.223 1.823 2.609 2.092 1.601 1.176 1.288 1.473 0.917 0.941 0.878 1.131 1.145 1.156 1.066 0.927 0.676 0.000
326.938194 326.938889 918.875 919.450 306.750 308.625 20.025 72.200 3.000 25.215 17.304 10.709 35.449 26.895 19.162 2.919 2.175 1.812 2.523 2.462 2.639 1.406 1.554 1.789 0.864 1.132 1.457 1.336 1.366 1.399 1.031 1.091 1.115 0.000
326.938889 326.939583 918.850 919.400 306.750 308.675 20.000 76.500 3.000 24.994 17.249 10.665 39.823 30.410 21.229 2.798 2.111 1.770 3.079 2.502 2.552 1.593 1.763 1.991 1.101 1.185 1.442 3.069 3.425 3.866 2.050 2.080 3.052 0.000
326.939583 326.940278 918.875 919.400 306.750 308.725 20.000 80.100 3.000 24.733 16.988 10.585 42.896 30.780 21.939 2.726 2.114 1.704 2.686 2.520 2.588 1.734 1.812 2.073 0.985 1.192 1.519 3.305 3.466 3.995 1.789 2.094 3.095 0.000
326.940278 326.940972 918.900 919.400 306.750 308.725 20.000 81.050 3.000 23.592 16.145 9.962 40.285 28.937 19.332 2.602 2.052 1.740 2.924 1.960 1.967 1.708 1.792 1.941 1.124 0.955 1.131 3.104 3.259 3.520 1.947 1.629 2.352 0.000
326.940972 326.941667 918.800 919.375 306.750 308.525 20.000 63.125 3.000 21.346 14.314 8.705 26.006 18.565 12.381 2.443 1.880 1.542 2.161 2.215 2.037 1.218 1.297 1.422 0.885 1.178 1.321 2.004 2.091 2.255 1.439 1.841 2.436 0.000
326.941667 326.942361 918.775 919.325 306.750 308.500 20.000 52.525 3.000 18.675 12.385 7.351 21.768 15.270 9.965 2.192 1.658 1.367 1.758 1.835 2.092 1.166 1.233 1.356 0.802 1.107 1.530 1.677 1.720 1.815 1.170 1.525 2.501 0.000
326.942361 326.943056 918.775 919.300 306.800 308.600 20.000 59.600 3.000 15.342 10.079 5.975 14.713 9.700 7.055 1.850 1.455 1.152 1.090 0.833 1.152 0.959 0.962 1.181 0.589 0.572 0.999 1.134 1.092 1.285 0.725 0.692 1.377 0.000
326.943056 326.943750 918.750 919.300 306.750 308.650 20.000 63.925 3.000 12.093 7.775 4.463 15.505 10.335 6.435 1.510 1.188 0.975 1.162 1.160 1.467 1.282 1.329 1.442 0.769 0.976 1.505 1.195 1.164 1.172 0.774 0.964 1.754 0.000
326.943750 326.944444 918.750 919.300 306.775 308.600 20.000 53.525 3.000 10.862 6.942 3.871 8.455 6.433 3.913 1.375 1.022 0.845 0.556 1.017 0.332 0.778 0.927 1.011 0.405 0.995 0.393 0.651 0.724 0.712 0.370 0.845 0.397 0.000
326.944444 326.945139 918.700 919.250 306.750 308.525 20.000 45.800 3.000 10.558 6.897 3.961 8.624 6.294 4.286 1.291 0.922 0.805 1.106 0.703 1.013 0.817 0.913 1.082 0.857 0.762 1.259 0.665 0.709 0.781 0.737 0.584 1.212 0.000
326.945139 326.945833 918.625 919.200 306.850 308.425 20.000 41.725 3.000 12.060 7.976 4.633 14.228 9.864 6.544 1.324 1.057 0.829 2.109 1.482 0.866 1.180 1.237 1.413 1.593 1.402 1.046 1.096 1.111 1.192 1.404 1.232 1.036 0.000
326.945833 326.946528 918.575 919.150 306.800 308.350 19.975 38.200 3.000 14.044 9.224 5.294 11.673 7.853 4.393 1.527 1.158 0.934 0.868 0.912 0.805 0.831 0.851 0.830 0.568 0.788 0.862 0.899 0.884 0.800 0.578 0.758 0.962 0.000
326.946528 326.947222 918.575 919.125 306.750 308.250 19.950 31.450 3.000 15.522 10.074 5.810 18.774 12.837 7.322 1.584 1.236 0.992 1.705 1.475 1.693 1.210 1.274 1.260 1.076 1.193 1.706 1.447 1.446 1.333 1.135 1.226 2.025 0.000
326.947222 326.947917 918.500 919.100 306.800 308.150 19.925 26.525 3.000 15.405 10.940 7.516 17.581 11.318 7.629 1.707 1.446 1.213 1.646 1.281 1.635 1.141 1.035 1.015 0.964 0.886 1.348 1.355 1.275 1.389 1.096 1.065 1.955 0.000
326.947917 326.948611 918.550 919.100 306.800 308.150 19.900 25.525 3.000 16.103 12.252 9.262 14.892 10.232 6.337 1.963 1.680 1.478 1.587 1.085 1.509 0.925 0.835 0.684 0.809 0.646 1.021 1.147 1.152 1.154 1.057 0.902 1.804 0.000
327.418056 327.418750 910.800 908.400 293.350 294.050 39.700 40.100 3.000 15.664 12.672 10.522 14.349 13.969 13.608 2.042 1.708 1.582 1.684 1.628 1.580 0.916 1.102 1.293 0.825 0.953 0.999 0.925 0.944 0.939 0.883 0.872 0.895 0.000
327.418750 327.419444 910.775 908.400 293.375 294.200 39.500 39.550 3.000 15.393 13.336 12.177 15.320 14.229 14.011 2.164 1.805 1.678 1.690 2.057 1.957 0.995 1.067 1.151 0.781 1.140 1.166 0.988 0.962 0.966 0.886 1.102 1.108 0.000
327.419444 327.420139 910.750 908.425 293.525 294.325 39.400 38.900 3.000 15.637 14.419 13.960 16.299 15.985 15.021 2.344 1.956 1.879 1.710 2.010 2.135 1.042 1.109 1.076 0.730 1.027 1.136 1.051 1.080 1.036 0.897 1.077 1.209 0.000
327.420139 327.420833 910.725 908.400 293.550 294.375 39.125 38.425 3.000 16.095 14.651 13.965 16.589 16.022 14.187 2.357 1.879 1.786 2.346 2.094 2.311 1.031 1.094 1.016 0.995 1.115 1.294 1.070 1.083 0.978 1.230 1.122 1.308 0.000
327.420833 327.421528 910.875 908.575 293.600 294.450 38.875 38.125 3.000 16.163 14.814 14.090 16.464 14.807 14.696 2.260 1.890 1.771 1.977 2.107 1.908 1.019 1.000 1.043 0.875 1.115 1.078 1.062 1.001 1.014 1.037 1.129 1.080 0.000
