HLM/GB0060R.20060101000000.20181219000000.nephelometer.aerosol_light_scattering_coefficient.pm10.1mo.1mn.TSI_3563_HLM_ref_TSI_3563_HLM_wet..lev0.nas
89 1001 
Andrews, Elisabeth; Jefferson, Anne; Burgos, Maria A.  
US06L, National Oceanic and Atmospheric Administration , NOAA/ESRL/GMD,  "Earth System Research Laboratory, Global Monitoring Division", 325 Broadway, , CO 80305-3, Boulder, U.S.A. 
Burgos, Maria A. 
NOAA-ESRL 
1 1 
2006 01 01 2018 12 19 
0.000000 
Days from the file reference point (start_time) 
21 
1 1 1 1 1 1 1 1 1 1 1 1 1 1 1 1 1 1 1 1 1  
9999.999999 9999.999 9999.999 9999.999 9999.999 9999.999 9999.999 9.999 9999.999 9999.999 9999.999 9999.999 9999.999 9999.999 9999.999 9999.999 9999.999 9999.999 9999.999 9999.999 9.999 
end_time of measurement, days from the file reference point 
pressure, hPa, Location=reference nephelometer internal 
pressure, hPa, Location=humidified nephleometer internal 
temperature, K, Location=reference nephelometer internal 
temperature, K, Location=humidified nephleometer internal 
relative_humidity, %, Location=reference nephelometer internal 
relative_humidity, %, Location=humidified nephleometer internal 
number of wavelengths 
aerosol_light_scattering_coefficient, 1/Mm, Wavelength=450nm, Location=reference nephelometer 
aerosol_light_scattering_coefficient, 1/Mm, Wavelength=450nm, Location=humidified nephleometer, Matrix=pm10_humidified 
aerosol_light_scattering_coefficient, 1/Mm, Wavelength=550nm, Location=reference nephelometer 
aerosol_light_scattering_coefficient, 1/Mm, Wavelength=550nm, Location=humidified nephleometer, Matrix=pm10_humidified 
aerosol_light_scattering_coefficient, 1/Mm, Wavelength=700nm, Location=reference nephelometer 
aerosol_light_scattering_coefficient, 1/Mm, Wavelength=700nm, Location=humidified nephleometer, Matrix=pm10_humidified 
aerosol_light_backscattering_coefficient, 1/Mm, Wavelength=450nm, Location=reference nephelometer 
aerosol_light_backscattering_coefficient, 1/Mm, Wavelength=450nm, Location=humidified nephleometer, Matrix=pm10_humidified 
aerosol_light_backscattering_coefficient, 1/Mm, Wavelength=550nm, Location=reference nephelometer 
aerosol_light_backscattering_coefficient, 1/Mm, Wavelength=550nm, Location=humidified nephleometer, Matrix=pm10_humidified 
aerosol_light_backscattering_coefficient, 1/Mm, Wavelength=700nm, Location=reference nephelometer 
aerosol_light_backscattering_coefficient, 1/Mm, Wavelength=700nm, Location=humidified nephleometer, Matrix=pm10_humidified 
numflag, no unit 
0 
54
Data definition:              EBAS_1.1 
Set type code:                TI 
Station code:                 GB0060R 
Platform code:                GB0060S 
Timezone:                     UTC 
Startdate:                    20061105120200 
Revision date:                20181219000000 
Component:                    aerosol_light_scattering_coefficient 
Unit:                         1/Mm 
Matrix:                       pm10 
Period code:                  1mo 
Resolution code:              1mn 
Sample duration:             1mn 
Laboratory code:              US06L 
Instrument type:              nephelometer 
Instrument manufacturer:      TSI 
Instrument model:             3563 
Instrument name:              TSI_3563_HLM_ref+TSI_3563_HLM_wet 
Method ref:                   US06L_hygro_tandem_neph_CorrData 
Orig. time res.:              1mn 
[...]
Submitter:                    Burgos, Maria A., paul.zieger@aces.su.se, Department of Environmental Science and Analytical Chemistry, ACES,,Frescativägen 54,, SE10691, Stockholm, Sweden 
Data level:                   0 
Version:                      1 
Version description:          raw values, RH sensor correction 
Height AGL:                   10m 
Inlet type:                   Hat or hood 
Inlet description:            Heated, stainless steel, see full description in Delene and Ogren, J. Atmos. Sci, 2002. 
Humidity/temperature control: Humidification 
Humidity/temperature control description: humidogram 
Volume std. temperature:      instrument internal 
Volume std. pressure:         instrument internal 
Detection limit:              0.5 1/Mm 
Detection limit expl.:        Determined by instrument counting statistics, no detection limit flag used 
Measurement uncertainty expl.: Uncertainty analysis described in Burgos et al., 2019 
Zero/negative values code:    zero/negative possible 
Zero/negative values:         zero and neg. values may appear due to statistical variations at very low concentrations  
Standard method:              cal-gas=CO2+AIR_truncation-correction=none 
Acknowledgement:              Request acknowledgement details from data originator 
start_time end_time p_ref_int p_wet_int T_ref_int T_wet_int RH_ref_int RH_wet_int nWav sc450_ref sc550_ref sc700_ref sc450_wet sc550_wet sc700_wet bsc450_ref bsc550_ref bsc700_ref bsc450_wet bsc550_wet bsc700_wet numflag 
[from data line 3347]
317.086806 317.087500 936.475 935.225 299.050 299.750 37.550 42.975 3.000 0.488 0.305 0.265 1.597 0.797 0.502 0.370 0.142 9999.999 0.527 0.283 0.145 0.000
317.087500 317.088194 936.300 935.100 299.050 299.750 37.500 42.775 3.000 1.460 0.980 0.542 1.978 0.985 0.760 0.253 0.220 0.105 0.350 9999.999 0.250 0.000
317.088194 317.088889 936.425 935.225 299.050 299.750 37.575 42.925 3.000 2.350 1.670 0.580 3.550 1.810 0.815 0.423 0.415 0.378 0.070 0.177 0.448 0.000
317.088889 317.089583 936.525 935.300 299.050 299.750 37.600 43.625 3.000 1.613 0.955 0.342 1.735 1.403 0.757 0.355 0.340 0.313 0.012 0.390 0.387 0.000
317.089583 317.090278 936.575 935.375 299.050 299.750 37.600 44.425 3.000 1.615 0.777 0.313 1.577 1.285 0.635 0.133 0.188 0.018 0.235 0.075 0.047 0.000
317.090278 317.090972 936.575 935.350 299.050 299.750 37.600 44.675 3.000 0.655 0.460 0.343 1.885 0.925 0.448 0.380 0.275 0.088 0.180 0.200 0.058 0.000
317.090972 317.091667 936.525 935.325 299.050 299.750 37.600 46.550 3.000 1.478 0.913 0.617 2.440 1.445 0.460 0.275 0.227 0.260 0.318 0.382 0.527 0.000
317.091667 317.092361 936.575 935.425 299.050 299.775 37.600 48.100 3.000 0.692 0.450 0.335 1.565 0.998 0.515 9999.999 0.210 9999.999 0.470 9999.999 0.130 0.000
317.092361 317.093056 936.275 935.100 299.050 299.850 37.600 49.800 3.000 0.865 0.642 0.500 1.780 0.853 0.260 0.210 0.147 0.130 9999.999 0.300 0.360 0.000
317.093056 317.093750 936.375 935.175 299.100 299.875 37.600 51.825 3.000 1.018 0.748 0.133 1.752 1.518 0.550 0.225 0.175 0.055 0.580 0.035 0.048 0.000
317.093750 317.094444 936.775 935.525 299.150 299.875 37.550 54.225 3.000 0.940 0.365 0.175 0.960 0.650 0.530 0.185 0.055 0.105 9999.999 0.288 0.320 0.000
317.094444 317.095139 936.500 935.325 299.150 299.950 37.425 56.625 3.000 1.002 0.607 0.183 1.340 1.033 0.670 0.073 0.193 9999.999 0.155 0.305 0.220 0.000
317.095139 317.095833 936.575 935.375 299.150 299.950 37.450 58.875 3.000 3.987 1.960 1.097 4.053 2.375 1.848 0.310 0.327 0.357 0.255 0.455 0.302 0.000
317.095833 317.096528 936.425 935.225 299.150 299.975 37.600 61.300 3.000 2.255 1.390 0.623 2.883 1.790 1.113 0.308 0.410 0.140 0.323 0.072 0.048 0.000
317.096528 317.097222 936.575 935.400 299.150 300.050 37.600 63.950 3.000 1.502 1.088 0.703 3.142 1.770 0.825 0.270 0.060 9999.999 0.338 0.370 0.177 0.000
317.097222 317.097917 936.475 935.300 299.150 300.050 37.525 66.525 3.000 1.263 0.398 0.237 1.800 1.310 0.735 9999.999 0.117 0.015 0.448 0.242 0.275 0.000
317.097917 317.098611 936.250 935.075 299.150 300.150 37.500 68.950 3.000 1.138 0.848 0.173 1.525 1.095 0.950 0.333 0.362 0.333 0.370 0.020 0.063 0.000
317.098611 317.099306 936.225 935.025 299.150 300.200 37.425 71.425 3.000 0.965 0.455 0.378 1.290 1.395 0.475 0.215 0.183 9999.999 0.350 9999.999 0.050 0.000
317.099306 317.100000 936.250 935.050 299.150 300.250 37.400 74.150 3.000 0.422 0.838 0.130 2.015 1.363 0.808 9999.999 0.188 9999.999 9999.999 0.263 0.085 0.000
317.100000 317.100694 935.700 934.550 299.200 300.250 37.400 77.075 3.000 1.612 0.807 0.378 2.840 1.990 0.950 9999.999 0.207 0.015 0.237 9999.999 9999.999 0.000
317.100694 317.101389 936.250 935.050 299.225 300.350 37.400 79.975 3.000 1.527 0.713 0.443 3.565 2.588 1.320 0.050 0.195 0.198 0.185 0.160 0.052 0.000
317.101389 317.102083 936.375 935.225 299.150 300.375 37.400 81.950 3.000 1.145 0.742 0.395 2.815 1.785 1.315 0.243 0.240 0.138 9999.999 0.403 9999.999 0.000
317.102083 317.102778 936.425 935.225 299.200 300.450 37.400 83.750 3.000 1.555 1.125 0.393 3.825 1.943 1.315 0.335 0.048 9999.999 9999.999 9999.999 9999.999 0.000
317.102778 317.103472 936.425 935.200 299.250 300.475 37.400 85.350 3.000 1.708 0.917 0.325 4.537 2.315 1.430 0.128 0.263 0.040 0.145 9999.999 9999.999 0.000
317.103472 317.104167 936.375 935.175 299.325 300.575 37.450 87.100 3.000 1.125 0.792 0.630 3.593 2.580 1.447 9999.999 0.198 0.205 0.600 0.070 9999.999 0.000
317.104167 317.104861 936.250 935.075 299.350 300.650 37.425 88.500 3.000 1.388 1.217 0.513 3.795 2.367 1.353 0.155 0.250 0.095 0.055 0.240 9999.999 0.000
317.104861 317.105556 936.400 935.175 299.350 300.700 37.475 89.375 3.000 1.258 0.818 0.363 4.245 2.842 1.352 0.185 0.350 0.185 0.207 0.263 9999.999 0.000
317.105556 317.106250 936.475 935.250 299.350 300.750 37.500 89.700 3.000 1.410 0.675 0.190 3.413 2.410 0.990 0.190 0.275 9999.999 9999.999 0.338 9999.999 0.000
317.106250 317.106944 936.275 935.075 299.350 300.725 37.400 89.575 3.000 1.995 1.120 0.525 4.900 3.390 1.620 0.438 0.280 0.210 0.200 0.018 9999.999 0.000
317.106944 317.107639 936.325 935.125 299.350 300.625 37.400 86.200 3.000 3.582 1.813 0.865 5.385 3.538 2.023 0.597 0.408 0.380 0.405 0.407 0.363 0.000
317.107639 317.108333 936.275 935.125 299.350 300.550 37.400 77.800 3.000 1.727 1.150 0.715 2.672 1.877 0.930 0.172 0.188 0.193 9999.999 9999.999 9999.999 0.000
317.108333 317.109028 936.175 934.975 299.350 300.700 37.400 78.700 3.000 2.790 1.313 0.667 3.577 2.708 1.493 0.425 0.143 0.170 0.373 0.092 0.215 0.000
317.109028 317.109722 936.200 935.025 299.400 300.850 37.400 84.050 3.000 1.970 0.790 0.362 4.285 2.663 1.125 0.218 0.302 0.140 9999.999 9999.999 9999.999 0.000
317.109722 317.110417 936.175 934.975 299.475 300.800 37.325 84.625 3.000 1.260 0.662 0.185 2.612 1.805 0.892 0.295 0.150 0.280 9999.999 9999.999 9999.999 0.000
317.110417 317.111111 936.200 935.025 299.550 300.750 37.300 82.550 3.000 1.245 0.575 0.330 2.648 1.972 0.748 0.443 0.153 0.050 9999.999 0.005 9999.999 0.000
317.111111 317.111806 936.075 934.900 299.525 300.750 37.275 80.000 3.000 1.828 0.813 0.465 2.250 1.660 0.425 0.420 0.193 0.055 9999.999 9999.999 0.045 0.000
317.111806 317.112500 936.050 934.875 299.550 300.750 37.225 77.075 3.000 1.815 1.337 0.813 3.260 2.497 1.028 9999.999 0.255 0.140 9999.999 9999.999 9999.999 0.000
317.112500 317.113194 935.825 934.625 299.550 300.675 37.200 74.350 3.000 2.405 1.293 0.560 2.723 1.635 0.935 0.340 0.240 0.488 0.343 0.212 9999.999 0.000
317.113194 317.113889 935.750 934.650 299.550 300.650 37.275 71.675 3.000 3.405 2.030 1.035 3.375 2.452 1.020 0.150 0.463 0.453 0.232 0.240 9999.999 0.000
317.113889 317.114583 935.975 934.800 299.550 300.650 37.300 68.675 3.000 3.488 1.568 0.843 3.095 2.648 1.117 0.363 0.280 0.275 9999.999 9999.999 0.008 0.000
317.114583 317.115278 936.000 934.850 299.550 300.650 37.300 65.250 3.000 1.440 0.905 0.422 2.962 1.098 0.852 9999.999 0.343 0.153 9999.999 0.230 0.098 0.000
317.115278 317.115972 935.700 934.550 299.575 300.650 37.300 62.350 3.000 2.563 1.598 0.780 2.825 1.290 0.917 0.650 0.250 0.055 0.237 0.112 0.160 0.000
317.115972 317.116667 935.775 934.675 299.650 300.650 37.200 59.575 3.000 3.093 1.745 0.620 3.120 1.800 1.143 0.313 0.425 0.248 0.378 0.170 0.463 0.000
317.116667 317.117361 935.725 934.600 299.650 300.600 37.100 56.975 3.000 2.158 1.345 0.610 2.765 1.270 0.797 0.080 0.218 0.222 0.120 0.057 0.378 0.000
317.117361 317.118056 935.675 934.525 299.650 300.550 37.100 54.125 3.000 4.080 1.978 0.880 3.570 2.295 1.073 0.492 0.340 0.222 0.740 0.282 0.012 0.000
317.118056 317.118750 935.650 934.525 299.650 300.550 37.100 51.450 3.000 3.782 2.160 1.180 3.855 1.648 0.897 0.680 0.350 0.268 0.347 0.200 0.035 0.000
317.118750 317.119444 935.550 934.425 299.650 300.550 37.100 48.325 3.000 3.123 2.067 1.078 3.052 1.732 0.935 0.263 0.338 0.558 9999.999 0.263 0.527 0.000
317.119444 317.120139 935.775 934.650 299.650 300.550 37.100 44.150 3.000 1.805 1.180 0.490 3.400 1.515 1.148 0.200 0.277 0.128 0.180 0.453 0.440 0.000
317.120139 317.120833 935.400 934.300 299.650 300.525 37.050 42.750 3.000 5.380 3.308 1.500 4.588 2.668 1.460 0.772 0.488 0.393 0.198 0.537 0.605 0.000
317.120833 317.121528 935.550 934.500 299.650 300.550 37.100 41.725 3.000 1.970 0.963 0.765 2.825 2.183 0.800 0.510 0.300 0.098 0.715 0.190 0.100 0.000
317.121528 317.122222 935.675 934.575 299.650 300.550 37.100 39.500 3.000 1.520 0.663 0.367 1.448 0.990 0.290 0.273 0.200 9999.999 0.265 0.125 0.147 0.000
317.122222 317.122917 935.525 934.425 299.650 300.600 37.050 38.525 3.000 2.002 0.795 0.447 2.067 1.580 0.833 0.198 0.108 0.302 0.805 0.258 0.110 0.000
317.126389 317.127083 935.600 934.500 299.550 300.250 37.700 37.800 3.000 3.040 3.040 3.040 3.140 3.140 3.140 0.670 0.670 0.670 0.327 0.327 0.327 0.000
317.127083 317.127778 935.150 934.100 299.575 300.400 37.550 37.275 3.000 2.005 1.188 0.605 3.170 1.680 0.968 0.375 0.263 0.210 0.607 0.208 9999.999 0.000
317.127778 317.128472 935.075 934.000 299.650 300.450 37.350 36.500 3.000 5.155 2.910 1.275 3.865 2.600 1.067 0.598 0.415 0.283 0.285 0.417 0.120 0.000
317.128472 317.129167 935.475 934.425 299.650 300.475 37.300 36.125 3.000 4.058 2.245 1.115 5.070 2.672 1.335 0.548 0.323 0.340 0.757 0.508 0.545 0.000
317.129167 317.129861 935.475 934.400 299.650 300.525 37.300 38.700 3.000 1.280 0.675 0.258 1.175 1.060 0.383 0.318 0.147 0.015 0.367 0.185 9999.999 0.000
317.129861 317.130556 935.200 934.125 299.650 300.475 37.225 43.000 3.000 2.627 1.403 0.845 1.925 1.275 0.730 0.172 0.200 9999.999 0.657 0.308 0.252 0.000
317.130556 317.131250 934.950 933.925 299.650 300.450 37.200 43.175 3.000 2.185 1.240 0.398 2.907 1.535 0.667 0.228 0.180 0.102 0.580 0.385 0.310 0.000
317.131250 317.131944 935.075 934.000 299.650 300.500 37.175 45.175 3.000 1.678 1.107 0.225 1.958 1.468 0.765 0.260 0.220 0.030 0.552 0.313 0.525 0.000
317.131944 317.132639 935.025 934.000 299.650 300.500 37.100 45.625 3.000 2.240 1.328 0.392 2.758 1.337 0.655 0.215 0.255 0.008 0.190 0.282 0.253 0.000
317.132639 317.133333 935.025 933.975 299.650 300.525 37.200 47.325 3.000 2.002 0.925 0.603 2.090 1.245 0.738 0.295 0.230 0.283 0.477 0.213 0.082 0.000
317.133333 317.134028 935.150 934.050 299.650 300.550 37.125 48.350 3.000 1.178 0.915 0.558 2.243 1.058 0.905 0.110 0.158 0.138 0.778 0.255 0.210 0.000
317.134028 317.134722 934.975 933.900 299.700 300.600 37.100 51.250 3.000 2.988 1.742 0.620 3.360 1.978 0.912 0.332 0.150 0.267 0.328 0.188 0.242 0.000
317.134722 317.135417 935.200 934.100 299.725 300.700 37.050 57.350 3.000 2.200 1.803 0.547 2.745 1.828 0.618 0.430 0.380 0.133 0.228 0.350 0.223 0.000
317.135417 317.136111 935.075 934.025 299.700 300.750 37.025 59.725 3.000 7.248 4.293 2.037 7.178 4.175 2.560 0.743 0.580 0.565 0.697 0.700 0.345 0.000
317.136111 317.136806 935.050 934.000 299.650 300.750 37.100 60.825 3.000 2.405 1.448 0.750 3.243 1.960 1.337 0.375 0.235 0.242 0.988 0.258 0.355 0.000
317.136806 317.137500 934.725 933.625 299.725 300.750 37.100 62.150 3.000 3.138 1.780 1.008 3.230 2.183 1.268 0.282 0.410 0.297 9999.999 0.502 0.270 0.000
317.137500 317.138194 934.725 933.625 299.725 300.750 37.100 63.825 3.000 6.408 3.490 1.898 7.425 4.462 2.380 0.685 0.508 0.490 0.633 1.028 0.338 0.000
317.138194 317.138889 934.800 933.750 299.750 300.750 37.100 65.700 3.000 3.475 1.880 0.875 4.105 2.650 0.860 0.058 0.510 0.083 0.373 0.470 0.310 0.000
317.138889 317.139583 934.750 933.675 299.725 300.750 37.100 67.625 3.000 3.902 2.398 1.180 5.752 3.175 2.125 0.715 0.420 0.347 0.720 0.558 0.647 0.000
317.139583 317.140278 934.675 933.600 299.750 300.825 37.100 70.100 3.000 11.633 6.818 3.178 13.678 8.263 4.633 1.692 0.910 0.917 0.653 0.950 0.930 0.000
317.140278 317.140972 934.300 933.250 299.750 300.850 37.125 72.450 3.000 12.078 6.885 3.842 17.628 11.105 6.388 1.425 1.027 0.970 1.613 1.015 1.198 0.000
317.140972 317.141667 934.700 933.600 299.750 300.900 37.125 74.925 3.000 15.348 9.482 4.445 22.575 15.005 8.630 1.717 1.287 1.130 1.553 1.310 1.313 0.000
317.141667 317.142361 934.450 933.350 299.750 300.950 37.100 77.750 3.000 23.625 14.093 7.587 37.395 25.030 14.695 2.402 1.922 1.817 2.365 2.240 1.868 0.000
317.142361 317.143056 934.650 933.525 299.750 301.000 37.100 80.150 3.000 27.208 16.342 8.412 47.907 32.013 18.307 2.790 2.348 1.845 3.583 2.430 2.208 0.000
317.143056 317.143750 935.050 933.900 299.750 301.025 37.100 82.075 3.000 22.245 13.415 6.355 43.207 28.927 16.418 2.712 1.982 1.658 3.135 2.127 1.987 0.000
317.143750 317.144444 934.750 933.625 299.750 301.050 37.100 84.000 3.000 15.528 8.685 4.295 31.358 20.825 11.590 1.832 1.252 1.173 2.605 1.800 1.540 0.000
317.144444 317.145139 934.375 933.250 299.750 301.075 37.100 85.375 3.000 18.063 11.040 5.603 37.203 24.220 14.878 2.188 1.598 1.508 2.462 1.950 1.865 0.000
317.145139 317.145833 934.875 933.750 299.750 301.125 37.100 86.975 3.000 22.442 13.255 6.803 46.245 31.060 18.488 2.263 2.040 1.590 2.777 2.498 2.215 0.000
317.145833 317.146528 934.725 933.550 299.825 301.200 37.100 88.700 3.000 22.727 13.293 6.780 53.073 35.035 19.940 2.690 2.087 1.840 3.715 2.643 2.550 0.000
317.146528 317.147222 934.475 933.325 299.750 301.250 37.075 89.925 3.000 20.822 12.265 6.007 49.457 32.672 19.310 2.617 2.075 1.775 3.188 2.418 2.037 0.000
317.147222 317.147917 934.350 933.175 299.850 301.250 37.100 90.300 3.000 23.445 14.213 7.177 53.775 35.490 20.820 2.270 2.290 1.688 3.142 2.650 2.782 0.000
317.147917 317.148611 934.375 933.200 299.750 301.250 37.100 90.225 3.000 25.190 14.618 7.730 55.633 37.305 21.827 2.905 2.223 2.023 3.243 2.802 2.752 0.000
317.148611 317.149306 934.200 933.050 299.825 301.250 37.125 89.650 3.000 23.055 13.430 6.737 52.070 33.795 19.797 3.060 2.002 1.603 3.577 2.585 2.585 0.000
317.149306 317.150000 934.600 933.425 299.750 301.250 37.150 89.125 3.000 19.670 11.958 6.015 42.715 28.263 16.685 2.163 1.815 1.623 2.630 2.067 1.862 0.000
317.150000 317.150694 934.475 933.375 299.775 301.250 37.125 88.700 3.000 15.218 8.787 4.482 37.165 23.755 13.075 1.988 1.388 1.190 1.872 1.660 1.783 0.000
317.150694 317.151389 934.300 933.200 299.850 301.250 37.100 87.150 3.000 20.053 11.983 6.173 40.858 26.520 15.300 2.200 1.813 1.490 2.247 2.340 1.683 0.000
317.151389 317.152083 934.425 933.325 299.850 301.200 37.075 85.400 3.000 19.363 11.688 5.768 38.427 24.500 14.003 2.330 1.748 1.325 2.218 1.888 2.043 0.000
317.152083 317.152778 934.200 933.075 299.850 301.175 37.000 83.150 3.000 20.350 11.915 6.265 37.723 24.447 13.250 2.125 1.873 1.420 2.335 2.252 1.735 0.000
317.152778 317.153472 933.750 932.625 299.850 301.150 36.900 80.700 3.000 16.745 10.415 5.215 29.455 18.940 11.047 2.118 1.670 1.473 2.453 1.725 1.625 0.000
317.153472 317.154167 933.950 932.850 299.850 301.150 37.025 78.200 3.000 14.598 8.805 4.645 24.380 14.965 8.850 1.847 1.535 1.275 2.015 1.560 1.208 0.000
317.154167 317.154861 934.325 933.150 299.850 301.125 37.000 75.600 3.000 15.925 9.572 5.063 22.458 14.133 7.888 1.778 1.480 1.188 2.558 1.877 1.130 0.000
317.154861 317.155556 934.650 933.450 299.850 301.050 37.000 72.825 3.000 17.195 10.093 5.265 21.748 13.665 7.700 1.827 1.530 1.288 2.013 1.518 1.505 0.000
317.155556 317.156250 934.675 933.575 299.850 301.050 37.000 70.025 3.000 13.320 7.592 3.712 16.975 10.820 6.068 1.485 1.268 0.870 1.348 1.558 0.912 0.000
317.156250 317.156944 934.625 933.425 299.850 301.050 36.950 67.100 3.000 8.790 4.867 2.395 10.470 6.550 3.245 1.115 0.862 0.615 0.665 0.748 0.745 0.000
317.156944 317.157639 934.550 933.450 299.850 301.050 36.900 63.775 3.000 5.503 2.842 1.357 7.710 4.723 2.470 0.802 0.535 0.378 0.768 0.900 0.742 0.000
317.157639 317.158333 934.125 932.950 299.850 301.025 36.900 60.475 3.000 10.538 6.015 2.947 10.283 5.988 3.282 0.927 0.865 0.702 1.593 0.833 0.620 0.000
317.158333 317.159028 934.450 933.350 299.875 301.025 36.825 57.775 3.000 12.925 7.385 3.508 14.180 8.758 4.435 1.268 1.278 1.085 1.297 1.140 1.140 0.000
317.159028 317.159722 934.075 932.950 299.875 300.950 36.825 54.700 3.000 16.700 10.110 4.878 14.880 9.155 5.088 1.665 1.575 1.228 1.215 1.363 1.410 0.000
317.159722 317.160417 934.075 933.000 299.850 300.950 36.800 51.675 3.000 25.543 15.383 7.790 23.553 14.733 8.098 2.920 2.063 2.018 2.488 1.783 1.905 0.000
317.160417 317.161111 933.625 932.500 299.850 300.925 36.800 49.350 3.000 21.672 13.073 6.627 20.538 12.785 7.000 2.267 1.875 1.400 1.905 1.928 1.595 0.000
