HLM/GB0060R.20060101000000.20181219000000.nephelometer.aerosol_light_scattering_coefficient.pm10.1mo.1mn.TSI_3563_HLM_ref_TSI_3563_HLM_wet..lev1.nas
100 1001 
Andrews, Elisabeth; Jefferson, Anne; Burgos, Maria A.  
US06L, National Oceanic and Atmospheric Administration , NOAA/ESRL/GMD,  "Earth System Research Laboratory, Global Monitoring Division", 325 Broadway, , CO 80305-3, Boulder, U.S.A. 
Burgos, Maria A. 
NOAA-ESRL 
1 1 
2006 01 01 2018 12 19 
0.000000 
Days from the file reference point (start_time) 
33 
1 1 1 1 1 1 1 1 1 1 1 1 1 1 1 1 1 1 1 1 1 1 1 1 1 1 1 1 1 1 1 1 1  
9999.999999 9999.999 9999.999 9999.999 9999.999 9999.999 9999.999 9.999 9999.999 9999.999 9999.999 9999.999 9999.999 9999.999 9999.999 9999.999 9999.999 9999.999 9999.999 9999.999 999.999 999.999 999.999 999.999 999.999 999.999 999.999 999.999 999.999 999.999 999.999 999.999 9.999 
end_time of measurement, days from the file reference point 
pressure, hPa, Location=reference nephelometer internal 
pressure, hPa, Location=humidified nephleometer internal 
temperature, K, Location=reference nephelometer internal 
temperature, K, Location=humidified nephleometer internal 
relative_humidity, %, Location=reference nephelometer internal 
relative_humidity, %, Location=humidified nephleometer internal 
number of wavelengths 
aerosol_light_scattering_coefficient, 1/Mm, Wavelength=450nm, Location=reference nephelometer 
aerosol_light_scattering_coefficient, 1/Mm, Wavelength=450nm, Location=humidified nephleometer, Matrix=pm10_humidified 
aerosol_light_scattering_coefficient, 1/Mm, Wavelength=550nm, Location=reference nephelometer 
aerosol_light_scattering_coefficient, 1/Mm, Wavelength=550nm, Location=humidified nephleometer, Matrix=pm10_humidified 
aerosol_light_scattering_coefficient, 1/Mm, Wavelength=700nm, Location=reference nephelometer 
aerosol_light_scattering_coefficient, 1/Mm, Wavelength=700nm, Location=humidified nephleometer, Matrix=pm10_humidified 
aerosol_light_backscattering_coefficient, 1/Mm, Wavelength=450nm, Location=reference nephelometer 
aerosol_light_backscattering_coefficient, 1/Mm, Wavelength=450nm, Location=humidified nephleometer, Matrix=pm10_humidified 
aerosol_light_backscattering_coefficient, 1/Mm, Wavelength=550nm, Location=reference nephelometer 
aerosol_light_backscattering_coefficient, 1/Mm, Wavelength=550nm, Location=humidified nephleometer, Matrix=pm10_humidified 
aerosol_light_backscattering_coefficient, 1/Mm, Wavelength=700nm, Location=reference nephelometer 
aerosol_light_backscattering_coefficient, 1/Mm, Wavelength=700nm, Location=humidified nephleometer, Matrix=pm10_humidified 
aerosol_light_scattering_enhancement_factor, no unit, Wavelength=450nm, Matrix=pm10_humidified, RH base max=40% 
aerosol_light_scattering_enhancement_factor, no unit, Wavelength=550nm, Matrix=pm10_humidified, RH base max=40% 
aerosol_light_scattering_enhancement_factor, no unit, Wavelength=700nm, Matrix=pm10_humidified, RH base max=40% 
aerosol_light_backscattering_enhancement_factor, no unit, Wavelength=450nm, Matrix=pm10_humidified, RH base max=40% 
aerosol_light_backscattering_enhancement_factor, no unit, Wavelength=550nm, Matrix=pm10_humidified, RH base max=40% 
aerosol_light_backscattering_enhancement_factor, no unit, Wavelength=700nm, Matrix=pm10_humidified, RH base max=40% 
aerosol_light_scattering_enhancement_factor, no unit, Wavelength=450nm, Matrix=pm10_humidified, RH base=40% 
[...]
Submitter:                    Burgos, Maria A., paul.zieger@aces.su.se, Department of Environmental Science and Analytical Chemistry, ACES,,Frescativägen 54,, SE10691, Stockholm, Sweden 
Data level:                   1 
Version:                      1 
Version description:          "corrected values: data screening + truncation, STP, and losses corrections" 
Height AGL:                   10m 
Inlet type:                   Hat or hood 
Humidity/temperature control: Humidification 
Humidity/temperature control description: humidogram 
Volume std. temperature:       273.15 K 
Volume std. pressure:         1013.25 hPa 
Detection limit:              0.5 1/Mm 
Detection limit expl.:        Determined by instrument counting statistics, no detection limit flag used 
Measurement uncertainty expl.: Uncertainty analysis described in Burgos et al., 2019 
Zero/negative values code:    zero/negative possible 
Zero/negative values:         zero and neg. values may appear due to statistical variations at very low concentrations  
Standard method:              cal-gas=CO2+AIR_truncation-correction=Anderson1998 
Acknowledgement:              Request acknowledgement details from data originator 
start_time end_time p_ref_int p_wet_int T_ref_int T_wet_int RH_ref_int RH_wet_int nWav sc450_ref sc550_ref sc700_ref sc450_wet sc550_wet sc700_wet bsc450_ref bsc550_ref bsc700_ref bsc450_wet bsc550_wet bsc700_wet frh450_total frh550_total frh700_total frh450_back frh550_back frh700_back frh450_total_dry40 frh550_total_dry40 frh700_total_dry40 frh450_back_dry40 frh550_back_dry40 frh700_back_dry40 numflag 
[from data line 8887]
323.428472 323.429167 946.525 944.625 294.850 295.950 28.400 62.475 3.000 5.704 3.528 1.823 5.688 3.225 1.824 0.938 0.632 0.502 0.961 0.706 0.765 0.997 0.914 1.000 1.025 1.117 1.525 2.758 1.652 0.973 1.164 0.866 0.976 0.000
323.429167 323.429861 946.500 944.600 294.850 295.950 28.425 64.975 3.000 7.274 4.524 2.378 4.567 2.815 1.927 1.146 0.823 0.635 1.918 0.442 0.453 0.628 0.622 0.810 1.674 0.537 0.713 2.215 1.442 1.028 2.323 0.542 0.578 0.000
323.429861 323.430556 946.550 944.650 294.875 295.950 28.400 67.775 3.000 7.381 4.546 2.510 9.878 6.564 3.654 1.079 0.834 0.666 0.772 1.048 0.788 1.338 1.444 1.455 0.716 1.257 1.184 4.790 3.363 1.950 0.936 1.286 1.006 0.000
323.430556 323.431250 946.525 944.625 294.850 296.000 28.500 70.650 3.000 7.684 4.683 2.592 16.926 10.009 5.285 1.055 0.859 0.682 1.960 1.247 0.900 2.203 2.137 2.040 1.858 1.452 1.319 8.208 5.127 2.821 2.374 1.531 1.149 0.000
323.431250 323.431944 946.525 944.575 294.875 296.050 28.500 73.575 3.000 8.251 5.041 2.820 14.841 9.367 4.880 1.181 0.925 0.751 1.252 1.366 0.997 1.799 1.858 1.731 1.060 1.476 1.327 7.197 4.798 2.604 1.517 1.676 1.272 0.000
323.431944 323.432639 946.475 944.500 294.875 296.100 28.500 76.175 3.000 8.451 5.159 2.899 8.981 5.454 3.140 1.222 0.954 0.759 0.914 0.650 0.764 1.063 1.057 1.083 0.748 0.682 1.007 4.355 2.794 1.676 1.108 0.798 0.976 0.000
323.432639 323.433333 946.475 944.575 294.900 296.150 28.475 79.075 3.000 8.394 5.022 2.737 12.955 8.128 4.490 1.291 0.959 0.717 1.314 0.809 0.861 1.543 1.618 1.641 1.018 0.844 1.201 6.282 4.164 2.396 1.592 0.993 1.099 0.000
323.433333 323.434028 946.525 944.600 294.950 296.225 28.425 81.975 3.000 7.956 4.732 2.567 16.804 10.498 6.136 1.312 0.937 0.660 1.040 1.251 0.768 2.112 2.218 2.391 0.793 1.335 1.163 8.149 5.378 3.275 1.260 1.536 0.980 0.000
323.434028 323.434722 946.475 944.575 294.950 296.250 28.400 84.500 3.000 9.168 5.491 2.982 21.762 13.506 7.159 1.548 1.113 0.761 2.113 1.631 1.429 2.374 2.460 2.401 1.365 1.465 1.880 10.553 6.919 3.821 2.560 2.002 1.825 0.000
323.434722 323.435417 946.450 944.525 294.950 296.250 28.400 86.550 3.000 9.843 5.879 3.218 17.889 11.301 5.578 1.581 1.182 0.775 1.005 1.024 0.889 1.817 1.922 1.733 0.636 0.866 1.147 8.675 5.789 2.977 1.218 1.257 1.134 0.000
323.435417 323.436111 946.475 944.500 294.925 296.350 28.400 88.375 3.000 9.302 5.457 3.002 24.139 15.980 8.481 1.488 1.131 0.718 1.392 1.601 1.300 2.595 2.928 2.825 0.936 1.415 1.811 11.706 8.186 4.526 1.687 1.965 1.660 0.000
323.436111 323.436806 946.475 944.500 294.950 296.400 28.400 90.200 3.000 8.962 6.049 4.202 23.531 15.400 7.764 1.418 1.217 0.890 2.246 1.651 1.461 2.626 2.546 1.848 1.584 1.357 1.641 11.411 7.889 4.143 2.722 2.026 1.865 0.000
323.436806 323.437500 946.400 944.475 294.950 296.475 28.400 91.675 3.000 9.697 6.861 4.912 17.270 10.823 5.247 1.516 1.279 1.047 1.302 1.134 0.693 1.781 1.578 1.068 0.859 0.886 0.661 8.375 5.544 2.800 1.578 1.392 0.884 0.000
323.459722 323.460417 945.800 944.000 295.050 295.850 30.500 40.500 3.000 9.639 7.140 5.448 8.669 8.439 8.222 1.459 1.273 1.052 1.281 1.238 1.202 0.899 1.182 1.509 0.878 0.973 1.142 0.720 0.989 1.362 0.645 0.874 0.938 0.000
323.460417 323.461111 945.875 944.000 295.050 295.850 30.400 40.225 3.000 9.895 7.631 5.926 12.561 8.741 6.342 1.543 1.293 1.175 2.089 1.506 1.274 1.269 1.145 1.070 1.354 1.164 1.085 1.043 1.024 1.051 1.051 1.063 0.994 0.000
323.461111 323.461806 945.775 943.900 295.150 295.900 30.250 39.650 3.000 10.682 8.413 6.546 11.249 8.213 5.560 1.638 1.374 1.259 1.829 1.279 1.293 1.053 0.976 0.849 1.116 0.931 1.027 0.934 0.962 0.921 0.920 0.903 1.009 0.000
323.461806 323.462500 945.825 943.950 295.150 295.950 30.075 39.325 3.000 11.099 8.214 5.921 12.062 8.103 6.205 1.572 1.266 1.131 1.259 1.659 1.039 1.087 0.986 1.048 0.801 1.310 0.919 1.001 0.949 1.028 0.634 1.171 0.811 0.000
323.462500 323.463194 945.775 943.950 295.150 295.950 30.025 38.650 3.000 10.939 8.091 5.918 9.889 7.886 5.978 1.508 1.283 1.079 1.230 1.475 1.308 0.904 0.975 1.010 0.815 1.149 1.212 0.821 0.924 0.990 0.619 1.041 1.021 0.000
323.463194 323.463889 945.725 943.875 295.150 295.950 30.000 38.200 3.000 10.880 7.981 5.848 10.620 8.732 6.197 1.510 1.239 1.056 2.039 1.503 0.767 0.976 1.094 1.060 1.351 1.213 0.727 0.881 1.023 1.027 1.026 1.061 0.599 0.000
323.463889 323.464583 945.675 943.850 295.150 295.950 29.925 38.675 3.000 10.900 7.949 5.950 11.172 7.788 6.185 1.506 1.202 1.022 1.629 1.441 1.039 1.025 0.980 1.040 1.082 1.198 1.017 0.927 0.913 1.025 0.820 1.017 0.811 0.000
323.464583 323.465278 945.800 943.950 295.225 296.000 29.900 44.125 3.000 10.778 7.998 6.069 11.585 8.740 6.728 1.536 1.232 1.026 1.343 1.176 0.946 1.075 1.093 1.109 0.874 0.955 0.922 0.962 1.024 1.115 0.676 0.830 0.738 0.000
323.465278 323.465972 945.850 943.950 295.250 296.025 29.900 46.575 3.000 10.799 8.060 6.226 11.591 8.885 6.476 1.585 1.264 0.989 1.684 1.320 1.218 1.073 1.102 1.040 1.063 1.044 1.232 0.962 1.041 1.073 0.848 0.931 0.950 0.000
323.465972 323.466667 945.700 943.800 295.250 296.050 29.900 48.575 3.000 11.067 8.321 6.402 11.307 8.673 6.007 1.593 1.259 1.060 0.902 1.093 1.043 1.022 1.042 0.938 0.566 0.868 0.984 0.939 1.016 0.995 0.454 0.771 0.814 0.000
323.466667 323.467361 945.775 943.875 295.250 296.050 29.800 50.475 3.000 11.267 8.465 6.465 13.044 9.510 6.674 1.680 1.260 1.089 1.482 1.566 1.348 1.158 1.123 1.032 0.882 1.242 1.238 1.083 1.114 1.106 0.746 1.105 1.052 0.000
323.467361 323.468056 945.900 944.025 295.250 296.050 29.825 51.425 3.000 11.366 8.460 6.483 12.609 9.588 6.744 1.656 1.286 1.053 1.636 1.394 1.073 1.109 1.133 1.040 0.988 1.084 1.019 1.047 1.123 1.117 0.823 0.984 0.837 0.000
323.468056 323.468750 945.875 943.950 295.250 296.175 29.900 56.000 3.000 11.590 8.594 6.549 13.442 10.508 7.531 1.640 1.321 1.092 1.782 1.685 1.512 1.160 1.223 1.150 1.087 1.276 1.384 1.116 1.231 1.248 0.897 1.189 1.179 0.000
323.468750 323.469444 945.750 943.925 295.250 296.300 29.975 63.800 3.000 11.698 8.584 6.455 14.016 10.391 8.033 1.641 1.326 1.170 2.034 1.682 1.158 1.198 1.211 1.244 1.240 1.269 0.991 1.163 1.218 1.331 1.024 1.187 0.904 0.000
323.469444 323.470139 945.800 943.900 295.250 296.350 29.950 67.825 3.000 11.700 8.627 6.400 15.391 11.120 8.292 1.692 1.331 1.156 2.193 1.471 1.585 1.315 1.289 1.296 1.296 1.105 1.371 1.278 1.303 1.374 1.103 1.038 1.237 0.000
323.470139 323.470833 945.675 943.825 295.275 296.425 29.850 69.550 3.000 11.835 8.684 6.452 15.201 11.660 8.558 1.682 1.384 1.201 1.648 1.783 1.368 1.284 1.343 1.326 0.980 1.288 1.139 1.262 1.366 1.418 0.829 1.259 1.067 0.000
323.470833 323.471528 945.800 943.925 295.300 296.450 29.575 70.950 3.000 11.941 8.789 6.425 17.175 12.468 8.998 1.737 1.439 1.254 2.138 2.048 1.165 1.438 1.419 1.400 1.231 1.423 0.929 1.426 1.461 1.491 1.076 1.445 0.909 0.000
323.471528 323.472222 945.850 944.000 295.350 296.450 29.425 72.450 3.000 12.097 8.886 6.448 16.411 12.041 9.234 1.777 1.416 1.283 1.945 1.674 1.192 1.357 1.355 1.432 1.094 1.182 0.929 1.362 1.411 1.530 0.979 1.181 0.930 0.000
323.472222 323.472917 945.775 943.950 295.350 296.525 29.325 74.375 3.000 12.282 9.027 6.543 17.606 12.282 10.023 1.823 1.442 1.278 1.745 1.709 1.683 1.433 1.361 1.532 0.957 1.185 1.317 1.461 1.439 1.661 0.878 1.206 1.313 0.000
323.472917 323.473611 945.750 943.900 295.350 296.550 29.075 76.175 3.000 12.445 8.974 6.570 18.346 13.688 9.977 1.769 1.481 1.232 1.478 1.572 1.417 1.474 1.525 1.519 0.835 1.061 1.150 1.523 1.604 1.653 0.744 1.109 1.105 0.000
323.473611 323.474306 945.725 943.875 295.350 296.600 29.025 78.075 3.000 12.559 9.005 6.588 19.135 14.259 11.386 1.896 1.463 1.204 1.310 1.956 1.372 1.524 1.583 1.728 0.691 1.337 1.139 1.588 1.671 1.886 0.659 1.380 1.070 0.000
323.474306 323.475000 945.725 943.875 295.350 296.550 28.975 75.225 3.000 12.630 9.084 6.759 16.582 12.453 9.230 1.866 1.461 1.226 1.446 1.734 1.447 1.313 1.371 1.366 0.775 1.186 1.180 1.376 1.459 1.529 0.727 1.224 1.129 0.000
323.475000 323.475694 945.725 943.925 295.350 296.650 28.950 73.525 3.000 12.760 9.151 6.833 17.432 13.020 9.502 1.869 1.452 1.212 1.352 1.500 1.523 1.366 1.423 1.391 0.724 1.034 1.256 1.447 1.526 1.574 0.681 1.059 1.188 0.000
323.475694 323.476389 945.700 943.900 295.350 296.750 28.900 78.150 3.000 12.853 9.194 6.903 19.211 14.267 10.594 1.885 1.414 1.186 1.221 1.779 1.521 1.495 1.552 1.535 0.647 1.257 1.282 1.595 1.672 1.755 0.614 1.255 1.187 0.000
323.476389 323.477083 945.675 943.875 295.350 296.900 28.825 84.400 3.000 12.974 9.288 7.017 22.028 16.014 11.762 1.963 1.388 1.231 2.326 1.798 1.676 1.698 1.724 1.676 1.185 1.295 1.361 1.828 1.876 1.949 1.171 1.269 1.308 0.000
323.477083 323.477778 945.700 943.900 295.350 296.975 28.700 89.250 3.000 12.962 9.352 7.002 23.710 17.404 12.786 1.853 1.451 1.263 1.826 1.789 1.619 1.829 1.861 1.826 0.985 1.233 1.282 1.968 2.039 2.118 0.919 1.263 1.263 0.000
323.477778 323.478472 945.725 943.900 295.325 297.050 28.875 92.250 3.000 13.174 9.776 7.110 26.279 19.467 13.741 1.820 1.468 1.318 2.589 2.071 1.747 1.995 1.991 1.933 1.423 1.411 1.325 2.181 2.281 2.276 1.303 1.462 1.363 0.000
323.478472 323.479167 945.675 943.825 295.250 297.050 28.725 93.725 3.000 13.389 10.014 7.189 27.864 20.172 14.773 1.828 1.532 1.331 1.762 1.662 1.386 2.081 2.014 2.055 0.964 1.085 1.042 2.313 2.364 2.447 0.887 1.173 1.081 0.000
323.584028 323.584722 943.600 942.300 296.750 297.600 26.100 32.900 3.000 13.424 10.293 7.336 14.664 11.382 7.607 1.779 1.539 1.364 1.207 1.235 1.491 1.092 1.106 1.037 0.678 0.802 1.093 1.085 0.984 0.900 0.626 0.697 1.179 0.000
323.584722 323.585417 943.725 942.300 296.750 297.650 26.050 32.175 3.000 13.439 10.413 7.452 13.220 10.296 7.519 1.736 1.541 1.330 1.690 1.411 1.494 0.984 0.989 1.009 0.974 0.915 1.124 0.978 0.890 0.889 0.877 0.796 1.182 0.000
323.585417 323.586111 943.800 942.350 296.750 297.675 26.075 31.650 3.000 13.557 10.621 7.699 12.464 10.172 7.651 1.796 1.519 1.323 2.146 1.665 1.504 0.919 0.958 0.994 1.195 1.096 1.136 0.922 0.880 0.905 1.113 0.939 1.189 0.000
323.586111 323.586806 943.775 942.300 296.750 297.700 26.100 31.400 3.000 13.629 10.487 7.783 13.557 10.862 8.423 1.863 1.473 1.286 1.444 1.615 1.273 0.995 1.036 1.082 0.775 1.097 0.990 1.003 0.939 0.996 0.749 0.911 1.006 0.000
323.586806 323.587500 943.675 942.275 296.825 297.650 26.100 31.350 3.000 13.522 10.528 7.914 13.231 10.161 7.475 1.779 1.476 1.363 2.086 1.298 1.485 0.979 0.965 0.945 1.173 0.879 1.090 0.979 0.879 0.884 1.082 0.732 1.175 0.000
323.587500 323.588194 943.550 942.100 296.850 297.700 26.100 32.025 3.000 13.537 10.529 7.907 14.288 10.406 8.206 1.866 1.530 1.394 1.876 1.665 1.568 1.055 0.988 1.038 1.005 1.089 1.125 1.057 0.900 0.970 0.973 0.940 1.240 0.000
323.588194 323.588889 943.625 942.200 296.850 297.725 25.975 34.175 3.000 13.572 10.675 7.885 14.051 10.378 8.472 1.820 1.581 1.431 1.386 1.578 1.519 1.035 0.972 1.074 0.761 0.998 1.062 1.039 0.897 1.002 0.719 0.890 1.201 0.000
323.588889 323.589583 943.625 942.200 296.850 297.700 26.025 35.450 3.000 13.688 10.771 7.918 13.671 10.973 8.309 1.778 1.624 1.431 1.220 1.784 1.586 0.999 1.019 1.049 0.686 1.099 1.109 1.011 0.949 0.983 0.633 1.007 1.254 0.000
323.589583 323.590278 943.650 942.225 296.850 297.775 26.100 41.175 3.000 13.744 10.855 8.046 13.480 11.717 8.495 1.820 1.680 1.427 2.110 1.769 1.182 0.981 1.079 1.056 1.159 1.053 0.828 0.997 1.013 1.004 1.095 0.998 0.934 0.000
323.590278 323.590972 943.650 942.200 296.850 297.850 26.125 44.100 3.000 13.857 10.733 8.076 15.252 11.660 8.189 1.946 1.668 1.355 1.594 2.008 1.383 1.101 1.086 1.014 0.819 1.204 1.021 1.128 1.008 0.968 0.827 1.133 1.094 0.000
323.590972 323.591667 943.625 942.150 296.850 297.850 26.150 46.325 3.000 13.867 10.687 8.070 14.948 11.583 9.416 1.793 1.662 1.287 2.416 1.698 1.389 1.078 1.084 1.167 1.347 1.021 1.079 1.106 1.002 1.113 1.254 0.958 1.098 0.000
323.591667 323.592361 943.650 942.225 296.925 297.850 26.150 48.175 3.000 13.867 10.600 7.994 14.975 12.130 9.086 1.859 1.679 1.301 1.474 1.776 1.200 1.080 1.144 1.137 0.793 1.057 0.923 1.108 1.049 1.074 0.765 1.002 0.949 0.000
323.592361 323.593056 943.700 942.250 296.925 297.950 26.200 48.975 3.000 13.743 10.499 7.881 15.058 10.899 9.249 1.843 1.650 1.288 1.383 1.667 1.868 1.096 1.038 1.174 0.751 1.010 1.450 1.114 0.943 1.094 0.718 0.940 1.477 0.000
323.593056 323.593750 943.750 942.225 296.900 298.000 26.300 54.025 3.000 13.566 10.270 7.692 15.622 12.856 9.405 1.798 1.634 1.328 2.024 1.522 1.609 1.152 1.252 1.223 1.125 0.932 1.211 1.156 1.112 1.112 1.050 0.859 1.272 0.000
323.593750 323.594444 943.775 942.275 296.825 298.050 26.275 62.200 3.000 13.554 10.247 7.646 16.756 13.406 10.745 1.746 1.612 1.305 2.099 1.720 1.466 1.236 1.308 1.405 1.202 1.067 1.123 1.239 1.159 1.271 1.089 0.971 1.159 0.000
323.594444 323.595139 943.700 942.225 296.750 298.125 26.300 65.975 3.000 13.491 10.192 7.618 17.156 13.831 11.282 1.886 1.576 1.351 2.174 1.831 1.665 1.272 1.357 1.481 1.153 1.162 1.232 1.269 1.196 1.334 1.128 1.033 1.316 0.000
323.595139 323.595833 943.625 942.150 296.775 298.150 26.275 68.100 3.000 13.260 10.075 7.569 17.051 13.056 10.346 1.861 1.568 1.346 1.596 1.888 1.580 1.286 1.296 1.367 0.857 1.204 1.173 1.261 1.129 1.223 0.828 1.065 1.249 0.000
323.595833 323.596528 943.625 942.175 296.850 298.150 26.225 70.025 3.000 13.080 9.925 7.538 18.248 14.141 12.048 1.875 1.556 1.372 1.729 1.878 1.967 1.395 1.425 1.598 0.922 1.207 1.434 1.350 1.223 1.425 0.897 1.060 1.555 0.000
323.596528 323.597222 943.575 942.125 296.800 298.150 26.200 71.725 3.000 12.891 9.943 7.441 18.013 14.323 12.091 1.856 1.520 1.287 2.012 1.775 1.753 1.397 1.441 1.625 1.084 1.167 1.362 1.332 1.239 1.430 1.044 1.001 1.387 0.000
323.597222 323.597917 943.525 942.000 296.775 298.150 26.225 73.625 3.000 12.729 9.891 7.355 18.727 14.301 12.200 1.894 1.525 1.300 1.570 2.010 1.436 1.471 1.446 1.659 0.829 1.318 1.105 1.385 1.237 1.443 0.815 1.134 1.136 0.000
323.597917 323.598611 943.425 941.950 296.750 298.175 26.150 75.625 3.000 12.697 9.924 7.278 18.186 14.874 11.929 1.782 1.494 1.310 2.006 1.847 1.851 1.432 1.499 1.639 1.126 1.237 1.414 1.345 1.286 1.411 1.041 1.042 1.464 0.000
323.598611 323.599306 943.475 941.975 296.750 298.250 26.175 77.775 3.000 12.753 9.925 7.353 19.278 15.570 12.689 1.784 1.451 1.295 1.811 1.886 1.782 1.512 1.569 1.726 1.015 1.299 1.376 1.426 1.346 1.500 0.940 1.064 1.409 0.000
323.599306 323.600000 943.525 942.025 296.775 298.250 26.300 79.925 3.000 12.930 10.017 7.368 19.892 15.709 13.383 1.785 1.443 1.266 1.427 1.684 1.544 1.538 1.568 1.816 0.800 1.167 1.219 1.471 1.358 1.583 0.741 0.950 1.221 0.000
323.600000 323.600694 943.450 941.975 296.850 298.300 26.375 81.850 3.000 13.052 10.071 7.408 21.262 16.841 13.829 1.794 1.460 1.326 1.938 1.729 1.761 1.629 1.672 1.867 1.081 1.184 1.328 1.573 1.456 1.635 1.006 0.975 1.392 0.000
323.600694 323.601389 943.375 941.900 296.850 298.350 26.350 83.700 3.000 12.974 10.021 7.428 20.438 17.174 13.860 1.727 1.423 1.335 1.441 2.072 1.660 1.575 1.714 1.866 0.834 1.456 1.244 1.512 1.485 1.639 0.748 1.169 1.313 0.000
323.601389 323.602083 943.475 941.975 296.850 298.350 26.350 85.325 3.000 12.857 9.922 7.450 22.758 17.837 14.203 1.734 1.437 1.352 2.189 1.792 1.914 1.770 1.798 1.906 1.263 1.247 1.416 1.683 1.543 1.679 1.136 1.011 1.513 0.000
323.602083 323.602778 943.375 941.925 296.850 298.400 26.425 86.550 3.000 12.844 9.916 7.389 22.881 18.260 14.591 1.742 1.474 1.297 1.295 2.100 1.221 1.781 1.841 1.975 0.743 1.425 0.941 1.692 1.579 1.725 0.672 1.185 0.966 0.000
323.602778 323.603472 943.300 941.850 296.850 298.450 26.400 87.650 3.000 12.346 10.101 8.100 23.151 17.642 14.026 1.726 1.539 1.425 1.185 1.874 1.334 1.875 1.747 1.732 0.686 1.218 0.937 1.712 1.526 1.659 0.615 1.058 1.055 0.000
