HLM/GB0060R.20060101000000.20181219000000.nephelometer.aerosol_light_scattering_coefficient.pm1.1mo.1mn.TSI_3563_HLM_ref_TSI_3563_HLM_wet..lev0.nas
89 1001 
Andrews, Elisabeth; Jefferson, Anne; Burgos, Maria A.  
US06L, National Oceanic and Atmospheric Administration , NOAA/ESRL/GMD,  "Earth System Research Laboratory, Global Monitoring Division", 325 Broadway, , CO 80305-3, Boulder, U.S.A. 
Burgos, Maria A. 
NOAA-ESRL 
1 1 
2006 01 01 2018 12 19 
0.000000 
Days from the file reference point (start_time) 
21 
1 1 1 1 1 1 1 1 1 1 1 1 1 1 1 1 1 1 1 1 1  
9999.999999 9999.999 9999.999 9999.999 9999.999 9999.999 9999.999 9.999 9999.999 9999.999 9999.999 9999.999 9999.999 9999.999 9999.999 9999.999 9999.999 9999.999 9999.999 9999.999 9.999 
end_time of measurement, days from the file reference point 
pressure, hPa, Location=reference nephelometer internal 
pressure, hPa, Location=humidified nephleometer internal 
temperature, K, Location=reference nephelometer internal 
temperature, K, Location=humidified nephleometer internal 
relative_humidity, %, Location=reference nephelometer internal 
relative_humidity, %, Location=humidified nephleometer internal 
number of wavelengths 
aerosol_light_scattering_coefficient, 1/Mm, Wavelength=450nm, Location=reference nephelometer 
aerosol_light_scattering_coefficient, 1/Mm, Wavelength=450nm, Location=humidified nephleometer, Matrix=pm1_humidified 
aerosol_light_scattering_coefficient, 1/Mm, Wavelength=550nm, Location=reference nephelometer 
aerosol_light_scattering_coefficient, 1/Mm, Wavelength=550nm, Location=humidified nephleometer, Matrix=pm1_humidified 
aerosol_light_scattering_coefficient, 1/Mm, Wavelength=700nm, Location=reference nephelometer 
aerosol_light_scattering_coefficient, 1/Mm, Wavelength=700nm, Location=humidified nephleometer, Matrix=pm1_humidified 
aerosol_light_backscattering_coefficient, 1/Mm, Wavelength=450nm, Location=reference nephelometer 
aerosol_light_backscattering_coefficient, 1/Mm, Wavelength=450nm, Location=humidified nephleometer, Matrix=pm1_humidified 
aerosol_light_backscattering_coefficient, 1/Mm, Wavelength=550nm, Location=reference nephelometer 
aerosol_light_backscattering_coefficient, 1/Mm, Wavelength=550nm, Location=humidified nephleometer, Matrix=pm1_humidified 
aerosol_light_backscattering_coefficient, 1/Mm, Wavelength=700nm, Location=reference nephelometer 
aerosol_light_backscattering_coefficient, 1/Mm, Wavelength=700nm, Location=humidified nephleometer, Matrix=pm1_humidified 
numflag, no unit 
0 
54
Data definition:              EBAS_1.1 
Set type code:                TI 
Station code:                 GB0060R 
Platform code:                GB0060S 
Timezone:                     UTC 
Startdate:                    20061105120200 
Revision date:                20181219000000 
Component:                    aerosol_light_scattering_coefficient 
Unit:                         1/Mm 
Matrix:                       pm1 
Period code:                  1mo 
Resolution code:              1mn 
Sample duration:             1mn 
Laboratory code:              US06L 
Instrument type:              nephelometer 
Instrument manufacturer:      TSI 
Instrument model:             3563 
Instrument name:              TSI_3563_HLM_ref+TSI_3563_HLM_wet 
Method ref:                   US06L_hygro_tandem_neph_CorrData 
Orig. time res.:              1mn 
[...]
Submitter:                    Burgos, Maria A., paul.zieger@aces.su.se, Department of Environmental Science and Analytical Chemistry, ACES,,Frescativägen 54,, SE10691, Stockholm, Sweden 
Data level:                   0 
Version:                      1 
Version description:          raw values, RH sensor correction 
Height AGL:                   10m 
Inlet type:                   Hat or hood 
Inlet description:            Heated, stainless steel, see full description in Delene and Ogren, J. Atmos. Sci, 2002. 
Humidity/temperature control: Humidification 
Humidity/temperature control description: humidogram 
Volume std. temperature:      instrument internal 
Volume std. pressure:         instrument internal 
Detection limit:              0.5 1/Mm 
Detection limit expl.:        Determined by instrument counting statistics, no detection limit flag used 
Measurement uncertainty expl.: Uncertainty analysis described in Burgos et al., 2019 
Zero/negative values code:    zero/negative possible 
Zero/negative values:         zero and neg. values may appear due to statistical variations at very low concentrations  
Standard method:              cal-gas=CO2+AIR_truncation-correction=none 
Acknowledgement:              Request acknowledgement details from data originator 
start_time end_time p_ref_int p_wet_int T_ref_int T_wet_int RH_ref_int RH_wet_int nWav sc450_ref sc550_ref sc700_ref sc450_wet sc550_wet sc700_wet bsc450_ref bsc550_ref bsc700_ref bsc450_wet bsc550_wet bsc700_wet numflag 
[from data line 1115]
311.849306 311.850000 947.100 946.400 300.750 301.450 23.000 47.500 3.000 70.060 70.060 70.060 71.720 71.720 71.720 8.393 8.393 8.393 7.847 7.847 7.847 0.000
311.854167 311.854861 947.250 946.400 300.750 301.750 22.900 64.700 3.000 97.815 68.800 42.840 113.915 83.350 55.060 10.745 7.680 6.615 10.005 7.995 6.720 0.000
311.855556 311.856250 947.200 946.300 300.750 301.650 22.800 58.500 3.000 68.083 68.083 68.083 74.703 74.703 74.703 8.177 8.177 8.177 7.890 7.890 7.890 0.000
311.856250 311.856944 947.200 946.300 300.750 301.600 22.800 51.800 3.000 94.180 66.235 40.870 95.540 68.725 43.845 10.000 7.420 6.305 9.085 7.085 6.255 0.000
311.857639 311.858333 947.200 946.300 300.750 301.550 22.800 47.000 3.000 65.383 65.383 65.383 65.957 65.957 65.957 7.863 7.863 7.863 7.187 7.187 7.187 0.000
311.862500 311.863194 947.300 946.400 300.550 301.700 23.000 62.350 3.000 86.135 60.020 37.090 98.765 72.505 47.860 9.515 7.140 5.845 9.290 7.280 6.690 0.000
311.863889 311.864583 947.200 946.400 300.600 301.600 22.900 57.000 3.000 85.865 60.145 36.970 89.755 64.960 42.110 9.600 6.880 5.860 8.575 6.410 5.945 0.000
311.865278 311.865972 947.200 946.350 300.650 301.500 22.850 49.200 3.000 86.210 59.660 36.960 85.090 61.425 40.140 9.355 7.060 5.855 8.915 6.590 5.800 0.000
311.870139 311.870833 947.100 946.300 300.550 301.350 23.000 39.800 3.000 59.253 59.253 59.253 56.957 56.957 56.957 7.453 7.453 7.453 6.850 6.850 6.850 0.000
311.871528 311.872222 947.100 946.300 300.650 301.350 23.000 37.800 3.000 83.935 58.920 36.255 78.315 56.425 36.080 9.490 6.960 5.845 7.860 6.490 5.325 0.000
311.879167 311.879861 947.050 946.200 300.500 301.050 23.300 32.950 3.000 83.400 57.815 35.435 77.380 54.445 34.665 9.365 6.695 5.895 8.145 5.905 5.440 0.000
311.880556 311.881250 947.000 946.200 300.550 301.050 23.300 37.000 3.000 59.097 59.097 59.097 57.470 57.470 57.470 7.307 7.307 7.307 6.673 6.673 6.673 0.000
311.881250 311.881944 947.100 946.300 300.500 301.150 23.300 47.250 3.000 83.545 58.490 35.910 84.015 59.690 38.170 9.550 7.135 5.780 8.450 6.605 5.555 0.000
311.882639 311.883333 947.200 946.300 300.450 301.250 23.300 55.500 3.000 59.680 59.680 59.680 65.130 65.130 65.130 7.293 7.293 7.293 7.010 7.010 7.010 0.000
311.887500 311.888194 947.200 946.300 300.550 301.500 23.650 70.650 3.000 84.555 58.935 36.410 108.645 79.320 53.645 9.230 7.045 5.825 9.105 7.455 6.715 0.000
311.888889 311.889583 947.150 946.250 300.550 301.400 23.600 66.400 3.000 86.480 59.675 36.890 95.730 70.135 45.980 9.570 7.065 6.010 8.850 7.145 6.250 0.000
311.890278 311.890972 947.100 946.200 300.550 301.300 23.700 51.400 3.000 85.175 59.310 36.630 84.990 60.895 39.335 9.415 7.145 5.870 8.445 6.605 5.890 0.000
311.895139 311.895833 947.300 946.400 300.450 301.650 24.000 81.800 3.000 63.803 63.803 63.803 100.887 100.887 100.887 8.047 8.047 8.047 9.027 9.027 9.027 0.000
311.896528 311.897222 947.200 946.300 300.450 301.650 24.050 84.550 3.000 90.600 63.795 39.305 140.735 104.705 70.585 10.040 7.715 6.330 11.200 9.150 8.430 0.000
311.897917 311.898611 947.150 946.250 300.450 301.450 24.000 66.500 3.000 92.265 64.665 40.150 99.555 72.335 47.350 10.450 7.890 6.385 9.020 7.010 6.515 0.000
311.899306 311.900000 947.100 946.200 300.450 301.550 24.200 65.800 3.000 65.747 65.747 65.747 74.283 74.283 74.283 8.113 8.113 8.113 7.760 7.760 7.760 0.000
311.904167 311.904861 947.000 946.100 300.450 301.450 24.350 60.700 3.000 95.500 67.190 41.720 103.775 75.080 49.925 10.770 8.010 6.870 9.445 7.540 6.950 0.000
311.905556 311.906250 946.900 946.100 300.550 301.350 24.400 50.000 3.000 68.450 68.450 68.450 67.057 67.057 67.057 8.513 8.513 8.513 7.597 7.597 7.597 0.000
311.906250 311.906944 946.950 946.100 300.500 301.500 24.300 58.250 3.000 97.035 67.955 43.070 100.695 73.860 48.945 10.940 8.085 6.870 9.600 7.705 6.705 0.000
311.907639 311.908333 947.000 946.100 300.450 301.450 24.400 59.000 3.000 70.273 70.273 70.273 74.647 74.647 74.647 8.753 8.753 8.753 8.070 8.070 8.070 0.000
311.912500 311.913194 946.900 946.100 300.400 301.250 24.900 40.500 3.000 102.020 71.765 44.850 95.110 68.740 44.120 11.245 8.645 7.000 9.515 7.615 6.380 0.000
311.913889 311.914583 947.000 946.100 300.450 301.150 24.900 38.700 3.000 73.007 73.007 73.007 69.307 69.307 69.307 9.183 9.183 9.183 8.160 8.160 8.160 0.000
311.920139 311.920833 947.000 946.100 300.350 300.850 25.300 33.700 3.000 78.100 78.100 78.100 71.717 71.717 71.717 9.757 9.757 9.757 8.500 8.500 8.500 0.000
311.921528 311.922222 947.000 946.100 300.350 300.850 25.250 37.200 3.000 110.040 77.800 48.620 102.575 75.355 49.085 12.080 9.180 7.610 10.825 8.430 7.390 0.000
311.922917 311.923611 947.050 946.150 300.350 300.950 25.300 49.000 3.000 111.690 79.315 49.860 111.975 81.790 53.635 12.505 9.280 7.620 11.170 8.455 7.715 0.000
311.924306 311.925000 947.100 946.200 300.350 301.050 25.300 56.100 3.000 81.187 81.187 81.187 87.547 87.547 87.547 9.967 9.967 9.967 9.333 9.333 9.333 0.000
311.929167 311.929861 947.100 946.100 300.250 301.350 25.700 82.550 3.000 119.985 84.075 53.990 175.380 133.695 93.110 13.460 9.960 8.385 14.420 11.835 10.910 0.000
311.930556 311.931250 947.100 946.100 300.350 301.450 25.700 85.400 3.000 85.817 85.817 85.817 141.667 141.667 141.667 10.593 10.593 10.593 12.583 12.583 12.583 0.000
311.931250 311.931944 947.050 946.100 300.350 301.450 25.650 87.550 3.000 121.810 86.630 54.410 198.000 151.650 106.505 13.910 10.125 8.480 15.540 12.485 11.850 0.000
311.932639 311.933333 947.000 946.100 300.350 301.550 25.700 89.000 3.000 89.270 89.270 89.270 158.363 158.363 158.363 11.050 11.050 11.050 13.697 13.697 13.697 0.000
311.937500 311.938194 947.000 946.100 300.250 301.650 25.700 92.100 3.000 132.050 95.335 60.490 228.390 181.295 129.105 14.645 10.670 8.905 16.685 13.800 13.215 0.000
311.938889 311.939583 947.150 946.200 300.250 301.750 25.700 92.450 3.000 130.985 94.130 59.740 229.380 178.555 128.435 14.450 10.925 9.240 17.225 13.855 12.820 0.000
311.940278 311.940972 947.150 946.200 300.250 301.750 25.700 93.350 3.000 129.585 93.845 59.705 231.310 182.345 130.890 14.160 10.660 8.865 17.355 13.955 13.300 0.000
311.945139 311.945833 947.200 946.200 300.150 301.450 25.900 89.900 3.000 96.087 96.087 96.087 137.793 137.793 137.793 11.537 11.537 11.537 12.293 12.293 12.293 0.000
311.946528 311.947222 947.150 946.150 300.150 301.250 25.850 76.500 3.000 131.750 94.730 60.755 156.740 118.090 80.785 14.660 10.970 9.170 13.075 10.900 9.500 0.000
311.947917 311.948611 947.000 946.100 300.150 301.350 25.700 77.200 3.000 96.470 96.470 96.470 122.317 122.317 122.317 11.833 11.833 11.833 11.573 11.573 11.573 0.000
311.948611 311.949306 947.000 946.000 300.050 301.250 25.800 72.900 3.000 96.367 96.367 96.367 113.437 113.437 113.437 11.750 11.750 11.750 11.363 11.363 11.363 0.000
311.949306 311.950000 947.000 946.000 300.050 301.150 25.800 67.400 3.000 96.117 96.117 96.117 108.407 108.407 108.407 11.590 11.590 11.590 11.130 11.130 11.130 0.000
311.954167 311.954861 946.800 945.900 299.950 300.750 26.100 44.350 3.000 132.300 94.995 60.160 125.190 91.940 59.980 14.640 11.055 9.285 13.245 10.215 8.725 0.000
311.955556 311.956250 946.800 945.800 299.950 300.650 26.000 41.900 3.000 96.107 96.107 96.107 92.347 92.347 92.347 11.720 11.720 11.720 10.467 10.467 10.467 0.000
311.962500 311.963194 946.550 945.600 299.650 300.250 26.300 36.500 3.000 128.160 92.505 59.365 120.145 88.445 58.355 14.025 10.935 9.210 12.295 9.845 8.705 0.000
311.963889 311.964583 946.600 945.600 299.700 300.250 26.200 43.450 3.000 128.470 92.140 58.515 125.355 91.905 61.155 14.125 10.895 8.890 13.010 9.830 8.470 0.000
311.965278 311.965972 946.600 945.600 299.650 300.300 26.200 54.900 3.000 128.555 92.055 58.850 133.070 98.795 67.290 14.620 10.680 8.935 13.440 10.300 9.085 0.000
311.970139 311.970833 946.700 945.600 299.450 300.450 26.600 76.200 3.000 93.830 93.830 93.830 118.527 118.527 118.527 11.470 11.470 11.470 11.743 11.743 11.743 0.000
311.971528 311.972222 946.700 945.550 299.550 300.350 26.400 66.900 3.000 128.035 91.730 58.400 141.565 105.035 71.230 14.460 10.840 8.905 13.140 10.640 9.645 0.000
311.972917 311.973611 946.600 945.500 299.550 300.250 26.400 55.250 3.000 127.370 91.165 58.255 129.460 95.315 65.165 14.580 10.775 9.135 12.570 10.215 9.000 0.000
311.974306 311.975000 946.600 945.500 299.450 300.250 26.400 55.700 3.000 92.873 92.873 92.873 100.863 100.863 100.863 11.307 11.307 11.307 10.747 10.747 10.747 0.000
311.979167 311.979861 946.750 945.600 299.350 300.300 26.600 69.300 3.000 133.080 95.625 61.210 144.910 110.365 74.510 14.670 11.350 9.340 13.900 11.140 10.095 0.000
311.980556 311.981250 946.700 945.500 299.350 300.250 26.600 59.700 3.000 98.763 98.763 98.763 104.547 104.547 104.547 12.167 12.167 12.167 11.093 11.093 11.093 0.000
311.981250 311.981944 946.600 945.500 299.350 300.150 26.600 53.950 3.000 139.060 98.120 62.310 137.670 100.545 67.025 15.765 11.570 9.765 13.435 10.915 9.410 0.000
311.982639 311.983333 946.600 945.500 299.350 300.050 26.700 52.900 3.000 103.477 103.477 103.477 106.987 106.987 106.987 12.897 12.897 12.897 11.687 11.687 11.687 0.000
311.987500 311.988194 946.900 945.700 299.150 300.200 27.000 78.600 3.000 143.950 102.080 63.465 182.095 135.525 91.095 16.095 12.410 10.355 16.155 12.695 11.380 0.000
311.988889 311.989583 946.950 945.700 299.250 300.100 27.000 70.050 3.000 148.580 103.935 65.420 168.425 125.185 82.465 16.525 12.545 10.250 15.350 12.180 11.035 0.000
311.990278 311.990972 946.900 945.700 299.150 300.050 27.000 62.150 3.000 144.855 102.575 65.030 155.085 113.585 75.780 16.230 12.360 10.120 14.480 11.670 10.385 0.000
311.995139 311.995833 946.800 945.600 299.050 299.750 27.100 42.500 3.000 99.493 99.493 99.493 97.137 97.137 97.137 12.213 12.213 12.213 11.830 11.830 11.830 0.000
311.996528 311.997222 946.800 945.600 299.050 299.750 27.100 41.300 3.000 98.580 98.580 98.580 96.177 96.177 96.177 11.980 11.980 11.980 11.143 11.143 11.143 0.000
311.997222 311.997917 946.700 945.500 299.050 299.650 27.100 40.300 3.000 97.577 97.577 97.577 93.820 93.820 93.820 12.047 12.047 12.047 10.957 10.957 10.957 0.000
312.004167 312.004861 946.500 945.200 298.850 299.300 27.550 36.650 3.000 126.860 90.065 57.100 118.255 86.990 57.395 14.635 10.785 9.040 12.995 9.740 9.280 0.000
312.005556 312.006250 946.400 945.100 298.850 299.250 27.500 39.100 3.000 89.193 89.193 89.193 86.653 86.653 86.653 10.907 10.907 10.907 10.573 10.573 10.573 0.000
312.006250 312.006944 946.400 945.100 298.850 299.350 27.500 48.750 3.000 121.225 86.485 54.820 123.205 91.040 60.475 14.025 10.570 8.480 12.575 9.940 8.765 0.000
312.007639 312.008333 946.400 945.100 298.850 299.450 27.500 56.400 3.000 86.187 86.187 86.187 95.723 95.723 95.723 10.757 10.757 10.757 10.280 10.280 10.280 0.000
312.012500 312.013194 946.350 945.100 298.750 299.750 27.800 83.050 3.000 117.275 83.670 52.875 180.715 136.400 94.195 13.360 10.135 8.380 15.435 12.170 11.175 0.000
312.013889 312.014583 946.400 945.100 298.750 299.800 27.800 87.200 3.000 115.210 81.425 51.115 189.850 143.845 101.005 13.180 9.920 8.160 15.165 12.655 11.580 0.000
312.015278 312.015972 946.450 945.100 298.750 299.900 27.800 90.400 3.000 115.670 81.445 51.475 204.800 156.970 110.355 13.310 9.735 8.030 16.560 13.320 12.175 0.000
312.020139 312.020833 946.400 945.100 298.650 299.550 28.000 64.200 3.000 80.283 80.283 80.283 89.563 89.563 89.563 10.060 10.060 10.060 9.870 9.870 9.870 0.000
312.021528 312.022222 946.400 945.100 298.650 299.450 27.850 57.950 3.000 111.585 78.840 49.025 115.240 85.130 56.155 13.015 9.675 8.000 11.765 9.165 7.840 0.000
312.022917 312.023611 946.450 945.050 298.650 299.500 27.850 67.500 3.000 108.490 76.350 47.765 130.490 96.450 64.650 12.510 9.370 7.810 11.920 9.640 8.690 0.000
312.024306 312.025000 946.600 945.200 298.650 299.650 28.000 78.900 3.000 78.313 78.313 78.313 115.483 115.483 115.483 10.083 10.083 10.083 11.333 11.333 11.333 0.000
312.029167 312.029861 946.500 945.100 298.650 299.650 28.200 70.900 3.000 75.660 75.660 75.660 86.700 86.700 86.700 9.673 9.673 9.673 9.353 9.353 9.353 0.000
312.029861 312.030556 946.500 945.100 298.650 299.550 28.200 63.500 3.000 76.217 76.217 76.217 84.090 84.090 84.090 9.633 9.633 9.633 9.540 9.540 9.540 0.000
312.030556 312.031250 946.400 945.000 298.550 299.450 28.200 59.000 3.000 75.757 75.757 75.757 81.383 81.383 81.383 9.677 9.677 9.677 8.990 8.990 8.990 0.000
312.031250 312.031944 946.300 945.000 298.550 299.400 28.200 54.700 3.000 104.880 72.935 45.510 105.680 76.785 49.280 12.240 8.980 7.735 10.760 8.280 7.345 0.000
312.032639 312.033333 946.200 944.900 298.550 299.450 28.200 58.700 3.000 73.097 73.097 73.097 80.273 80.273 80.273 9.627 9.627 9.627 8.963 8.963 8.963 0.000
312.037500 312.038194 946.150 944.850 298.450 299.150 28.650 42.950 3.000 104.635 71.775 43.920 99.415 70.370 45.160 11.920 9.185 7.450 10.990 8.420 7.140 0.000
312.038889 312.039583 946.200 944.900 298.450 299.150 28.600 41.500 3.000 72.597 72.597 72.597 69.713 69.713 69.713 9.553 9.553 9.553 8.733 8.733 8.733 0.000
312.045139 312.045833 946.400 945.100 298.350 298.850 29.200 37.500 3.000 71.070 71.070 71.070 66.500 66.500 66.500 9.293 9.293 9.293 8.130 8.130 8.130 0.000
312.046528 312.047222 946.400 945.100 298.450 298.850 29.150 39.000 3.000 101.240 69.115 42.240 94.080 66.230 42.240 12.030 8.645 7.135 10.335 7.960 6.825 0.000
312.047917 312.048611 946.450 945.100 298.450 298.950 29.100 49.200 3.000 103.270 70.435 43.670 102.925 72.930 46.450 12.010 8.875 7.310 10.885 8.050 6.930 0.000
312.049306 312.050000 946.400 945.100 298.450 299.050 29.100 55.900 3.000 72.797 72.797 72.797 79.550 79.550 79.550 9.653 9.653 9.653 8.853 8.853 8.853 0.000
312.054167 312.054861 946.650 945.250 298.350 299.350 28.850 82.900 3.000 106.190 73.290 45.015 160.830 118.705 80.345 12.185 9.040 7.400 12.960 10.880 9.985 0.000
312.055556 312.056250 946.600 945.200 298.450 299.450 28.800 86.100 3.000 74.413 74.413 74.413 128.017 128.017 128.017 9.707 9.707 9.707 11.910 11.910 11.910 0.000
312.056250 312.056944 946.650 945.250 298.450 299.500 28.850 89.100 3.000 105.335 72.245 44.020 184.485 138.000 93.575 12.055 8.915 7.435 14.745 11.775 10.515 0.000
312.057639 312.058333 946.700 945.200 298.450 299.650 28.900 91.200 3.000 72.787 72.787 72.787 144.157 144.157 144.157 9.333 9.333 9.333 12.487 12.487 12.487 0.000
312.062500 312.063194 946.500 945.100 298.450 300.000 29.250 95.700 3.000 97.215 65.305 39.475 205.120 150.525 101.055 11.610 8.485 7.095 15.145 12.235 10.985 0.000
312.063889 312.064583 946.550 945.200 298.500 300.050 29.200 96.300 3.000 94.735 63.380 37.550 202.035 149.155 99.145 11.130 8.390 6.880 15.275 11.975 10.895 0.000
312.065278 312.065972 946.600 945.200 298.500 300.150 29.350 96.800 3.000 91.075 60.310 35.920 198.310 144.050 95.270 10.950 8.225 6.595 14.845 11.975 10.300 0.000
312.070139 312.070833 946.500 945.100 298.450 299.950 29.200 93.300 3.000 63.270 63.270 63.270 108.570 108.570 108.570 8.110 8.110 8.110 9.513 9.513 9.513 0.000
312.071528 312.072222 946.500 945.150 298.500 299.700 29.150 88.250 3.000 92.330 63.115 38.315 136.150 99.770 65.635 10.430 7.830 6.435 10.850 8.745 7.440 0.000
312.072917 312.073611 946.500 945.200 298.550 299.550 29.050 80.200 3.000 94.160 64.240 38.710 122.960 88.175 57.105 10.450 7.955 6.525 10.060 8.250 7.305 0.000
312.074306 312.075000 946.500 945.200 298.550 299.450 29.100 74.100 3.000 64.863 64.863 64.863 81.833 81.833 81.833 8.093 8.093 8.093 8.170 8.170 8.170 0.000
312.079167 312.079861 946.300 945.050 298.550 299.150 29.350 48.600 3.000 91.585 63.050 37.910 87.965 62.250 39.305 10.125 7.640 6.500 8.890 7.335 6.325 0.000
312.080556 312.081250 946.300 945.000 298.550 299.150 29.300 45.100 3.000 64.433 64.433 64.433 61.703 61.703 61.703 8.057 8.057 8.057 7.347 7.347 7.347 0.000
312.087500 312.088194 946.100 944.850 298.450 298.850 29.250 38.700 3.000 91.880 63.350 38.805 85.130 59.440 37.515 10.340 7.615 6.190 9.030 6.700 5.930 0.000
