HLM/GB0060R.20060101000000.20181219000000.nephelometer.aerosol_light_scattering_coefficient.pm10.1mo.1mn.TSI_3563_HLM_ref_TSI_3563_HLM_wet..lev1.nas
100 1001 
Andrews, Elisabeth; Jefferson, Anne; Burgos, Maria A.  
US06L, National Oceanic and Atmospheric Administration , NOAA/ESRL/GMD,  "Earth System Research Laboratory, Global Monitoring Division", 325 Broadway, , CO 80305-3, Boulder, U.S.A. 
Burgos, Maria A. 
NOAA-ESRL 
1 1 
2006 01 01 2018 12 19 
0.000000 
Days from the file reference point (start_time) 
33 
1 1 1 1 1 1 1 1 1 1 1 1 1 1 1 1 1 1 1 1 1 1 1 1 1 1 1 1 1 1 1 1 1  
9999.999999 9999.999 9999.999 9999.999 9999.999 9999.999 9999.999 9.999 9999.999 9999.999 9999.999 9999.999 9999.999 9999.999 9999.999 9999.999 9999.999 9999.999 9999.999 9999.999 999.999 999.999 999.999 999.999 999.999 999.999 999.999 999.999 999.999 999.999 999.999 999.999 9.999 
end_time of measurement, days from the file reference point 
pressure, hPa, Location=reference nephelometer internal 
pressure, hPa, Location=humidified nephleometer internal 
temperature, K, Location=reference nephelometer internal 
temperature, K, Location=humidified nephleometer internal 
relative_humidity, %, Location=reference nephelometer internal 
relative_humidity, %, Location=humidified nephleometer internal 
number of wavelengths 
aerosol_light_scattering_coefficient, 1/Mm, Wavelength=450nm, Location=reference nephelometer 
aerosol_light_scattering_coefficient, 1/Mm, Wavelength=450nm, Location=humidified nephleometer, Matrix=pm10_humidified 
aerosol_light_scattering_coefficient, 1/Mm, Wavelength=550nm, Location=reference nephelometer 
aerosol_light_scattering_coefficient, 1/Mm, Wavelength=550nm, Location=humidified nephleometer, Matrix=pm10_humidified 
aerosol_light_scattering_coefficient, 1/Mm, Wavelength=700nm, Location=reference nephelometer 
aerosol_light_scattering_coefficient, 1/Mm, Wavelength=700nm, Location=humidified nephleometer, Matrix=pm10_humidified 
aerosol_light_backscattering_coefficient, 1/Mm, Wavelength=450nm, Location=reference nephelometer 
aerosol_light_backscattering_coefficient, 1/Mm, Wavelength=450nm, Location=humidified nephleometer, Matrix=pm10_humidified 
aerosol_light_backscattering_coefficient, 1/Mm, Wavelength=550nm, Location=reference nephelometer 
aerosol_light_backscattering_coefficient, 1/Mm, Wavelength=550nm, Location=humidified nephleometer, Matrix=pm10_humidified 
aerosol_light_backscattering_coefficient, 1/Mm, Wavelength=700nm, Location=reference nephelometer 
aerosol_light_backscattering_coefficient, 1/Mm, Wavelength=700nm, Location=humidified nephleometer, Matrix=pm10_humidified 
aerosol_light_scattering_enhancement_factor, no unit, Wavelength=450nm, Matrix=pm10_humidified, RH base max=40% 
aerosol_light_scattering_enhancement_factor, no unit, Wavelength=550nm, Matrix=pm10_humidified, RH base max=40% 
aerosol_light_scattering_enhancement_factor, no unit, Wavelength=700nm, Matrix=pm10_humidified, RH base max=40% 
aerosol_light_backscattering_enhancement_factor, no unit, Wavelength=450nm, Matrix=pm10_humidified, RH base max=40% 
aerosol_light_backscattering_enhancement_factor, no unit, Wavelength=550nm, Matrix=pm10_humidified, RH base max=40% 
aerosol_light_backscattering_enhancement_factor, no unit, Wavelength=700nm, Matrix=pm10_humidified, RH base max=40% 
aerosol_light_scattering_enhancement_factor, no unit, Wavelength=450nm, Matrix=pm10_humidified, RH base=40% 
[...]
Submitter:                    Burgos, Maria A., paul.zieger@aces.su.se, Department of Environmental Science and Analytical Chemistry, ACES,,Frescativägen 54,, SE10691, Stockholm, Sweden 
Data level:                   1 
Version:                      1 
Version description:          "corrected values: data screening + truncation, STP, and losses corrections" 
Height AGL:                   10m 
Inlet type:                   Hat or hood 
Humidity/temperature control: Humidification 
Humidity/temperature control description: humidogram 
Volume std. temperature:       273.15 K 
Volume std. pressure:         1013.25 hPa 
Detection limit:              0.5 1/Mm 
Detection limit expl.:        Determined by instrument counting statistics, no detection limit flag used 
Measurement uncertainty expl.: Uncertainty analysis described in Burgos et al., 2019 
Zero/negative values code:    zero/negative possible 
Zero/negative values:         zero and neg. values may appear due to statistical variations at very low concentrations  
Standard method:              cal-gas=CO2+AIR_truncation-correction=Anderson1998 
Acknowledgement:              Request acknowledgement details from data originator 
start_time end_time p_ref_int p_wet_int T_ref_int T_wet_int RH_ref_int RH_wet_int nWav sc450_ref sc550_ref sc700_ref sc450_wet sc550_wet sc700_wet bsc450_ref bsc550_ref bsc700_ref bsc450_wet bsc550_wet bsc700_wet frh450_total frh550_total frh700_total frh450_back frh550_back frh700_back frh450_total_dry40 frh550_total_dry40 frh700_total_dry40 frh450_back_dry40 frh550_back_dry40 frh700_back_dry40 numflag 
[from data line 2250]
315.797917 315.798611 947.325 945.750 297.400 298.575 30.100 46.675 3.000 28.480 26.983 25.943 29.417 27.932 26.440 3.681 3.364 3.340 3.421 3.487 3.821 1.033 1.035 1.019 0.929 1.037 1.144 1.104 1.133 1.073 1.069 1.063 1.227 0.000
315.798611 315.799306 947.400 945.725 297.375 298.650 30.075 48.525 3.000 28.783 27.312 26.270 30.117 29.109 27.555 3.710 3.387 3.367 3.610 3.394 3.542 1.046 1.066 1.049 0.973 1.002 1.052 1.130 1.181 1.118 1.128 1.035 1.137 0.000
315.799306 315.800000 947.575 945.875 297.400 298.650 29.925 50.425 3.000 29.028 27.569 26.499 30.660 29.030 27.527 3.807 3.408 3.382 3.288 3.359 3.307 1.056 1.053 1.039 0.864 0.986 0.978 1.150 1.178 1.117 1.027 1.024 1.062 0.000
315.800000 315.800694 947.475 945.875 297.450 298.650 30.050 52.200 3.000 29.423 27.785 26.605 30.096 28.493 27.669 3.884 3.454 3.405 4.400 3.366 3.289 1.023 1.025 1.040 1.133 0.974 0.966 1.129 1.156 1.123 1.375 1.026 1.056 0.000
315.800694 315.801389 947.500 945.950 297.450 298.650 30.050 54.275 3.000 29.683 27.934 26.869 31.532 30.053 29.690 3.936 3.531 3.393 3.311 3.594 3.349 1.062 1.076 1.105 0.841 1.018 0.987 1.183 1.219 1.205 1.034 1.096 1.076 0.000
315.801389 315.802083 947.500 945.900 297.350 298.650 29.950 54.800 3.000 30.021 28.359 26.955 30.948 30.054 28.607 3.982 3.576 3.427 4.160 3.670 3.587 1.031 1.060 1.061 1.045 1.026 1.047 1.161 1.219 1.161 1.300 1.119 1.152 0.000
315.802083 315.802778 947.500 945.950 297.350 298.625 29.950 51.225 3.000 30.506 28.717 27.457 32.595 30.288 29.007 4.051 3.649 3.504 3.881 3.409 3.492 1.068 1.055 1.056 0.958 0.934 0.997 1.223 1.229 1.177 1.213 1.039 1.121 0.000
315.802778 315.803472 947.575 945.975 297.350 298.700 30.000 56.125 3.000 30.768 29.021 27.700 35.295 34.361 32.198 4.035 3.685 3.555 4.359 3.670 4.552 1.147 1.184 1.162 1.080 0.996 1.280 1.324 1.394 1.306 1.362 1.119 1.462 0.000
315.803472 315.804167 947.550 945.975 297.350 298.825 29.975 66.425 3.000 30.924 29.330 27.905 42.698 42.272 41.762 4.081 3.703 3.632 5.119 4.405 4.870 1.381 1.441 1.497 1.254 1.190 1.341 1.602 1.715 1.695 1.600 1.343 1.564 0.000
315.804167 315.804861 947.650 946.050 297.350 298.850 29.900 70.425 3.000 31.102 29.528 28.106 46.794 46.351 44.876 4.040 3.653 3.659 5.671 4.487 4.913 1.505 1.570 1.597 1.404 1.228 1.343 1.756 1.881 1.821 1.772 1.368 1.578 0.000
315.804861 315.805556 947.625 946.050 297.350 298.850 29.900 71.675 3.000 31.202 29.524 28.162 49.597 48.867 47.198 4.118 3.688 3.701 4.561 4.593 4.968 1.590 1.655 1.676 1.108 1.246 1.342 1.861 1.983 1.915 1.425 1.400 1.595 0.000
315.805556 315.806250 947.700 946.175 297.350 298.850 29.900 73.350 3.000 31.292 29.570 28.132 54.498 53.950 53.175 4.137 3.691 3.634 6.053 5.104 5.652 1.742 1.824 1.890 1.463 1.383 1.555 2.045 2.189 2.158 1.891 1.556 1.815 0.000
315.806250 315.806944 947.750 946.150 297.350 298.850 29.875 75.150 3.000 31.197 29.546 28.227 58.450 58.686 58.956 4.197 3.732 3.628 6.488 5.050 6.045 1.874 1.986 2.089 1.546 1.353 1.666 2.193 2.381 2.392 2.027 1.540 1.941 0.000
315.806944 315.807639 947.850 946.275 297.375 298.850 29.800 76.700 3.000 31.079 29.539 28.448 61.078 60.183 59.397 4.258 3.774 3.594 5.268 5.883 6.622 1.965 2.037 2.088 1.237 1.559 1.842 2.292 2.442 2.410 1.646 1.794 2.127 0.000
315.807639 315.808333 947.875 946.250 297.350 298.850 29.775 78.800 3.000 30.865 29.341 28.321 62.621 61.650 62.509 4.136 3.747 3.627 5.923 5.755 6.080 2.029 2.101 2.207 1.432 1.536 1.676 2.350 2.501 2.536 1.851 1.755 1.953 0.000
315.808333 315.809028 947.975 946.375 297.350 298.900 29.575 80.850 3.000 30.907 29.331 28.456 64.753 64.143 66.284 4.114 3.726 3.539 6.189 6.028 6.638 2.095 2.187 2.329 1.504 1.618 1.876 2.430 2.602 2.690 1.934 1.838 2.132 0.000
315.809028 315.809722 948.000 946.425 297.350 298.950 29.600 82.925 3.000 31.077 29.499 28.535 64.628 63.685 65.043 4.187 3.732 3.627 6.219 6.082 6.547 2.080 2.159 2.279 1.485 1.630 1.805 2.425 2.584 2.639 1.943 1.854 2.102 0.000
315.809722 315.810417 947.975 946.350 297.375 298.950 29.450 83.825 3.000 31.062 29.494 28.232 63.457 62.556 64.769 4.129 3.678 3.638 5.866 5.929 6.557 2.043 2.121 2.294 1.421 1.612 1.802 2.381 2.538 2.628 1.833 1.808 2.106 0.000
315.810417 315.811111 948.050 946.475 297.450 298.800 29.175 74.725 3.000 31.473 29.751 28.504 43.774 41.750 41.316 4.098 3.671 3.745 4.231 4.409 4.460 1.391 1.403 1.449 1.033 1.201 1.191 1.642 1.694 1.676 1.322 1.344 1.432 0.000
315.811111 315.811806 947.975 946.425 297.425 298.800 29.150 62.825 3.000 32.091 30.667 29.579 35.765 34.566 33.550 4.343 3.883 3.904 3.768 3.901 4.010 1.114 1.127 1.134 0.868 1.005 1.027 1.342 1.402 1.361 1.177 1.190 1.288 0.000
315.811806 315.812500 948.000 946.400 297.450 298.900 28.850 67.150 3.000 32.858 31.543 30.371 45.089 42.671 43.430 4.491 4.008 4.133 3.821 4.617 3.956 1.372 1.353 1.430 0.851 1.152 0.957 1.692 1.731 1.762 1.194 1.408 1.271 0.000
315.834722 315.835417 948.000 946.500 297.350 298.350 27.200 28.200 3.000 33.676 32.355 31.185 33.118 32.241 31.409 4.605 4.130 4.259 4.221 4.080 3.961 0.983 0.996 1.007 0.917 0.988 0.930 0.871 0.895 0.921 0.968 0.880 0.901 0.000
315.835417 315.836111 948.100 946.475 297.350 298.400 27.150 27.525 3.000 34.727 33.159 32.261 35.396 33.680 32.236 4.760 4.299 4.386 5.631 4.421 4.712 1.019 1.016 0.999 1.183 1.028 1.074 0.931 0.935 0.945 1.291 0.953 1.072 0.000
315.836111 315.836806 948.150 946.550 297.350 298.450 27.000 26.700 3.000 35.364 33.827 32.786 36.289 34.491 32.079 4.817 4.362 4.449 5.084 4.416 4.764 1.026 1.020 0.978 1.055 1.012 1.071 0.954 0.958 0.941 1.166 0.952 1.084 0.000
315.836806 315.837500 948.050 946.425 297.350 298.450 26.950 26.275 3.000 35.914 34.022 32.532 36.772 34.354 31.927 4.897 4.289 4.429 5.017 4.739 4.272 1.024 1.010 0.981 1.024 1.105 0.965 0.967 0.954 0.936 1.150 1.022 0.972 0.000
315.837500 315.838194 948.200 946.575 297.350 298.450 26.825 31.225 3.000 36.404 34.259 32.609 36.621 34.751 32.570 4.929 4.300 4.448 4.867 4.491 4.518 1.006 1.014 0.999 0.987 1.044 1.016 0.963 0.965 0.955 1.116 0.968 1.028 0.000
315.838194 315.838889 948.225 946.600 297.350 298.450 26.825 38.125 3.000 36.600 34.577 32.871 36.093 35.635 33.608 4.953 4.379 4.473 4.352 4.168 4.323 0.986 1.031 1.022 0.879 0.952 0.967 0.949 0.990 0.985 0.998 0.899 0.984 0.000
315.838889 315.839583 948.000 946.350 297.350 298.450 26.675 39.200 3.000 36.879 34.828 32.939 37.794 35.883 33.822 4.926 4.398 4.529 4.437 4.651 4.358 1.025 1.030 1.027 0.901 1.057 0.962 0.994 0.996 0.992 1.017 1.003 0.992 0.000
315.839583 315.840278 948.025 946.475 297.350 298.450 26.450 44.675 3.000 37.179 35.031 33.160 39.461 36.745 35.747 5.070 4.495 4.627 3.922 4.563 4.612 1.061 1.049 1.078 0.774 1.015 0.997 1.037 1.020 1.048 0.899 0.984 1.049 0.000
315.840278 315.840972 948.175 946.600 297.350 298.450 26.575 46.475 3.000 37.355 35.125 33.370 39.268 37.946 34.772 4.976 4.544 4.631 4.747 4.525 4.575 1.051 1.080 1.042 0.954 0.996 0.988 1.032 1.054 1.020 1.088 0.976 1.041 0.000
315.840972 315.841667 948.275 946.700 297.350 298.450 26.650 48.850 3.000 37.721 35.395 33.616 39.821 37.050 35.166 4.899 4.603 4.614 5.077 4.368 4.927 1.056 1.047 1.046 1.036 0.949 1.068 1.047 1.029 1.031 1.164 0.942 1.121 0.000
315.841667 315.842361 948.325 946.700 297.350 298.450 26.700 50.900 3.000 37.834 35.450 33.589 40.490 37.861 35.796 4.945 4.608 4.629 4.983 4.687 4.432 1.070 1.068 1.066 1.008 1.017 0.957 1.064 1.051 1.050 1.142 1.011 1.008 0.000
315.842361 315.843056 948.275 946.725 297.350 298.450 26.800 53.225 3.000 38.029 35.653 33.798 41.141 38.467 36.917 5.052 4.631 4.680 4.688 4.659 4.793 1.082 1.079 1.092 0.928 1.006 1.024 1.082 1.068 1.083 1.075 1.004 1.091 0.000
315.843056 315.843750 948.350 946.750 297.350 298.550 26.825 55.175 3.000 38.157 35.808 33.778 41.656 40.603 37.543 5.021 4.663 4.607 5.198 4.795 4.871 1.092 1.134 1.111 1.035 1.028 1.057 1.095 1.128 1.101 1.192 1.034 1.108 0.000
315.843750 315.844444 948.225 946.625 297.350 298.550 26.650 57.525 3.000 38.419 36.062 34.018 44.107 40.611 38.733 5.162 4.681 4.690 5.549 5.077 4.689 1.148 1.126 1.139 1.075 1.085 1.000 1.160 1.128 1.136 1.272 1.095 1.067 0.000
315.844444 315.845139 948.225 946.625 297.275 298.550 26.750 59.650 3.000 38.415 36.097 34.110 45.319 41.968 40.095 5.227 4.719 4.664 5.108 5.121 4.881 1.180 1.163 1.175 0.977 1.085 1.047 1.191 1.166 1.176 1.171 1.104 1.111 0.000
315.845139 315.845833 948.100 946.550 297.250 298.550 26.975 61.350 3.000 38.681 36.358 34.356 45.723 42.303 40.626 5.203 4.720 4.676 5.270 5.200 4.869 1.182 1.164 1.182 1.013 1.102 1.041 1.202 1.175 1.191 1.208 1.121 1.108 0.000
315.845833 315.846528 948.100 946.500 297.275 298.475 26.875 58.000 3.000 38.603 36.400 34.286 44.679 40.985 39.841 5.221 4.727 4.602 4.939 4.958 5.351 1.157 1.126 1.162 0.946 1.049 1.163 1.175 1.138 1.168 1.132 1.069 1.218 0.000
315.846528 315.847222 948.225 946.600 297.275 298.550 26.775 54.275 3.000 38.663 36.568 34.444 44.267 43.046 40.124 5.273 4.730 4.665 5.520 5.246 5.154 1.145 1.177 1.165 1.047 1.109 1.105 1.164 1.195 1.177 1.265 1.131 1.173 0.000
315.847222 315.847917 948.150 946.525 297.250 298.625 26.900 59.025 3.000 38.758 36.654 34.509 46.557 44.013 42.891 5.256 4.753 4.620 6.182 4.788 4.876 1.201 1.201 1.243 1.176 1.007 1.056 1.224 1.222 1.258 1.417 1.032 1.110 0.000
315.847917 315.848611 948.025 946.450 297.250 298.725 26.775 66.825 3.000 38.663 36.776 34.716 57.615 55.566 53.241 5.269 4.769 4.696 7.637 5.667 6.560 1.490 1.511 1.534 1.450 1.188 1.397 1.515 1.543 1.561 1.751 1.222 1.493 0.000
315.848611 315.849306 948.125 946.500 297.250 298.850 26.725 75.350 3.000 38.438 36.663 34.700 73.059 71.518 70.857 5.292 4.752 4.696 7.069 6.656 7.764 1.901 1.951 2.042 1.336 1.401 1.653 1.921 1.986 2.078 1.621 1.435 1.767 0.000
315.849306 315.850000 948.175 946.525 297.275 298.775 26.800 71.925 3.000 38.577 36.822 34.848 54.173 51.467 49.968 5.311 4.758 4.693 5.985 5.552 5.910 1.404 1.398 1.434 1.127 1.167 1.259 1.424 1.429 1.465 1.372 1.197 1.345 0.000
315.850000 315.850694 948.075 946.475 297.250 298.650 26.975 63.775 3.000 38.930 36.941 35.136 44.899 42.234 40.146 5.272 4.771 4.723 5.811 4.710 5.373 1.153 1.143 1.143 1.102 0.987 1.138 1.180 1.173 1.177 1.332 1.015 1.222 0.000
315.850694 315.851389 948.000 946.375 297.250 298.625 26.875 57.275 3.000 38.992 37.063 35.276 41.628 39.849 37.758 5.250 4.803 4.674 4.861 4.898 4.977 1.068 1.075 1.070 0.926 1.020 1.065 1.094 1.107 1.107 1.114 1.056 1.133 0.000
315.851389 315.852083 947.875 946.275 297.250 298.550 26.800 52.000 3.000 39.153 36.992 35.314 41.916 39.808 37.587 5.274 4.749 4.640 5.758 4.932 4.895 1.071 1.076 1.064 1.092 1.038 1.055 1.102 1.106 1.102 1.320 1.063 1.114 0.000
315.852083 315.852778 948.000 946.400 297.250 298.575 26.800 58.150 3.000 39.486 37.112 35.531 47.370 45.028 43.713 5.210 4.708 4.629 5.421 4.913 5.107 1.200 1.213 1.230 1.040 1.043 1.103 1.245 1.250 1.282 1.243 1.059 1.162 0.000
315.852778 315.853472 948.125 946.550 297.200 298.700 26.975 72.125 3.000 37.526 35.492 34.389 74.287 74.188 74.511 4.910 4.530 4.483 6.923 7.533 8.244 1.980 2.090 2.167 1.410 1.663 1.839 1.953 2.060 2.185 1.587 1.624 1.876 0.000
315.853472 315.854167 948.200 946.675 297.250 298.850 27.075 82.000 3.000 35.442 33.600 32.280 86.869 84.881 85.393 4.604 4.215 4.154 8.939 8.428 9.214 2.451 2.526 2.645 1.942 1.999 2.218 2.284 2.357 2.504 2.049 1.817 2.096 0.000
315.876389 315.877083 948.800 947.100 296.950 298.050 29.900 29.400 3.000 33.761 31.918 30.604 28.991 28.223 27.494 4.418 3.946 3.974 3.525 3.407 3.307 0.859 0.884 0.898 0.798 0.863 0.832 1.023 1.072 1.098 1.011 1.005 1.149 0.000
315.877083 315.877778 948.675 947.075 296.950 298.125 29.900 29.025 3.000 32.312 30.488 29.029 29.926 27.342 25.789 4.202 3.739 3.730 4.517 3.268 3.497 0.926 0.897 0.888 1.075 0.874 0.938 1.056 1.039 1.030 1.296 0.964 1.215 0.000
315.877778 315.878472 948.750 947.075 297.000 298.150 29.800 28.725 3.000 30.602 28.853 27.177 31.654 29.051 25.408 3.986 3.524 3.497 3.796 3.687 3.607 1.034 1.007 0.935 0.952 1.046 1.031 1.117 1.104 1.015 1.089 1.087 1.254 0.000
315.878472 315.879167 948.900 947.225 297.025 298.150 29.700 28.500 3.000 30.315 28.227 26.138 32.008 29.101 26.816 3.937 3.390 3.369 3.973 3.346 3.330 1.056 1.031 1.026 1.009 0.987 0.988 1.130 1.106 1.071 1.140 0.987 1.157 0.000
315.879167 315.879861 948.850 947.150 296.975 298.150 29.750 33.750 3.000 29.257 27.292 25.347 32.279 29.410 27.141 3.847 3.253 3.315 3.986 3.443 3.516 1.103 1.078 1.071 1.036 1.058 1.061 1.139 1.118 1.084 1.144 1.015 1.222 0.000
315.879861 315.880556 948.600 946.925 296.950 298.125 29.800 40.100 3.000 28.697 26.801 24.808 29.671 27.479 25.921 3.800 3.220 3.194 3.437 3.590 3.125 1.034 1.025 1.045 0.905 1.115 0.978 1.047 1.044 1.035 0.986 1.059 1.086 0.000
315.880556 315.881250 948.475 946.750 296.950 298.050 29.475 39.775 3.000 26.944 25.271 23.339 25.327 23.696 23.063 3.570 3.036 3.041 3.595 2.943 2.321 0.940 0.938 0.988 1.007 0.969 0.763 0.894 0.900 0.921 1.031 0.868 0.807 0.000
315.881250 315.881944 948.525 946.850 296.950 298.125 29.300 45.550 3.000 26.051 24.432 22.607 29.720 27.766 25.730 3.501 2.977 2.992 4.049 3.444 2.973 1.141 1.136 1.138 1.156 1.157 0.994 1.049 1.055 1.027 1.161 1.015 1.033 0.000
315.881944 315.882639 948.425 946.750 296.950 298.150 29.275 47.525 3.000 26.018 24.240 22.612 25.826 24.363 22.280 3.511 3.006 2.926 3.503 2.935 2.786 0.993 1.005 0.985 0.998 0.976 0.952 0.911 0.926 0.890 1.005 0.865 0.968 0.000
315.882639 315.883333 948.625 946.975 296.900 298.075 29.025 49.450 3.000 26.561 24.568 23.000 28.288 26.669 24.531 3.545 3.103 2.922 3.443 3.224 3.078 1.065 1.085 1.067 0.971 1.039 1.054 0.998 1.013 0.980 0.988 0.951 1.070 0.000
315.883333 315.884028 948.700 947.050 296.850 298.125 29.275 51.600 3.000 26.487 24.645 22.984 29.317 27.814 26.504 3.518 3.064 2.971 3.466 3.124 2.945 1.107 1.129 1.153 0.985 1.020 0.991 1.035 1.057 1.058 0.994 0.921 1.024 0.000
315.884028 315.884722 948.725 947.075 296.900 298.150 29.375 53.200 3.000 27.116 25.373 23.590 30.494 27.980 26.894 3.643 3.162 3.015 4.168 3.206 3.343 1.125 1.103 1.140 1.144 1.014 1.109 1.076 1.063 1.074 1.196 0.945 1.162 0.000
315.884722 315.885417 948.575 946.875 296.925 298.150 29.400 55.375 3.000 27.062 25.237 23.696 31.119 29.777 27.859 3.653 3.143 2.958 4.117 3.316 3.061 1.150 1.180 1.176 1.127 1.055 1.035 1.098 1.132 1.113 1.181 0.978 1.064 0.000
315.885417 315.886111 948.425 946.750 296.850 298.125 29.350 57.725 3.000 27.267 25.557 23.883 31.519 29.176 26.815 3.723 3.151 3.014 3.603 3.410 3.028 1.156 1.142 1.123 0.968 1.082 1.005 1.112 1.109 1.071 1.034 1.005 1.052 0.000
315.886111 315.886806 948.450 946.725 296.850 298.150 29.200 59.875 3.000 27.516 25.942 24.122 31.320 28.850 27.631 3.675 3.147 3.066 3.648 3.298 3.341 1.138 1.112 1.145 0.993 1.048 1.090 1.105 1.096 1.103 1.047 0.972 1.161 0.000
315.886806 315.887500 948.425 946.725 296.850 298.150 29.250 61.375 3.000 27.305 25.594 23.953 33.851 31.689 30.411 3.588 3.124 2.998 4.839 3.945 3.381 1.240 1.238 1.270 1.349 1.263 1.128 1.195 1.204 1.214 1.388 1.163 1.175 0.000
315.887500 315.888194 948.425 946.725 296.850 298.125 29.525 58.450 3.000 27.282 25.410 23.807 32.353 31.170 28.158 3.501 3.103 3.017 4.227 3.607 3.584 1.186 1.227 1.183 1.207 1.162 1.188 1.142 1.184 1.124 1.213 1.064 1.245 0.000
315.888194 315.888889 948.425 946.650 296.850 298.150 29.600 56.425 3.000 27.177 25.541 23.683 32.066 28.962 28.666 3.430 3.120 2.976 3.215 3.467 3.730 1.180 1.134 1.210 0.938 1.111 1.253 1.132 1.101 1.145 0.922 1.022 1.296 0.000
315.888889 315.889583 948.375 946.625 296.850 298.250 29.525 61.175 3.000 26.795 25.160 23.282 33.874 32.151 30.164 3.298 3.000 2.898 3.970 3.615 3.072 1.264 1.278 1.296 1.204 1.205 1.060 1.196 1.222 1.205 1.139 1.066 1.068 0.000
