HLM/GB0060R.20060101000000.20181219000000.nephelometer.aerosol_light_scattering_coefficient.pm10.1mo.1mn.TSI_3563_HLM_ref_TSI_3563_HLM_wet..lev0.nas
89 1001 
Andrews, Elisabeth; Jefferson, Anne; Burgos, Maria A.  
US06L, National Oceanic and Atmospheric Administration , NOAA/ESRL/GMD,  "Earth System Research Laboratory, Global Monitoring Division", 325 Broadway, , CO 80305-3, Boulder, U.S.A. 
Burgos, Maria A. 
NOAA-ESRL 
1 1 
2006 01 01 2018 12 19 
0.000000 
Days from the file reference point (start_time) 
21 
1 1 1 1 1 1 1 1 1 1 1 1 1 1 1 1 1 1 1 1 1  
9999.999999 9999.999 9999.999 9999.999 9999.999 9999.999 9999.999 9.999 9999.999 9999.999 9999.999 9999.999 9999.999 9999.999 9999.999 9999.999 9999.999 9999.999 9999.999 9999.999 9.999 
end_time of measurement, days from the file reference point 
pressure, hPa, Location=reference nephelometer internal 
pressure, hPa, Location=humidified nephleometer internal 
temperature, K, Location=reference nephelometer internal 
temperature, K, Location=humidified nephleometer internal 
relative_humidity, %, Location=reference nephelometer internal 
relative_humidity, %, Location=humidified nephleometer internal 
number of wavelengths 
aerosol_light_scattering_coefficient, 1/Mm, Wavelength=450nm, Location=reference nephelometer 
aerosol_light_scattering_coefficient, 1/Mm, Wavelength=450nm, Location=humidified nephleometer, Matrix=pm10_humidified 
aerosol_light_scattering_coefficient, 1/Mm, Wavelength=550nm, Location=reference nephelometer 
aerosol_light_scattering_coefficient, 1/Mm, Wavelength=550nm, Location=humidified nephleometer, Matrix=pm10_humidified 
aerosol_light_scattering_coefficient, 1/Mm, Wavelength=700nm, Location=reference nephelometer 
aerosol_light_scattering_coefficient, 1/Mm, Wavelength=700nm, Location=humidified nephleometer, Matrix=pm10_humidified 
aerosol_light_backscattering_coefficient, 1/Mm, Wavelength=450nm, Location=reference nephelometer 
aerosol_light_backscattering_coefficient, 1/Mm, Wavelength=450nm, Location=humidified nephleometer, Matrix=pm10_humidified 
aerosol_light_backscattering_coefficient, 1/Mm, Wavelength=550nm, Location=reference nephelometer 
aerosol_light_backscattering_coefficient, 1/Mm, Wavelength=550nm, Location=humidified nephleometer, Matrix=pm10_humidified 
aerosol_light_backscattering_coefficient, 1/Mm, Wavelength=700nm, Location=reference nephelometer 
aerosol_light_backscattering_coefficient, 1/Mm, Wavelength=700nm, Location=humidified nephleometer, Matrix=pm10_humidified 
numflag, no unit 
0 
54
Data definition:              EBAS_1.1 
Set type code:                TI 
Station code:                 GB0060R 
Platform code:                GB0060S 
Timezone:                     UTC 
Startdate:                    20061105120200 
Revision date:                20181219000000 
Component:                    aerosol_light_scattering_coefficient 
Unit:                         1/Mm 
Matrix:                       pm10 
Period code:                  1mo 
Resolution code:              1mn 
Sample duration:             1mn 
Laboratory code:              US06L 
Instrument type:              nephelometer 
Instrument manufacturer:      TSI 
Instrument model:             3563 
Instrument name:              TSI_3563_HLM_ref+TSI_3563_HLM_wet 
Method ref:                   US06L_hygro_tandem_neph_CorrData 
Orig. time res.:              1mn 
[...]
Submitter:                    Burgos, Maria A., paul.zieger@aces.su.se, Department of Environmental Science and Analytical Chemistry, ACES,,Frescativägen 54,, SE10691, Stockholm, Sweden 
Data level:                   0 
Version:                      1 
Version description:          raw values, RH sensor correction 
Height AGL:                   10m 
Inlet type:                   Hat or hood 
Inlet description:            Heated, stainless steel, see full description in Delene and Ogren, J. Atmos. Sci, 2002. 
Humidity/temperature control: Humidification 
Humidity/temperature control description: humidogram 
Volume std. temperature:      instrument internal 
Volume std. pressure:         instrument internal 
Detection limit:              0.5 1/Mm 
Detection limit expl.:        Determined by instrument counting statistics, no detection limit flag used 
Measurement uncertainty expl.: Uncertainty analysis described in Burgos et al., 2019 
Zero/negative values code:    zero/negative possible 
Zero/negative values:         zero and neg. values may appear due to statistical variations at very low concentrations  
Standard method:              cal-gas=CO2+AIR_truncation-correction=none 
Acknowledgement:              Request acknowledgement details from data originator 
start_time end_time p_ref_int p_wet_int T_ref_int T_wet_int RH_ref_int RH_wet_int nWav sc450_ref sc550_ref sc700_ref sc450_wet sc550_wet sc700_wet bsc450_ref bsc550_ref bsc700_ref bsc450_wet bsc550_wet bsc700_wet numflag 
[from data line 3760]
317.397917 317.398611 933.975 932.750 298.850 300.450 31.625 90.200 3.000 11.665 11.910 11.137 24.788 27.083 29.222 1.690 1.485 1.488 2.902 2.700 3.103 0.000
317.398611 317.399306 934.150 932.875 298.850 300.450 31.700 90.225 3.000 12.113 11.873 11.378 25.965 26.907 29.440 1.698 1.593 1.545 3.188 2.905 3.215 0.000
317.399306 317.400000 933.825 932.575 298.850 300.450 31.750 89.925 3.000 11.353 10.985 11.355 24.868 26.270 27.968 1.773 1.650 1.625 2.065 2.598 3.133 0.000
317.400000 317.400694 934.300 932.950 298.875 300.450 31.650 89.300 3.000 11.850 11.413 11.413 24.487 26.470 28.300 1.910 1.443 1.625 2.485 2.700 2.980 0.000
317.400694 317.401389 934.250 932.925 298.850 300.450 31.675 88.025 3.000 12.195 11.778 11.523 23.968 25.507 28.168 2.105 1.570 1.527 2.415 2.163 2.775 0.000
317.401389 317.402083 934.575 933.275 298.900 300.425 31.775 86.150 3.000 12.352 11.770 11.942 23.160 24.633 26.900 1.763 1.778 1.745 2.433 2.282 2.530 0.000
317.402083 317.402778 934.325 933.000 298.950 300.375 31.850 83.950 3.000 11.680 11.583 11.182 22.128 23.915 25.098 1.597 1.598 1.515 2.252 2.275 2.598 0.000
317.402778 317.403472 934.250 932.975 298.875 300.350 31.825 81.275 3.000 11.053 11.192 10.675 21.262 22.070 23.958 1.865 1.563 1.520 2.268 2.365 2.143 0.000
317.403472 317.404167 934.250 932.925 298.850 300.275 31.900 78.750 3.000 11.385 10.985 10.275 20.398 20.922 22.670 1.577 1.578 1.485 1.840 2.093 2.310 0.000
317.404167 317.404861 934.050 932.750 298.850 300.250 31.850 75.850 3.000 11.253 10.700 10.307 17.502 18.513 19.990 1.628 1.503 1.507 1.640 1.638 1.683 0.000
317.404861 317.405556 934.250 932.950 298.850 300.250 31.650 73.050 3.000 11.280 10.655 10.695 15.550 16.258 16.828 1.780 1.520 1.485 1.538 1.790 1.333 0.000
317.405556 317.406250 934.525 933.225 298.850 300.250 31.850 70.500 3.000 11.073 10.663 10.333 15.135 14.370 15.313 1.605 1.478 1.405 1.315 1.765 1.627 0.000
317.406250 317.406944 934.575 933.275 298.850 300.225 31.950 67.675 3.000 10.683 10.565 10.613 13.278 13.637 14.070 1.790 1.623 1.433 1.535 1.567 1.355 0.000
317.406944 317.407639 934.150 932.875 298.850 300.250 31.850 64.075 3.000 10.483 10.440 9.840 12.155 12.700 12.828 1.835 1.425 1.428 1.603 1.440 1.423 0.000
317.407639 317.408333 934.225 932.975 298.950 300.250 31.675 60.900 3.000 10.475 9.945 9.918 10.663 11.180 11.383 1.860 1.545 1.380 1.420 1.270 1.527 0.000
317.408333 317.409028 933.725 932.475 298.950 300.250 31.600 57.975 3.000 9.447 9.008 8.945 10.005 10.305 9.940 1.302 1.165 1.380 1.793 1.115 1.113 0.000
317.409028 317.409722 934.000 932.750 298.950 300.250 31.050 54.925 3.000 8.140 8.270 8.018 9.760 8.843 9.015 1.337 1.135 1.090 1.428 1.477 1.268 0.000
317.409722 317.410417 934.500 933.250 298.950 300.225 31.175 52.525 3.000 9.268 8.875 8.872 9.727 9.977 9.282 1.458 1.077 1.418 0.790 1.120 1.160 0.000
317.410417 317.411111 934.300 933.025 299.050 300.250 31.300 49.850 3.000 8.875 8.830 8.628 9.955 9.523 9.380 1.502 1.133 1.258 0.997 1.100 1.208 0.000
317.411111 317.411806 934.225 933.000 299.050 300.225 31.175 47.300 3.000 9.120 8.975 8.628 8.652 9.130 8.922 1.285 1.400 1.273 1.385 1.030 1.010 0.000
317.411806 317.412500 934.100 932.850 299.050 300.200 31.025 45.950 3.000 9.600 9.095 8.770 8.992 9.227 9.105 1.330 1.240 1.313 1.372 1.060 1.158 0.000
317.412500 317.413194 934.400 933.175 299.050 300.150 30.975 44.300 3.000 8.860 9.063 8.475 9.027 9.382 9.265 1.465 1.280 1.198 1.188 1.203 1.245 0.000
317.413194 317.413889 934.475 933.300 299.050 300.150 30.975 43.050 3.000 9.210 9.055 8.880 10.160 9.633 9.435 1.465 1.278 1.405 1.418 1.268 1.543 0.000
317.413889 317.414583 934.650 933.475 298.975 300.150 31.200 42.250 3.000 9.705 9.295 9.227 10.155 10.348 9.638 1.482 1.490 1.245 1.570 1.170 1.818 0.000
317.418056 317.418750 934.700 933.500 298.950 300.050 32.100 40.200 3.000 10.610 10.610 10.610 10.380 10.380 10.380 1.827 1.827 1.827 0.693 0.693 0.693 0.000
317.418750 317.419444 934.525 933.350 298.975 299.950 32.150 39.725 3.000 10.873 10.335 9.910 10.715 9.967 10.307 1.745 1.367 1.495 1.692 1.100 1.408 0.000
317.419444 317.420139 934.250 933.125 299.050 299.975 32.025 39.250 3.000 10.865 10.213 9.960 10.680 10.830 11.195 1.740 1.470 1.583 1.527 1.330 1.385 0.000
317.420139 317.420833 934.250 933.100 299.000 299.950 31.875 38.825 3.000 11.153 10.583 9.870 10.845 10.453 10.223 1.658 1.392 1.413 1.415 1.225 1.250 0.000
317.420833 317.421528 934.025 932.925 298.950 299.950 31.875 38.425 3.000 10.665 10.425 9.893 10.973 10.570 10.518 1.580 1.420 1.585 1.845 1.303 1.480 0.000
317.421528 317.422222 934.150 932.975 298.950 299.950 31.550 38.300 3.000 10.693 10.370 10.113 10.205 10.403 10.228 1.670 1.465 1.475 1.938 1.375 1.597 0.000
317.422222 317.422917 934.300 933.150 298.950 299.950 31.475 39.250 3.000 11.022 10.555 10.410 11.120 10.740 10.598 1.638 1.533 1.315 1.625 1.523 1.455 0.000
317.422917 317.423611 934.400 933.250 298.975 299.975 31.775 43.525 3.000 10.835 10.590 9.915 10.980 10.310 11.150 1.788 1.478 1.648 2.125 1.455 1.418 0.000
317.423611 317.424306 934.800 933.625 299.050 300.050 32.200 44.800 3.000 10.740 10.455 10.213 11.060 10.973 10.505 1.902 1.533 1.553 1.755 1.418 1.538 0.000
317.424306 317.425000 934.625 933.475 299.050 300.050 32.400 46.650 3.000 11.710 10.227 9.905 11.280 11.385 11.215 1.877 1.640 1.360 1.502 1.523 1.502 0.000
317.425000 317.425694 934.750 933.525 299.050 300.075 32.375 48.600 3.000 11.773 10.705 10.495 11.727 11.335 11.473 1.607 1.527 1.623 1.872 1.660 1.388 0.000
317.425694 317.426389 934.575 933.425 299.050 300.150 32.425 50.650 3.000 11.052 10.660 10.000 11.458 11.628 11.060 1.785 1.513 1.468 1.565 1.252 1.402 0.000
317.426389 317.427083 934.825 933.700 298.950 300.150 32.300 52.775 3.000 11.598 10.622 10.048 11.670 11.740 11.585 1.940 1.730 1.435 1.710 1.452 1.693 0.000
317.427083 317.427778 934.700 933.600 298.975 300.150 32.375 54.775 3.000 11.195 10.395 9.960 11.685 11.700 11.055 1.688 1.322 1.375 1.910 1.655 1.447 0.000
317.427778 317.428472 934.500 933.350 299.050 300.150 32.225 57.150 3.000 10.603 10.178 10.218 12.405 12.193 12.203 1.460 1.370 1.642 1.688 1.482 1.448 0.000
317.428472 317.429167 934.525 933.400 299.050 300.250 32.200 59.425 3.000 11.550 10.600 10.278 12.600 12.618 12.470 1.595 1.510 1.438 2.268 1.573 1.570 0.000
317.429167 317.429861 934.450 933.325 299.050 300.275 32.225 61.675 3.000 11.430 10.313 10.288 13.820 13.305 13.370 1.502 1.525 1.488 2.105 1.422 1.580 0.000
317.429861 317.430556 934.075 932.900 299.050 300.275 32.125 64.425 3.000 11.185 10.012 10.140 14.170 14.373 14.510 1.683 1.377 1.462 1.395 1.785 1.665 0.000
317.430556 317.431250 934.925 933.775 299.050 300.350 32.000 66.200 3.000 11.690 10.900 10.413 16.020 16.170 16.180 1.918 1.668 1.422 1.938 1.698 2.027 0.000
317.431250 317.431944 934.725 933.550 299.050 300.350 32.125 69.250 3.000 12.200 11.157 10.710 18.227 17.758 18.360 1.662 1.705 1.463 2.140 1.965 2.165 0.000
317.431944 317.432639 934.825 933.625 299.050 300.350 32.175 71.900 3.000 12.320 11.235 10.915 18.965 20.518 21.052 1.845 1.538 1.485 2.622 2.045 2.525 0.000
317.432639 317.433333 934.800 933.625 299.050 300.450 32.150 74.625 3.000 11.270 10.585 10.025 20.215 20.440 22.145 1.665 1.367 1.375 2.230 2.070 2.195 0.000
317.433333 317.434028 934.725 933.550 299.050 300.475 31.875 76.925 3.000 11.230 10.775 10.643 21.578 21.315 22.665 1.680 1.660 1.445 2.010 2.353 2.448 0.000
317.434028 317.434722 934.875 933.725 299.050 300.550 31.625 79.450 3.000 11.995 11.080 10.815 23.550 23.410 24.837 1.967 1.728 1.590 2.518 2.315 2.697 0.000
317.434722 317.435417 934.850 933.675 299.025 300.550 31.725 82.000 3.000 12.065 11.497 10.570 24.750 24.220 25.063 2.118 1.675 1.690 2.742 2.485 2.813 0.000
317.435417 317.436111 935.100 933.925 299.050 300.600 31.900 83.675 3.000 11.990 11.270 11.057 24.435 25.178 26.205 2.050 1.465 1.402 2.888 2.575 2.703 0.000
317.436111 317.436806 935.200 934.075 299.100 300.650 31.900 85.475 3.000 11.890 11.075 10.640 25.310 24.955 26.400 1.940 1.513 1.478 2.165 2.357 2.627 0.000
317.436806 317.437500 935.100 933.950 299.075 300.725 31.875 86.650 3.000 11.845 11.032 10.608 25.295 24.955 25.925 1.975 1.435 1.560 2.482 2.357 2.683 0.000
317.437500 317.438194 934.850 933.675 299.150 300.775 31.650 87.550 3.000 10.898 10.545 10.040 22.500 24.115 25.448 2.000 1.383 1.283 2.308 2.495 2.578 0.000
317.438194 317.438889 934.675 933.475 299.150 300.825 31.350 88.525 3.000 11.198 10.398 10.545 24.518 24.740 25.835 1.810 1.457 1.523 2.330 2.430 2.745 0.000
317.438889 317.439583 935.150 933.950 299.150 300.875 31.250 89.300 3.000 12.128 11.285 10.933 25.118 26.047 28.157 1.823 1.500 1.540 2.860 2.833 2.815 0.000
317.439583 317.440278 935.175 933.950 299.150 300.950 31.200 89.875 3.000 12.307 11.855 11.230 26.800 26.395 28.667 2.175 1.830 1.697 2.638 2.683 3.410 0.000
317.440278 317.440972 934.975 933.775 299.150 300.950 31.350 90.025 3.000 13.225 12.220 11.405 28.322 27.628 28.885 2.230 1.835 1.743 3.053 2.773 3.115 0.000
317.440972 317.441667 935.125 933.925 299.250 300.950 31.300 89.850 3.000 12.835 11.418 11.175 26.788 27.223 28.110 2.010 1.793 1.863 2.382 2.710 2.827 0.000
317.441667 317.442361 935.475 934.225 299.250 301.000 31.150 89.550 3.000 13.348 12.030 11.533 27.103 26.755 28.587 2.232 1.700 1.688 2.385 2.933 2.848 0.000
317.442361 317.443056 935.300 934.100 299.250 301.025 31.300 88.400 3.000 12.430 11.960 11.218 26.090 25.915 27.345 2.105 1.698 1.638 2.868 2.607 2.933 0.000
317.443056 317.443750 935.650 934.400 299.325 301.000 31.300 86.750 3.000 13.475 12.365 11.655 26.023 25.970 26.792 2.475 1.698 1.825 2.655 2.555 2.978 0.000
317.443750 317.444444 935.575 934.375 299.350 300.975 31.525 84.875 3.000 12.960 12.210 11.528 25.320 25.807 26.610 2.103 1.898 1.803 2.753 2.530 2.620 0.000
317.444444 317.445139 935.425 934.175 299.350 300.950 31.675 82.525 3.000 13.067 12.278 11.475 25.120 24.480 25.095 2.185 1.810 1.528 2.595 2.175 2.572 0.000
317.445139 317.445833 935.750 934.525 299.350 300.950 31.700 79.950 3.000 13.410 12.065 12.102 24.140 23.275 24.975 2.268 1.768 1.575 2.298 2.487 2.700 0.000
317.445833 317.446528 935.425 934.250 299.350 300.950 31.750 77.275 3.000 12.850 12.140 11.893 22.000 22.195 23.193 2.032 1.673 1.735 2.212 2.217 2.092 0.000
317.446528 317.447222 935.400 934.200 299.350 300.925 31.675 74.200 3.000 13.003 12.035 11.795 19.430 19.183 19.593 1.958 1.685 1.718 2.055 2.370 2.433 0.000
317.447222 317.447917 935.375 934.175 299.350 300.875 31.700 71.275 3.000 12.913 11.743 11.695 17.243 16.873 18.035 2.127 1.795 1.535 2.155 1.575 2.315 0.000
317.447917 317.448611 935.650 934.450 299.375 300.850 31.625 68.300 3.000 13.140 11.755 11.348 15.737 15.285 15.782 1.945 1.725 1.540 1.668 1.480 1.845 0.000
317.448611 317.449306 935.725 934.500 299.425 300.850 31.600 65.100 3.000 12.613 11.618 11.385 13.973 14.465 14.295 2.450 1.892 1.662 2.000 1.518 1.683 0.000
317.449306 317.450000 935.425 934.225 299.450 300.850 31.575 61.500 3.000 12.630 12.133 11.575 14.238 13.828 13.243 2.045 1.843 1.815 1.803 1.528 1.553 0.000
317.450000 317.450694 935.550 934.375 299.450 300.850 31.350 58.400 3.000 12.745 12.368 11.993 13.188 13.025 13.563 2.065 1.910 1.808 1.780 1.607 1.742 0.000
317.450694 317.451389 935.575 934.375 299.425 300.850 31.300 55.275 3.000 12.645 12.095 11.675 13.580 13.180 13.260 2.162 1.712 1.607 1.643 1.730 1.748 0.000
317.451389 317.452083 935.550 934.400 299.400 300.850 31.400 52.525 3.000 13.122 12.208 11.955 14.055 12.837 13.267 2.220 1.783 1.813 1.855 1.607 1.803 0.000
317.452083 317.452778 935.600 934.425 299.450 300.850 31.350 50.300 3.000 13.890 12.665 12.010 13.243 13.633 12.905 2.087 1.938 1.885 1.925 1.723 1.778 0.000
317.452778 317.453472 935.625 934.450 299.525 300.850 31.450 48.275 3.000 13.725 12.490 12.083 13.385 13.237 13.000 2.255 1.875 1.783 1.802 1.640 1.653 0.000
317.453472 317.454167 935.875 934.775 299.550 300.850 31.475 46.525 3.000 13.705 12.595 12.465 13.850 13.688 13.703 1.925 1.650 1.898 1.773 1.590 1.752 0.000
317.454167 317.454861 935.600 934.500 299.550 300.850 31.500 45.300 3.000 13.100 12.315 12.055 13.245 13.440 13.165 2.050 1.845 1.810 2.210 1.560 1.645 0.000
317.459722 317.460417 935.500 934.400 299.450 300.550 31.200 40.000 3.000 11.250 11.250 11.250 11.520 11.520 11.520 1.627 1.627 1.627 1.503 1.503 1.503 0.000
317.460417 317.461111 935.325 934.250 299.525 300.600 30.700 39.125 3.000 11.960 11.247 10.385 12.670 12.365 11.678 2.040 1.583 1.575 2.053 1.433 1.698 0.000
317.461111 317.461806 935.275 934.200 299.550 300.650 30.525 38.300 3.000 12.368 11.520 10.948 12.863 12.580 12.118 1.985 1.583 1.652 2.112 1.525 1.800 0.000
317.461806 317.462500 935.650 934.575 299.550 300.650 30.600 37.875 3.000 13.130 12.293 11.180 14.568 13.570 12.958 1.930 1.705 1.692 1.873 1.797 1.787 0.000
317.462500 317.463194 935.800 934.725 299.550 300.650 30.825 37.675 3.000 12.637 12.050 11.647 13.965 13.458 13.378 1.763 1.575 1.837 2.215 1.783 1.877 0.000
317.463194 317.463889 935.725 934.700 299.525 300.650 31.000 37.800 3.000 12.605 11.532 11.635 14.140 13.128 12.352 1.852 1.633 1.612 1.750 1.845 1.823 0.000
317.463889 317.464583 935.525 934.525 299.450 300.650 30.875 38.975 3.000 11.478 11.262 10.692 12.700 12.415 12.858 1.833 1.775 1.720 2.070 1.532 1.658 0.000
317.464583 317.465278 935.750 934.700 299.450 300.650 30.675 43.125 3.000 12.662 12.230 11.725 13.475 13.535 12.845 1.750 1.750 1.607 1.800 1.960 1.613 0.000
317.465278 317.465972 935.825 934.775 299.525 300.650 30.975 44.700 3.000 12.375 12.010 12.357 14.460 14.178 14.262 2.208 1.655 1.783 1.695 2.045 1.925 0.000
317.465972 317.466667 935.825 934.750 299.475 300.650 31.000 46.450 3.000 12.790 12.488 12.068 14.755 13.953 13.878 1.758 1.745 1.750 2.242 1.860 1.807 0.000
317.466667 317.467361 935.700 934.650 299.450 300.550 31.125 48.225 3.000 13.415 12.538 12.422 14.140 14.140 13.570 1.683 1.728 2.005 1.725 1.995 1.795 0.000
317.467361 317.468056 935.875 934.825 299.450 300.650 31.000 50.325 3.000 12.395 11.833 11.948 14.295 13.645 13.845 2.215 1.820 1.880 2.422 1.857 1.895 0.000
317.468056 317.468750 936.025 934.950 299.400 300.650 30.925 52.450 3.000 11.955 12.027 11.688 14.855 14.467 14.535 2.532 1.680 1.708 1.645 1.868 1.672 0.000
317.468750 317.469444 936.125 935.050 299.350 300.575 31.075 54.500 3.000 12.775 11.488 11.543 15.003 14.525 13.975 2.165 1.610 1.675 2.000 1.922 1.732 0.000
317.469444 317.470139 935.625 934.575 299.375 300.650 31.025 56.950 3.000 12.080 11.483 10.922 14.778 14.547 14.912 1.710 1.770 1.660 2.075 1.823 1.925 0.000
317.470139 317.470833 935.475 934.425 299.450 300.650 30.575 59.150 3.000 11.810 11.475 10.883 15.525 14.725 14.788 2.053 1.657 1.802 2.097 1.722 1.928 0.000
317.470833 317.471528 935.650 934.550 299.450 300.675 30.250 61.475 3.000 11.785 11.443 10.945 15.863 14.990 15.282 1.770 1.768 1.575 1.723 1.857 1.817 0.000
317.471528 317.472222 935.825 934.725 299.400 300.750 30.075 64.125 3.000 11.825 11.075 10.753 16.980 16.180 16.480 2.092 1.552 1.488 1.935 2.040 2.205 0.000
317.472222 317.472917 935.600 934.475 299.450 300.750 30.325 66.900 3.000 12.182 11.580 11.102 18.863 18.525 18.907 1.590 1.520 1.435 2.040 2.085 1.827 0.000
317.472917 317.473611 935.700 934.575 299.450 300.775 29.900 69.650 3.000 11.157 10.725 10.458 19.038 19.297 20.520 1.850 1.495 1.570 1.965 2.162 2.543 0.000
317.473611 317.474306 936.200 935.075 299.450 300.850 29.750 72.425 3.000 11.510 10.918 10.487 21.648 21.642 22.640 1.880 1.573 1.600 2.373 2.663 2.502 0.000
317.474306 317.475000 936.150 934.975 299.450 300.850 30.025 75.450 3.000 11.495 10.965 10.605 22.955 23.373 24.960 2.038 1.715 1.520 2.692 2.728 2.935 0.000
317.475000 317.475694 935.950 934.850 299.425 300.925 29.925 78.425 3.000 11.650 10.685 10.473 23.940 23.835 25.405 1.265 1.793 1.510 3.500 2.777 3.132 0.000
317.475694 317.476389 936.125 935.000 299.425 300.950 30.000 81.150 3.000 12.015 11.065 10.728 24.598 25.190 26.620 1.702 1.718 1.530 2.515 2.800 3.418 0.000
