HLM/GB0060R.20060101000000.20181219000000.nephelometer.aerosol_light_scattering_coefficient.pm1.1mo.1mn.TSI_3563_HLM_ref_TSI_3563_HLM_wet..lev0.nas
89 1001 
Andrews, Elisabeth; Jefferson, Anne; Burgos, Maria A.  
US06L, National Oceanic and Atmospheric Administration , NOAA/ESRL/GMD,  "Earth System Research Laboratory, Global Monitoring Division", 325 Broadway, , CO 80305-3, Boulder, U.S.A. 
Burgos, Maria A. 
NOAA-ESRL 
1 1 
2006 01 01 2018 12 19 
0.000000 
Days from the file reference point (start_time) 
21 
1 1 1 1 1 1 1 1 1 1 1 1 1 1 1 1 1 1 1 1 1  
9999.999999 9999.999 9999.999 9999.999 9999.999 9999.999 9999.999 9.999 9999.999 9999.999 9999.999 9999.999 9999.999 9999.999 9999.999 9999.999 9999.999 9999.999 9999.999 9999.999 9.999 
end_time of measurement, days from the file reference point 
pressure, hPa, Location=reference nephelometer internal 
pressure, hPa, Location=humidified nephleometer internal 
temperature, K, Location=reference nephelometer internal 
temperature, K, Location=humidified nephleometer internal 
relative_humidity, %, Location=reference nephelometer internal 
relative_humidity, %, Location=humidified nephleometer internal 
number of wavelengths 
aerosol_light_scattering_coefficient, 1/Mm, Wavelength=450nm, Location=reference nephelometer 
aerosol_light_scattering_coefficient, 1/Mm, Wavelength=450nm, Location=humidified nephleometer, Matrix=pm1_humidified 
aerosol_light_scattering_coefficient, 1/Mm, Wavelength=550nm, Location=reference nephelometer 
aerosol_light_scattering_coefficient, 1/Mm, Wavelength=550nm, Location=humidified nephleometer, Matrix=pm1_humidified 
aerosol_light_scattering_coefficient, 1/Mm, Wavelength=700nm, Location=reference nephelometer 
aerosol_light_scattering_coefficient, 1/Mm, Wavelength=700nm, Location=humidified nephleometer, Matrix=pm1_humidified 
aerosol_light_backscattering_coefficient, 1/Mm, Wavelength=450nm, Location=reference nephelometer 
aerosol_light_backscattering_coefficient, 1/Mm, Wavelength=450nm, Location=humidified nephleometer, Matrix=pm1_humidified 
aerosol_light_backscattering_coefficient, 1/Mm, Wavelength=550nm, Location=reference nephelometer 
aerosol_light_backscattering_coefficient, 1/Mm, Wavelength=550nm, Location=humidified nephleometer, Matrix=pm1_humidified 
aerosol_light_backscattering_coefficient, 1/Mm, Wavelength=700nm, Location=reference nephelometer 
aerosol_light_backscattering_coefficient, 1/Mm, Wavelength=700nm, Location=humidified nephleometer, Matrix=pm1_humidified 
numflag, no unit 
0 
54
Data definition:              EBAS_1.1 
Set type code:                TI 
Station code:                 GB0060R 
Platform code:                GB0060S 
Timezone:                     UTC 
Startdate:                    20061105120200 
Revision date:                20181219000000 
Component:                    aerosol_light_scattering_coefficient 
Unit:                         1/Mm 
Matrix:                       pm1 
Period code:                  1mo 
Resolution code:              1mn 
Sample duration:             1mn 
Laboratory code:              US06L 
Instrument type:              nephelometer 
Instrument manufacturer:      TSI 
Instrument model:             3563 
Instrument name:              TSI_3563_HLM_ref+TSI_3563_HLM_wet 
Method ref:                   US06L_hygro_tandem_neph_CorrData 
Orig. time res.:              1mn 
[...]
Submitter:                    Burgos, Maria A., paul.zieger@aces.su.se, Department of Environmental Science and Analytical Chemistry, ACES,,Frescativägen 54,, SE10691, Stockholm, Sweden 
Data level:                   0 
Version:                      1 
Version description:          raw values, RH sensor correction 
Height AGL:                   10m 
Inlet type:                   Hat or hood 
Inlet description:            Heated, stainless steel, see full description in Delene and Ogren, J. Atmos. Sci, 2002. 
Humidity/temperature control: Humidification 
Humidity/temperature control description: humidogram 
Volume std. temperature:      instrument internal 
Volume std. pressure:         instrument internal 
Detection limit:              0.5 1/Mm 
Detection limit expl.:        Determined by instrument counting statistics, no detection limit flag used 
Measurement uncertainty expl.: Uncertainty analysis described in Burgos et al., 2019 
Zero/negative values code:    zero/negative possible 
Zero/negative values:         zero and neg. values may appear due to statistical variations at very low concentrations  
Standard method:              cal-gas=CO2+AIR_truncation-correction=none 
Acknowledgement:              Request acknowledgement details from data originator 
start_time end_time p_ref_int p_wet_int T_ref_int T_wet_int RH_ref_int RH_wet_int nWav sc450_ref sc550_ref sc700_ref sc450_wet sc550_wet sc700_wet bsc450_ref bsc550_ref bsc700_ref bsc450_wet bsc550_wet bsc700_wet numflag 
[from data line 9941]
334.192361 334.193056 954.400 953.775 301.250 302.750 28.225 91.300 3.000 12.040 8.332 5.237 31.305 23.305 16.610 2.168 1.590 0.970 2.715 2.212 1.860 0.000
334.193056 334.193750 954.275 953.625 301.250 302.675 28.200 89.850 3.000 11.895 7.975 5.410 28.070 21.517 16.532 2.103 1.445 0.790 1.715 1.978 1.635 0.000
334.193750 334.194444 954.425 953.775 301.250 302.650 28.200 88.000 3.000 11.442 8.115 5.162 27.012 19.760 15.050 1.695 1.580 0.845 2.120 1.970 1.738 0.000
334.194444 334.195139 954.300 953.650 301.225 302.650 28.200 86.025 3.000 11.600 7.973 4.895 25.573 18.810 14.438 1.793 1.482 0.595 2.008 1.902 1.780 0.000
334.195139 334.195833 954.225 953.625 301.250 302.575 28.200 83.625 3.000 11.200 8.080 4.785 23.833 17.995 13.433 1.442 1.310 0.912 1.865 1.632 1.697 0.000
334.195833 334.196528 954.125 953.425 301.250 302.550 28.200 80.900 3.000 11.182 7.588 4.952 20.578 16.377 12.477 1.547 1.260 0.875 2.368 1.565 1.742 0.000
334.196528 334.197222 954.300 953.650 301.250 302.550 28.150 78.075 3.000 10.710 7.603 4.912 18.070 14.958 11.312 1.795 1.405 1.058 1.468 1.740 1.378 0.000
334.197222 334.197917 954.200 953.625 301.250 302.450 28.200 75.075 3.000 10.995 7.413 5.048 16.627 13.855 10.778 1.793 1.445 0.820 1.942 1.793 1.375 0.000
334.197917 334.198611 954.100 953.475 301.250 302.450 28.200 72.425 3.000 11.163 7.728 4.942 16.287 12.508 10.913 1.865 1.345 0.857 1.657 1.430 1.048 0.000
334.198611 334.199306 954.175 953.575 301.250 302.375 28.200 69.150 3.000 11.325 7.973 5.060 15.098 11.833 9.110 1.875 1.323 0.975 1.440 1.548 1.442 0.000
334.199306 334.200000 954.225 953.625 301.225 302.350 28.200 66.025 3.000 10.962 7.607 5.287 13.875 10.913 8.532 1.848 1.330 0.910 1.690 1.763 0.950 0.000
334.200000 334.200694 954.175 953.550 301.250 302.325 28.200 62.425 3.000 11.407 7.563 4.848 12.740 10.620 7.728 1.645 1.375 1.023 1.668 1.493 1.300 0.000
334.200694 334.201389 954.125 953.575 301.250 302.250 28.200 58.425 3.000 10.997 7.543 4.940 12.873 9.527 7.083 1.653 1.452 0.645 1.358 1.315 0.673 0.000
334.201389 334.202083 954.075 953.450 301.275 302.250 28.175 55.025 3.000 10.428 7.395 4.862 11.980 8.512 6.940 1.895 1.348 0.848 1.655 1.108 1.370 0.000
334.202083 334.202778 953.800 953.150 301.275 302.225 28.125 52.100 3.000 10.637 7.560 5.172 11.523 8.975 6.618 1.710 1.283 0.983 1.630 1.258 1.047 0.000
334.202778 334.203472 953.925 953.275 301.250 302.150 28.125 48.350 3.000 11.110 7.742 4.740 12.032 8.488 6.175 1.790 1.273 1.060 1.682 1.400 0.900 0.000
334.203472 334.204167 953.900 953.275 301.250 302.125 28.150 45.975 3.000 11.373 7.620 5.080 11.635 8.512 5.758 1.617 1.290 0.933 2.073 1.210 1.067 0.000
334.204167 334.204861 953.875 953.300 301.250 302.150 28.175 44.125 3.000 10.735 7.213 5.167 12.190 8.482 6.313 1.518 1.192 0.945 1.367 1.235 1.055 0.000
334.204861 334.205556 953.850 953.275 301.250 302.125 28.200 42.650 3.000 10.922 7.300 4.825 11.820 8.150 5.978 1.718 1.220 0.792 1.692 1.330 0.838 0.000
334.205556 334.206250 953.550 952.950 301.250 302.075 28.200 41.400 3.000 10.418 8.005 5.197 12.690 8.560 6.088 1.587 1.385 0.860 1.527 1.303 1.078 0.000
334.229167 334.229861 953.500 952.833 301.050 302.250 28.033 75.267 3.000 10.647 6.980 4.527 16.557 14.150 11.137 1.527 1.293 0.810 1.580 1.173 1.367 0.000
334.229861 334.230556 953.350 952.725 301.050 302.350 28.025 79.750 3.000 10.025 7.335 4.585 21.303 16.430 12.738 1.995 1.273 0.808 1.475 1.760 1.750 0.000
334.230556 334.231250 953.525 952.925 301.125 302.500 28.000 85.075 3.000 9.865 6.925 4.692 25.050 18.258 14.155 1.218 1.145 0.963 2.025 1.875 1.695 0.000
334.231250 334.231944 953.475 952.850 301.150 302.550 27.925 88.375 3.000 9.640 6.970 4.683 26.123 19.567 15.075 1.593 1.378 0.863 1.710 1.740 1.590 0.000
334.231944 334.232639 953.525 952.875 301.150 302.575 27.825 89.425 3.000 9.807 6.828 4.732 25.725 19.385 14.623 1.620 1.223 1.172 1.755 2.118 1.507 0.000
334.232639 334.233333 953.525 952.875 301.150 302.475 27.800 87.200 3.000 10.315 7.348 4.657 22.410 16.977 13.645 1.245 1.038 0.855 1.988 1.830 1.468 0.000
334.233333 334.234028 953.475 952.875 301.150 302.450 27.800 82.550 3.000 10.565 6.963 4.525 19.930 14.567 12.038 1.960 1.248 0.708 1.952 1.780 1.198 0.000
334.234028 334.234722 953.500 952.850 301.150 302.475 27.800 79.925 3.000 10.250 7.060 4.365 17.648 14.000 10.890 1.365 1.110 0.808 0.960 1.538 1.455 0.000
334.234722 334.235417 953.375 952.725 301.150 302.550 27.800 78.550 3.000 10.123 6.782 4.523 16.275 13.575 10.625 1.535 1.175 0.880 1.920 1.127 1.067 0.000
334.235417 334.236111 953.425 952.775 301.225 302.550 27.725 77.750 3.000 10.045 7.093 4.482 16.293 13.167 10.033 1.388 1.360 0.850 1.962 1.685 1.200 0.000
334.236111 334.236806 953.350 952.725 301.225 302.550 27.700 77.900 3.000 10.113 7.087 4.813 16.950 13.788 10.753 1.445 1.277 0.732 1.460 1.640 1.145 0.000
334.236806 334.237500 953.350 952.650 301.200 302.650 27.700 80.700 3.000 9.225 6.848 4.862 20.815 15.375 12.000 1.567 1.303 1.065 1.488 1.617 0.960 0.000
334.237500 334.238194 953.400 952.700 301.175 302.650 27.700 83.550 3.000 9.848 6.990 4.952 20.793 16.090 12.113 1.697 1.210 0.843 1.920 1.690 1.518 0.000
334.238194 334.238889 953.275 952.625 301.150 302.575 27.700 80.250 3.000 10.355 6.850 4.690 16.858 13.713 11.047 1.595 1.118 0.902 1.663 1.428 0.843 0.000
334.238889 334.239583 953.375 952.675 301.175 302.550 27.700 75.100 3.000 10.070 7.043 4.418 14.238 11.860 9.025 1.580 1.280 0.870 1.433 1.275 1.555 0.000
334.239583 334.240278 953.275 952.575 301.250 302.475 27.700 70.350 3.000 9.893 6.965 4.905 13.405 10.363 8.265 1.877 1.393 0.695 1.418 1.228 0.960 0.000
334.240278 334.240972 953.600 952.900 301.225 302.475 27.700 69.925 3.000 10.102 7.163 4.943 13.025 10.980 8.480 2.023 1.252 0.855 0.808 1.485 0.900 0.000
334.240972 334.241667 953.325 952.650 301.250 302.550 27.700 70.575 3.000 10.295 7.280 4.645 13.133 10.795 9.055 1.837 1.240 0.875 1.367 1.300 1.333 0.000
334.241667 334.242361 953.475 952.800 301.225 302.550 27.700 70.475 3.000 10.535 7.057 4.620 14.783 11.415 8.637 1.573 1.385 0.925 2.215 1.455 0.950 0.000
334.242361 334.243056 953.400 952.725 301.225 302.575 27.700 70.225 3.000 10.068 7.268 4.735 13.963 11.050 9.277 1.830 1.242 0.868 1.623 1.455 1.130 0.000
334.243056 334.243750 953.200 952.550 301.250 302.650 27.700 68.975 3.000 10.538 7.320 4.880 13.035 11.035 8.777 1.785 1.283 0.808 1.595 1.462 0.837 0.000
334.243750 334.244444 953.175 952.550 301.250 302.600 27.650 64.075 3.000 11.090 7.277 4.760 11.563 9.890 6.638 1.742 1.280 0.872 1.465 0.870 1.110 0.000
334.244444 334.245139 953.350 952.700 301.250 302.500 27.700 52.600 3.000 10.470 6.923 4.505 10.598 8.328 6.468 1.833 1.377 0.723 1.562 1.380 0.930 0.000
334.245139 334.245833 953.350 952.650 301.250 302.350 27.700 40.000 3.000 10.245 7.065 4.218 10.108 7.577 5.593 1.743 1.453 0.865 1.460 1.330 0.662 0.000
334.245833 334.246528 953.275 952.550 301.250 302.425 27.675 37.475 3.000 10.105 7.122 4.598 9.815 7.750 5.215 1.652 1.400 0.862 1.817 1.415 0.867 0.000
334.246528 334.247222 953.175 952.450 301.250 302.450 27.550 34.300 3.000 9.915 7.085 4.907 11.310 7.615 5.283 1.678 1.188 1.005 1.045 1.195 0.855 0.000
334.247222 334.247917 953.275 952.600 301.250 302.450 27.575 32.225 3.000 10.020 7.400 4.430 9.488 7.652 5.923 1.623 1.365 0.768 1.685 1.175 0.938 0.000
334.270833 334.271528 953.167 952.467 301.050 302.750 26.767 75.467 3.000 9.350 6.193 4.400 14.980 11.970 10.753 1.773 1.157 0.773 1.517 1.257 0.893 0.000
334.271528 334.272222 953.125 952.450 301.050 302.750 26.825 76.175 3.000 9.340 6.655 4.570 14.890 12.035 9.920 1.678 1.152 0.688 1.748 1.490 1.083 0.000
334.272222 334.272917 952.975 952.300 301.075 302.700 26.725 76.675 3.000 8.912 6.535 4.388 13.953 11.785 9.588 1.117 1.107 0.752 0.987 1.350 1.057 0.000
334.272917 334.273611 953.150 952.425 301.125 302.750 26.600 76.375 3.000 9.418 6.540 4.317 15.688 12.330 10.032 1.652 0.843 0.930 1.350 1.303 0.968 0.000
334.273611 334.274306 953.275 952.575 301.150 302.750 26.600 76.450 3.000 9.800 6.390 4.460 14.090 11.403 9.482 1.430 1.145 0.845 1.678 1.500 1.018 0.000
334.274306 334.275000 953.375 952.675 301.150 302.750 26.600 75.350 3.000 9.150 6.303 4.273 12.933 11.217 9.023 1.215 1.030 0.730 1.687 1.148 0.787 0.000
334.275000 334.275694 953.200 952.575 301.150 302.850 26.625 77.150 3.000 8.822 6.337 4.373 14.753 12.205 9.150 1.553 1.028 0.953 1.492 1.252 1.105 0.000
334.275694 334.276389 953.075 952.400 301.150 302.825 26.600 77.250 3.000 8.613 5.975 4.250 13.955 11.067 10.045 1.753 1.168 0.755 1.483 1.408 1.152 0.000
334.276389 334.277083 953.225 952.550 301.150 302.850 26.425 77.525 3.000 8.822 6.143 4.083 14.010 11.390 9.430 1.278 1.248 0.760 1.132 1.418 1.110 0.000
334.277083 334.277778 953.150 952.450 301.150 302.775 26.325 77.500 3.000 8.590 6.100 3.982 13.903 11.045 9.420 1.273 1.025 0.855 1.188 1.330 1.175 0.000
334.277778 334.278472 953.375 952.675 301.150 302.775 26.300 77.175 3.000 8.310 6.043 4.008 13.022 10.655 9.152 1.577 1.075 0.522 1.057 1.238 0.603 0.000
334.278472 334.279167 953.225 952.550 301.150 302.750 26.300 76.125 3.000 8.285 5.857 4.152 12.292 10.620 8.458 1.340 0.880 0.825 1.310 1.075 0.888 0.000
334.279167 334.279861 953.050 952.425 301.175 302.800 26.275 75.875 3.000 8.575 5.785 4.360 12.585 10.130 8.775 1.393 1.125 0.762 1.330 1.138 1.008 0.000
334.279861 334.280556 953.025 952.350 301.250 302.850 26.150 77.075 3.000 8.595 5.912 4.220 13.083 11.403 9.477 1.138 1.122 1.015 1.462 1.190 1.380 0.000
334.280556 334.281250 952.950 952.300 301.225 302.850 25.900 77.400 3.000 8.190 5.817 3.795 11.905 10.593 9.088 1.255 0.915 0.575 1.113 1.158 0.892 0.000
334.281250 334.281944 952.875 952.125 301.175 302.850 25.675 76.900 3.000 7.442 5.622 3.923 11.843 10.413 8.735 1.385 0.855 0.510 0.603 1.145 0.840 0.000
334.281944 334.282639 952.975 952.225 301.150 302.800 25.450 75.375 3.000 8.018 5.985 3.867 10.885 9.932 8.390 1.170 0.858 0.650 1.237 0.853 1.175 0.000
334.282639 334.283333 952.950 952.275 301.150 302.750 25.625 73.225 3.000 8.003 5.787 3.982 11.255 9.207 8.213 1.220 1.080 0.508 0.765 1.193 0.792 0.000
334.283333 334.284028 953.050 952.400 301.250 302.750 25.600 70.325 3.000 7.657 5.768 3.950 10.378 8.607 7.113 1.353 0.810 0.578 1.000 0.657 1.005 0.000
334.284028 334.284722 952.825 952.175 301.250 302.750 25.475 67.475 3.000 7.213 5.468 3.590 9.445 8.410 6.775 1.123 0.873 0.633 1.117 0.845 0.905 0.000
334.284722 334.285417 952.800 952.100 301.175 302.675 25.175 64.600 3.000 7.230 5.350 3.700 9.457 7.648 6.075 1.093 0.892 0.552 1.120 0.882 0.475 0.000
334.285417 334.286111 952.850 952.200 301.225 302.625 25.125 59.350 3.000 7.013 5.268 3.583 8.540 6.553 5.678 1.158 0.813 0.605 0.885 0.985 0.470 0.000
334.286111 334.286806 952.650 951.950 301.150 302.500 25.175 49.025 3.000 7.305 5.393 3.615 7.855 5.695 4.780 1.385 0.913 0.638 0.963 0.782 0.760 0.000
334.286806 334.287500 952.850 952.200 301.150 302.450 25.100 37.850 3.000 7.715 5.170 3.602 7.225 6.070 4.640 1.373 0.710 0.705 1.228 0.537 0.840 0.000
334.287500 334.288194 952.550 951.900 301.150 302.450 25.225 33.900 3.000 7.357 5.388 3.750 8.027 6.140 4.690 1.428 0.667 0.518 1.473 0.670 0.530 0.000
334.288194 334.288889 952.675 952.025 301.150 302.450 25.225 28.975 3.000 7.160 5.287 3.583 7.678 5.953 4.345 1.265 0.968 0.502 0.987 1.087 0.982 0.000
334.288889 334.289583 952.750 952.100 301.150 302.450 25.275 26.700 3.000 7.442 5.317 3.907 7.855 5.910 4.380 1.505 0.857 0.787 1.813 0.722 0.517 0.000
334.312500 334.313194 952.200 951.467 300.950 302.517 24.867 71.267 3.000 8.123 6.173 3.930 12.203 10.560 9.120 1.617 0.933 0.787 1.570 1.310 1.170 0.000
334.313194 334.313889 952.175 951.450 300.975 302.600 24.575 77.950 3.000 7.500 5.668 3.990 15.855 12.855 9.965 1.073 1.020 0.623 1.340 1.482 0.990 0.000
334.313889 334.314583 952.375 951.600 300.975 302.575 24.250 80.825 3.000 8.402 6.015 4.023 15.340 12.405 10.695 1.340 0.978 0.510 1.337 1.448 0.903 0.000
334.314583 334.315278 952.425 951.725 301.000 302.550 24.550 78.025 3.000 8.873 6.083 3.732 14.090 11.270 9.778 1.273 1.005 0.607 1.585 0.995 1.285 0.000
334.315278 334.315972 952.350 951.600 300.950 302.550 24.675 77.375 3.000 8.358 6.210 3.872 13.008 11.040 9.032 1.410 0.910 1.063 0.985 1.155 1.090 0.000
334.315972 334.316667 952.150 951.450 301.000 302.550 24.375 76.650 3.000 8.738 6.037 4.078 13.137 10.960 8.460 1.455 0.927 0.460 1.800 1.057 1.152 0.000
334.316667 334.317361 952.150 951.450 300.975 302.550 24.175 76.050 3.000 8.557 5.810 4.000 12.140 10.602 8.810 1.393 1.058 0.620 1.313 0.965 0.917 0.000
334.317361 334.318056 952.375 951.675 301.050 302.600 24.175 75.625 3.000 8.920 6.327 4.025 12.950 10.480 8.788 1.478 1.050 0.705 1.117 1.255 1.228 0.000
334.318056 334.318750 952.350 951.625 301.050 302.650 24.275 76.625 3.000 8.678 6.005 4.098 13.965 11.320 9.098 1.373 1.078 0.787 1.100 1.093 1.020 0.000
334.318750 334.319444 952.250 951.475 301.050 302.575 24.200 76.725 3.000 9.113 6.438 4.085 13.807 11.033 9.310 1.060 1.073 0.797 1.665 1.188 1.155 0.000
334.319444 334.320139 952.300 951.525 301.050 302.575 24.275 77.550 3.000 8.805 6.415 4.310 13.328 11.813 9.197 1.585 1.058 0.678 1.212 1.195 1.143 0.000
334.320139 334.320833 952.325 951.600 301.025 302.575 24.175 76.300 3.000 8.553 6.155 4.072 12.715 10.633 9.207 1.440 1.013 0.688 0.983 1.078 0.835 0.000
334.320833 334.321528 952.150 951.425 301.050 302.600 23.900 75.450 3.000 8.285 6.367 4.163 12.387 10.455 8.473 1.168 1.095 0.677 1.015 1.018 1.305 0.000
334.321528 334.322222 952.125 951.375 301.050 302.650 23.925 76.300 3.000 8.152 6.162 4.065 12.740 11.495 9.005 0.932 0.855 0.708 1.172 1.183 0.985 0.000
334.322222 334.322917 952.325 951.625 301.050 302.650 23.775 76.350 3.000 8.630 5.890 4.235 12.643 10.618 8.692 1.193 1.013 0.677 1.160 1.113 1.025 0.000
334.322917 334.323611 952.300 951.625 301.050 302.650 23.925 76.075 3.000 8.252 6.520 4.122 12.502 10.485 8.672 1.380 1.052 0.785 1.400 1.213 0.780 0.000
334.323611 334.324306 952.225 951.500 301.050 302.625 23.875 75.500 3.000 8.265 6.220 4.117 11.758 10.283 8.473 1.435 0.950 0.720 1.365 1.135 0.550 0.000
334.324306 334.325000 952.200 951.500 301.050 302.550 23.800 73.400 3.000 8.295 5.978 3.985 11.303 10.218 8.248 1.315 1.023 0.768 0.867 1.015 0.948 0.000
334.325000 334.325694 952.175 951.475 301.050 302.550 23.800 70.750 3.000 7.630 5.992 3.990 10.188 9.025 7.248 1.172 1.068 0.952 1.420 0.780 0.813 0.000
334.325694 334.326389 952.350 951.650 301.050 302.550 23.725 67.475 3.000 7.728 5.935 4.032 8.820 8.830 7.037 0.975 0.958 0.660 1.205 1.158 0.995 0.000
334.326389 334.327083 952.175 951.450 301.050 302.550 23.600 65.150 3.000 8.288 5.810 3.915 9.520 8.220 6.500 1.192 0.985 0.665 1.333 0.907 0.870 0.000
334.327083 334.327778 952.125 951.350 301.050 302.450 23.275 58.300 3.000 7.398 5.383 3.857 8.485 6.845 5.975 1.418 0.930 0.855 1.132 0.728 0.928 0.000
334.327778 334.328472 952.300 951.550 301.025 302.325 23.275 48.375 3.000 8.190 5.580 3.872 8.283 6.543 4.780 1.090 0.958 0.735 1.168 0.835 0.330 0.000
334.328472 334.329167 952.100 951.375 301.050 302.250 23.675 34.800 3.000 8.115 5.553 3.888 8.037 6.343 4.870 1.260 0.985 0.647 1.520 1.043 0.808 0.000
334.329167 334.329861 952.075 951.375 301.025 302.250 23.775 29.700 3.000 8.100 5.522 3.972 8.585 6.297 4.670 1.185 1.115 0.598 1.307 0.888 0.795 0.000
334.329861 334.330556 952.250 951.525 301.025 302.250 24.125 26.650 3.000 8.633 5.968 3.853 8.617 5.887 4.838 1.215 0.927 0.900 1.340 0.900 0.613 0.000
334.330556 334.331250 952.150 951.425 301.050 302.250 24.075 25.050 3.000 7.668 5.725 4.010 8.732 6.267 4.725 0.885 0.923 0.553 1.510 0.907 0.618 0.000
334.354167 334.354861 952.533 951.767 300.850 302.350 23.000 87.633 3.000 6.500 5.300 3.170 14.647 13.087 10.257 1.583 0.770 0.637 0.840 1.057 0.907 0.000
334.354861 334.355556 952.550 951.750 300.850 302.350 23.225 88.100 3.000 7.360 5.240 4.072 16.047 13.268 11.010 1.238 0.828 0.532 1.730 1.273 1.040 0.000
