HLM/GB0060R.20060101000000.20181219000000.nephelometer.aerosol_light_scattering_coefficient.pm10.1mo.1mn.TSI_3563_HLM_ref_TSI_3563_HLM_wet..lev1.nas
100 1001 
Andrews, Elisabeth; Jefferson, Anne; Burgos, Maria A.  
US06L, National Oceanic and Atmospheric Administration , NOAA/ESRL/GMD,  "Earth System Research Laboratory, Global Monitoring Division", 325 Broadway, , CO 80305-3, Boulder, U.S.A. 
Burgos, Maria A. 
NOAA-ESRL 
1 1 
2006 01 01 2018 12 19 
0.000000 
Days from the file reference point (start_time) 
33 
1 1 1 1 1 1 1 1 1 1 1 1 1 1 1 1 1 1 1 1 1 1 1 1 1 1 1 1 1 1 1 1 1  
9999.999999 9999.999 9999.999 9999.999 9999.999 9999.999 9999.999 9.999 9999.999 9999.999 9999.999 9999.999 9999.999 9999.999 9999.999 9999.999 9999.999 9999.999 9999.999 9999.999 999.999 999.999 999.999 999.999 999.999 999.999 999.999 999.999 999.999 999.999 999.999 999.999 9.999 
end_time of measurement, days from the file reference point 
pressure, hPa, Location=reference nephelometer internal 
pressure, hPa, Location=humidified nephleometer internal 
temperature, K, Location=reference nephelometer internal 
temperature, K, Location=humidified nephleometer internal 
relative_humidity, %, Location=reference nephelometer internal 
relative_humidity, %, Location=humidified nephleometer internal 
number of wavelengths 
aerosol_light_scattering_coefficient, 1/Mm, Wavelength=450nm, Location=reference nephelometer 
aerosol_light_scattering_coefficient, 1/Mm, Wavelength=450nm, Location=humidified nephleometer, Matrix=pm10_humidified 
aerosol_light_scattering_coefficient, 1/Mm, Wavelength=550nm, Location=reference nephelometer 
aerosol_light_scattering_coefficient, 1/Mm, Wavelength=550nm, Location=humidified nephleometer, Matrix=pm10_humidified 
aerosol_light_scattering_coefficient, 1/Mm, Wavelength=700nm, Location=reference nephelometer 
aerosol_light_scattering_coefficient, 1/Mm, Wavelength=700nm, Location=humidified nephleometer, Matrix=pm10_humidified 
aerosol_light_backscattering_coefficient, 1/Mm, Wavelength=450nm, Location=reference nephelometer 
aerosol_light_backscattering_coefficient, 1/Mm, Wavelength=450nm, Location=humidified nephleometer, Matrix=pm10_humidified 
aerosol_light_backscattering_coefficient, 1/Mm, Wavelength=550nm, Location=reference nephelometer 
aerosol_light_backscattering_coefficient, 1/Mm, Wavelength=550nm, Location=humidified nephleometer, Matrix=pm10_humidified 
aerosol_light_backscattering_coefficient, 1/Mm, Wavelength=700nm, Location=reference nephelometer 
aerosol_light_backscattering_coefficient, 1/Mm, Wavelength=700nm, Location=humidified nephleometer, Matrix=pm10_humidified 
aerosol_light_scattering_enhancement_factor, no unit, Wavelength=450nm, Matrix=pm10_humidified, RH base max=40% 
aerosol_light_scattering_enhancement_factor, no unit, Wavelength=550nm, Matrix=pm10_humidified, RH base max=40% 
aerosol_light_scattering_enhancement_factor, no unit, Wavelength=700nm, Matrix=pm10_humidified, RH base max=40% 
aerosol_light_backscattering_enhancement_factor, no unit, Wavelength=450nm, Matrix=pm10_humidified, RH base max=40% 
aerosol_light_backscattering_enhancement_factor, no unit, Wavelength=550nm, Matrix=pm10_humidified, RH base max=40% 
aerosol_light_backscattering_enhancement_factor, no unit, Wavelength=700nm, Matrix=pm10_humidified, RH base max=40% 
aerosol_light_scattering_enhancement_factor, no unit, Wavelength=450nm, Matrix=pm10_humidified, RH base=40% 
[...]
Submitter:                    Burgos, Maria A., paul.zieger@aces.su.se, Department of Environmental Science and Analytical Chemistry, ACES,,Frescativägen 54,, SE10691, Stockholm, Sweden 
Data level:                   1 
Version:                      1 
Version description:          "corrected values: data screening + truncation, STP, and losses corrections" 
Height AGL:                   10m 
Inlet type:                   Hat or hood 
Humidity/temperature control: Humidification 
Humidity/temperature control description: humidogram 
Volume std. temperature:       273.15 K 
Volume std. pressure:         1013.25 hPa 
Detection limit:              0.5 1/Mm 
Detection limit expl.:        Determined by instrument counting statistics, no detection limit flag used 
Measurement uncertainty expl.: Uncertainty analysis described in Burgos et al., 2019 
Zero/negative values code:    zero/negative possible 
Zero/negative values:         zero and neg. values may appear due to statistical variations at very low concentrations  
Standard method:              cal-gas=CO2+AIR_truncation-correction=Anderson1998 
Acknowledgement:              Request acknowledgement details from data originator 
start_time end_time p_ref_int p_wet_int T_ref_int T_wet_int RH_ref_int RH_wet_int nWav sc450_ref sc550_ref sc700_ref sc450_wet sc550_wet sc700_wet bsc450_ref bsc550_ref bsc700_ref bsc450_wet bsc550_wet bsc700_wet frh450_total frh550_total frh700_total frh450_back frh550_back frh700_back frh450_total_dry40 frh550_total_dry40 frh700_total_dry40 frh450_back_dry40 frh550_back_dry40 frh700_back_dry40 numflag 
[from data line 5166]
318.938889 318.939583 937.400 937.225 303.875 305.400 23.800 71.700 3.000 19.378 12.796 7.514 22.817 15.460 9.796 2.356 1.822 1.443 1.543 1.873 1.617 1.177 1.208 1.304 0.655 1.028 1.121 1.319 1.364 1.452 0.670 1.116 0.718 0.000
318.939583 318.940278 937.400 937.250 303.875 305.350 23.800 61.625 3.000 19.610 12.853 7.501 16.782 11.922 7.441 2.333 1.826 1.439 1.321 1.504 1.365 0.856 0.928 0.992 0.566 0.823 0.948 0.970 1.052 1.103 0.574 0.896 0.606 0.000
318.940278 318.940972 937.450 937.275 303.825 305.350 23.800 57.425 3.000 19.265 12.644 7.477 18.477 13.363 8.572 2.324 1.804 1.453 1.743 1.384 1.180 0.959 1.057 1.146 0.750 0.767 0.812 1.068 1.179 1.271 0.757 0.825 0.524 0.000
318.940972 318.941667 937.350 937.175 303.800 305.375 23.800 57.800 3.000 19.749 12.910 7.706 21.479 14.687 9.030 2.441 1.827 1.540 2.225 1.769 1.830 1.088 1.138 1.172 0.912 0.969 1.188 1.242 1.296 1.339 0.967 1.054 0.812 0.000
318.941667 318.942361 937.450 937.250 303.750 305.475 23.900 67.050 3.000 20.574 13.424 8.029 22.745 14.591 9.867 2.557 1.926 1.561 2.116 1.698 1.555 1.106 1.087 1.229 0.828 0.882 0.996 1.315 1.287 1.463 0.919 1.012 0.690 0.000
318.942361 318.943056 937.500 937.300 303.750 305.600 23.975 76.850 3.000 20.888 13.678 8.136 30.469 20.232 12.629 2.645 1.942 1.591 2.103 1.955 2.265 1.459 1.479 1.552 0.795 1.007 1.423 1.761 1.785 1.872 0.914 1.165 1.005 0.000
318.943056 318.943750 937.425 937.225 303.725 305.600 24.000 82.000 3.000 20.741 13.542 8.149 31.186 21.044 13.316 2.723 1.885 1.581 2.361 1.913 1.910 1.504 1.554 1.634 0.867 1.015 1.208 1.803 1.857 1.974 1.026 1.140 0.848 0.000
318.943750 318.944444 937.375 937.200 303.700 305.550 24.000 82.025 3.000 20.861 13.587 8.306 29.655 20.276 12.515 2.790 1.879 1.548 2.294 2.026 1.508 1.422 1.492 1.507 0.822 1.078 0.974 1.714 1.789 1.855 0.997 1.207 0.669 0.000
318.944444 318.945139 937.425 937.250 303.675 305.450 24.125 79.800 3.000 20.197 13.210 8.116 30.069 20.050 11.700 2.603 1.804 1.477 1.439 2.015 1.561 1.489 1.518 1.442 0.553 1.117 1.057 1.738 1.769 1.735 0.625 1.201 0.693 0.000
318.945139 318.945833 937.400 937.225 303.650 305.300 24.200 76.700 3.000 19.240 12.676 7.741 26.316 17.997 11.897 2.412 1.743 1.454 1.970 1.975 1.764 1.368 1.420 1.537 0.817 1.133 1.213 1.521 1.588 1.764 0.856 1.177 0.783 0.000
318.945833 318.946528 937.450 937.250 303.625 305.225 24.200 72.725 3.000 18.621 12.267 7.574 22.204 15.023 9.030 2.268 1.716 1.442 1.532 1.923 1.155 1.192 1.225 1.192 0.675 1.121 0.801 1.284 1.326 1.339 0.666 1.146 0.512 0.000
318.946528 318.947222 937.400 937.200 303.575 305.100 24.175 62.400 3.000 18.202 12.078 7.435 16.952 11.699 7.617 2.251 1.717 1.407 1.387 1.147 1.509 0.931 0.969 1.024 0.616 0.668 1.072 0.980 1.032 1.129 0.603 0.683 0.670 0.000
318.947222 318.947917 937.400 937.175 303.550 305.050 24.150 53.125 3.000 17.951 12.036 7.344 16.752 11.608 6.755 2.199 1.733 1.374 1.625 1.363 1.035 0.933 0.964 0.920 0.739 0.787 0.753 0.968 1.024 1.002 0.706 0.812 0.459 0.000
318.947917 318.948611 937.425 937.175 303.550 305.050 24.075 52.650 3.000 18.274 12.191 7.350 19.791 12.739 7.559 2.234 1.794 1.396 1.127 1.958 1.295 1.083 1.045 1.028 0.504 1.091 0.928 1.144 1.124 1.121 0.490 1.166 0.575 0.000
318.948611 318.949306 937.500 937.225 303.525 305.125 24.100 55.550 3.000 18.731 12.369 7.400 19.430 13.252 7.561 2.250 1.815 1.427 1.779 1.218 1.587 1.037 1.071 1.022 0.791 0.671 1.113 1.123 1.169 1.121 0.773 0.726 0.704 0.000
318.949306 318.950000 937.500 937.225 303.450 305.150 24.200 64.350 3.000 18.801 12.403 7.289 22.782 14.646 9.179 2.328 1.830 1.409 1.401 1.800 1.547 1.212 1.181 1.259 0.602 0.984 1.098 1.317 1.292 1.361 0.609 1.072 0.686 0.000
318.950000 318.950694 937.450 937.200 303.450 305.150 24.200 64.975 3.000 18.551 12.168 7.184 20.652 13.929 8.255 2.200 1.809 1.399 1.775 1.797 1.493 1.113 1.145 1.149 0.807 0.993 1.067 1.194 1.229 1.224 0.771 1.071 0.663 0.000
318.950694 318.951389 937.450 937.175 303.450 305.050 24.200 60.375 3.000 18.319 11.976 7.043 18.840 12.881 7.993 2.202 1.784 1.415 1.892 1.376 1.575 1.028 1.076 1.135 0.859 0.771 1.112 1.089 1.137 1.185 0.822 0.820 0.699 0.000
318.951389 318.952083 937.500 937.225 303.400 304.975 24.225 56.475 3.000 17.964 11.809 7.034 17.987 12.696 7.558 2.267 1.699 1.361 1.982 1.350 1.430 1.001 1.075 1.074 0.874 0.795 1.051 1.040 1.120 1.121 0.861 0.804 0.635 0.000
318.952083 318.952778 937.475 937.175 303.350 304.875 24.300 53.400 3.000 17.598 11.621 7.112 17.410 11.649 6.980 2.225 1.670 1.373 2.178 1.769 1.204 0.989 1.002 0.982 0.979 1.059 0.877 1.006 1.028 1.035 0.947 1.054 0.534 0.000
318.952778 318.953472 937.500 937.200 303.350 304.775 24.300 50.425 3.000 17.364 11.397 7.065 17.313 11.543 6.665 2.121 1.640 1.287 1.971 1.423 1.360 0.997 1.013 0.943 0.929 0.868 1.057 1.001 1.018 0.988 0.856 0.848 0.604 0.000
318.953472 318.954167 937.400 937.150 303.250 304.675 24.350 47.900 3.000 17.277 11.341 7.104 16.385 10.833 7.091 2.178 1.684 1.225 1.806 1.462 1.413 0.948 0.955 0.998 0.829 0.868 1.154 0.947 0.956 1.051 0.785 0.871 0.627 0.000
318.954167 318.954861 937.325 937.125 303.250 304.600 24.500 44.800 3.000 17.472 11.290 7.075 16.294 11.004 6.752 2.167 1.664 1.220 2.317 1.494 1.475 0.933 0.975 0.954 1.069 0.898 1.209 0.942 0.971 1.001 1.007 0.890 0.655 0.000
318.954861 318.955556 937.450 937.175 303.250 304.550 24.450 42.250 3.000 16.514 11.509 8.229 16.883 11.532 6.435 1.983 1.683 1.298 2.146 1.387 1.553 1.022 1.002 0.782 1.082 0.824 1.196 0.976 1.017 0.954 0.933 0.826 0.689 0.000
318.955556 318.956250 937.350 937.075 303.200 304.425 24.500 40.600 3.000 16.867 11.738 8.247 16.997 11.106 6.582 2.050 1.685 1.214 2.406 1.651 2.332 1.008 0.946 0.798 1.173 0.980 1.921 0.983 0.980 0.976 1.045 0.984 1.035 0.000
318.959722 318.960417 937.300 937.000 302.850 303.850 25.200 36.200 3.000 17.066 11.976 8.347 11.895 11.580 11.281 2.073 1.677 1.259 1.812 1.751 1.700 0.697 0.967 1.351 0.874 1.044 1.351 0.688 1.022 1.672 0.787 1.043 0.754 0.000
318.960417 318.961111 937.375 937.000 302.900 303.950 25.150 35.350 3.000 17.160 12.098 8.207 16.809 11.668 7.161 2.074 1.629 1.293 2.049 1.777 1.285 0.980 0.964 0.873 0.988 1.091 0.994 0.972 1.030 1.062 0.890 1.059 0.570 0.000
318.961111 318.961806 937.325 936.950 302.950 303.950 25.025 34.350 3.000 16.998 12.084 8.188 16.404 10.580 6.744 2.049 1.680 1.264 1.822 1.291 1.235 0.965 0.876 0.824 0.889 0.769 0.977 0.948 0.934 1.000 0.792 0.769 0.548 0.000
318.961806 318.962500 937.375 937.075 302.900 303.925 25.000 33.650 3.000 18.203 12.000 7.047 17.665 10.824 6.837 2.166 1.761 1.258 2.615 1.561 1.434 0.970 0.902 0.970 1.207 0.887 1.140 1.021 0.955 1.014 1.136 0.930 0.637 0.000
318.962500 318.963194 937.400 937.050 302.850 303.850 25.050 33.450 3.000 18.478 12.179 7.240 17.454 10.434 6.350 2.185 1.805 1.288 2.141 1.468 1.287 0.945 0.857 0.877 0.980 0.813 1.000 1.009 0.921 0.941 0.931 0.874 0.571 0.000
318.963194 318.963889 937.400 937.100 302.850 303.850 25.100 35.275 3.000 18.991 12.417 7.423 17.819 12.295 6.901 2.266 1.833 1.326 1.991 1.767 1.537 0.938 0.990 0.930 0.879 0.964 1.159 1.030 1.085 1.023 0.865 1.053 0.682 0.000
318.963889 318.964583 937.400 937.100 302.775 303.800 25.175 37.450 3.000 19.260 12.495 7.613 18.577 12.301 7.438 2.325 1.873 1.390 1.858 1.795 1.918 0.965 0.985 0.977 0.799 0.959 1.380 1.074 1.085 1.103 0.807 1.070 0.851 0.000
318.964583 318.965278 937.400 937.025 302.675 303.850 25.275 43.375 3.000 18.833 12.342 7.444 19.581 13.256 7.475 2.249 1.795 1.342 2.491 1.667 1.694 1.040 1.074 1.004 1.108 0.929 1.262 1.132 1.170 1.108 1.083 0.993 0.752 0.000
318.965278 318.965972 937.350 936.925 302.750 303.850 25.375 45.475 3.000 18.413 12.093 7.314 20.122 12.966 7.535 2.266 1.742 1.312 2.398 1.654 1.375 1.093 1.072 1.030 1.058 0.950 1.048 1.163 1.144 1.117 1.042 0.986 0.610 0.000
318.965972 318.966667 937.425 937.025 302.675 303.800 25.400 47.625 3.000 18.047 11.824 7.117 17.511 11.600 7.071 2.208 1.717 1.314 2.144 1.451 1.700 0.970 0.981 0.994 0.971 0.845 1.294 1.012 1.023 1.048 0.932 0.865 0.754 0.000
318.966667 318.967361 937.450 937.075 302.650 303.750 25.400 49.500 3.000 17.649 11.601 6.966 17.983 12.472 7.744 2.083 1.731 1.308 1.944 1.319 1.259 1.019 1.075 1.112 0.934 0.762 0.962 1.040 1.100 1.148 0.845 0.786 0.559 0.000
318.967361 318.968056 937.425 937.050 302.625 303.750 25.400 51.850 3.000 17.272 11.401 6.786 19.551 12.524 7.539 1.987 1.664 1.236 1.758 1.712 1.662 1.132 1.099 1.111 0.885 1.029 1.345 1.130 1.105 1.118 0.764 1.020 0.737 0.000
318.968056 318.968750 937.425 936.975 302.600 303.800 25.450 53.650 3.000 17.333 11.386 6.750 20.145 13.042 7.420 2.018 1.632 1.236 2.691 1.818 1.678 1.162 1.146 1.099 1.333 1.114 1.357 1.165 1.151 1.100 1.169 1.083 0.745 0.000
318.968750 318.969444 937.450 937.000 302.550 303.750 25.475 56.050 3.000 17.247 11.276 6.705 20.188 12.799 7.923 2.029 1.611 1.206 1.445 1.934 1.487 1.171 1.135 1.182 0.712 1.200 1.233 1.167 1.129 1.175 0.628 1.152 0.660 0.000
318.969444 318.970139 937.425 936.950 302.550 303.750 25.475 58.575 3.000 16.955 11.109 6.685 18.233 12.453 7.419 2.014 1.553 1.200 1.685 1.802 1.056 1.075 1.121 1.110 0.837 1.160 0.880 1.054 1.099 1.100 0.732 1.074 0.469 0.000
318.970139 318.970833 937.475 937.025 302.550 303.750 25.425 61.000 3.000 16.707 10.870 6.636 18.858 12.626 8.274 2.097 1.491 1.210 1.591 1.956 1.537 1.129 1.162 1.247 0.759 1.312 1.271 1.090 1.114 1.227 0.692 1.166 0.682 0.000
318.970833 318.971528 937.400 936.975 302.500 303.750 25.400 63.175 3.000 16.454 10.718 6.642 19.782 13.522 8.655 2.119 1.504 1.236 1.795 1.705 1.390 1.202 1.262 1.303 0.847 1.134 1.125 1.144 1.193 1.283 0.780 1.016 0.617 0.000
318.971528 318.972222 937.400 936.950 302.450 303.750 25.400 65.900 3.000 16.377 10.849 6.874 19.872 13.947 9.005 2.126 1.531 1.274 2.111 1.458 1.225 1.213 1.286 1.310 0.993 0.952 0.961 1.149 1.231 1.335 0.917 0.868 0.543 0.000
318.972222 318.972917 937.375 936.925 302.450 303.750 25.475 68.475 3.000 16.488 10.896 7.002 20.481 13.928 9.151 2.078 1.532 1.288 1.349 1.519 1.874 1.242 1.278 1.307 0.649 0.991 1.455 1.184 1.229 1.357 0.586 0.905 0.832 0.000
318.972917 318.973611 937.375 936.900 302.450 303.750 25.475 70.950 3.000 16.631 10.998 6.976 21.364 14.843 9.167 2.057 1.537 1.294 1.532 1.499 1.765 1.285 1.350 1.314 0.745 0.976 1.364 1.235 1.310 1.359 0.666 0.893 0.783 0.000
318.973611 318.974306 937.400 936.975 302.375 303.750 25.525 73.475 3.000 16.822 11.131 6.959 22.944 15.951 10.139 2.107 1.559 1.225 1.558 2.101 1.621 1.364 1.433 1.457 0.739 1.348 1.323 1.326 1.407 1.503 0.677 1.252 0.720 0.000
318.974306 318.975000 937.325 936.900 302.350 303.775 25.525 76.300 3.000 17.139 11.431 7.127 24.766 16.488 10.919 2.111 1.610 1.282 2.474 1.677 1.272 1.445 1.442 1.532 1.172 1.041 0.992 1.432 1.455 1.619 1.075 0.999 0.564 0.000
318.975000 318.975694 937.400 936.925 302.350 303.850 25.550 78.925 3.000 17.118 11.257 6.988 26.709 18.321 11.304 2.054 1.582 1.318 2.175 1.442 1.606 1.560 1.628 1.618 1.059 0.912 1.219 1.544 1.616 1.676 0.945 0.859 0.713 0.000
318.975694 318.976389 937.275 936.850 302.350 303.850 25.575 81.200 3.000 17.104 11.273 7.010 28.177 19.121 12.754 1.999 1.569 1.313 2.335 1.857 1.388 1.647 1.696 1.819 1.168 1.184 1.057 1.629 1.687 1.891 1.015 1.107 0.616 0.000
318.976389 318.977083 937.275 936.775 302.350 303.850 25.600 82.725 3.000 16.940 11.203 6.967 26.019 17.622 11.469 1.986 1.559 1.359 2.062 1.851 1.444 1.536 1.573 1.646 1.038 1.187 1.063 1.504 1.555 1.700 0.896 1.103 0.641 0.000
318.977083 318.977778 937.325 936.825 302.350 303.825 25.600 83.675 3.000 16.525 11.042 6.994 27.282 18.919 12.081 1.843 1.553 1.441 2.072 1.513 1.534 1.651 1.713 1.727 1.124 0.974 1.065 1.577 1.669 1.791 0.900 0.901 0.681 0.000
318.977778 318.978472 937.400 936.875 302.250 303.850 25.600 84.475 3.000 16.205 10.804 6.797 27.478 18.494 11.854 1.787 1.487 1.374 1.552 1.838 1.263 1.696 1.712 1.744 0.869 1.236 0.919 1.589 1.632 1.757 0.675 1.095 0.560 0.000
318.978472 318.979167 937.375 936.800 302.250 303.850 25.600 85.150 3.000 16.211 10.812 6.875 25.652 18.453 12.252 1.827 1.498 1.372 2.249 1.449 1.175 1.582 1.707 1.782 1.231 0.967 0.857 1.483 1.628 1.816 0.977 0.863 0.522 0.000
318.979167 318.979861 937.250 936.725 302.250 303.850 25.600 85.500 3.000 16.322 10.811 6.738 27.249 19.342 12.712 1.836 1.502 1.318 2.115 1.384 1.669 1.670 1.789 1.887 1.152 0.922 1.266 1.575 1.707 1.885 0.919 0.825 0.741 0.000
318.979861 318.980556 937.250 936.725 302.250 303.800 25.600 85.975 3.000 16.448 10.882 6.823 26.489 18.766 11.991 1.838 1.532 1.307 1.695 1.613 1.291 1.610 1.725 1.758 0.923 1.053 0.988 1.531 1.656 1.778 0.737 0.961 0.573 0.000
318.980556 318.981250 937.200 936.700 302.200 303.800 25.625 86.625 3.000 15.989 10.581 6.466 28.810 20.714 12.798 1.762 1.462 1.261 2.438 1.539 2.000 1.802 1.958 1.979 1.384 1.053 1.587 1.941 2.376 2.587 1.464 1.000 2.248 0.000
318.981250 318.981944 937.250 936.750 302.150 303.825 25.700 87.100 3.000 15.941 10.579 6.531 29.461 20.276 13.762 1.702 1.445 1.210 1.522 1.503 1.325 1.848 1.917 2.107 0.894 1.041 1.095 1.985 2.326 2.782 0.914 0.977 1.489 0.000
318.981944 318.982639 937.250 936.775 302.150 303.800 25.700 87.325 3.000 16.283 10.761 6.586 24.905 17.865 11.274 1.794 1.459 1.131 1.619 1.294 1.200 1.530 1.660 1.712 0.902 0.887 1.061 1.678 2.050 2.279 0.972 0.841 1.349 0.000
318.982639 318.983333 937.350 936.825 302.150 303.800 25.700 87.500 3.000 16.391 10.968 6.709 27.077 19.605 12.467 1.846 1.481 1.209 1.868 1.616 1.600 1.652 1.787 1.858 1.012 1.091 1.323 1.824 2.249 2.520 1.122 1.051 1.798 0.000
318.983333 318.984028 937.350 936.825 302.150 303.750 25.700 87.475 3.000 16.838 11.328 6.901 30.403 20.680 12.966 1.954 1.489 1.237 1.891 1.654 1.381 1.806 1.825 1.879 0.968 1.111 1.116 2.048 2.372 2.621 1.136 1.076 1.552 0.000
318.984028 318.984722 937.350 936.850 302.150 303.750 25.775 86.550 3.000 18.597 12.357 7.528 30.293 21.313 13.112 2.177 1.618 1.330 3.410 1.628 2.037 1.629 1.725 1.742 1.566 1.007 1.532 2.041 2.445 2.650 2.047 1.059 2.289 0.000
318.984722 318.985417 937.425 936.925 302.150 303.675 25.850 85.200 3.000 20.031 13.252 7.842 31.652 21.916 13.104 2.407 1.707 1.469 2.267 1.605 1.558 1.580 1.654 1.671 0.942 0.941 1.061 2.132 2.514 2.649 1.361 1.044 1.751 0.000
318.985417 318.986111 937.425 936.850 302.150 303.650 26.025 83.225 3.000 21.218 13.960 8.016 34.898 22.827 13.950 2.360 1.812 1.604 2.590 2.239 1.552 1.645 1.635 1.740 1.098 1.236 0.968 2.351 2.619 2.820 1.555 1.456 1.744 0.000
318.986111 318.986806 937.500 936.900 302.050 303.600 26.100 80.775 3.000 22.225 14.509 8.272 35.330 23.202 13.586 2.479 1.860 1.696 2.293 2.103 1.742 1.590 1.599 1.642 0.925 1.131 1.027 2.380 2.662 2.746 1.377 1.368 1.958 0.000
318.986806 318.987500 937.525 936.925 302.050 303.550 26.275 78.325 3.000 22.470 14.498 8.177 33.405 21.280 12.886 2.419 1.902 1.723 2.792 1.830 1.970 1.487 1.468 1.576 1.154 0.962 1.143 2.250 2.441 2.605 1.676 1.190 2.214 0.000
318.987500 318.988194 937.550 936.975 302.050 303.550 26.350 75.950 3.000 21.750 14.015 7.804 29.844 19.997 11.510 2.374 1.863 1.668 2.339 1.926 1.533 1.372 1.427 1.475 0.985 1.034 0.919 2.010 2.294 2.327 1.404 1.252 1.723 0.000
318.988194 318.988889 937.475 936.875 302.050 303.450 26.400 73.150 3.000 21.494 13.538 7.538 27.598 18.419 10.798 2.286 1.840 1.638 1.969 2.038 1.292 1.284 1.361 1.432 0.861 1.107 0.789 1.859 2.113 2.183 1.182 1.325 1.452 0.000
318.988889 318.989583 937.450 936.900 302.050 303.400 26.425 70.075 3.000 21.165 13.218 7.449 23.451 14.782 8.813 2.370 1.814 1.592 1.374 1.652 1.198 1.108 1.118 1.183 0.580 0.911 0.752 1.580 1.696 1.781 0.825 1.074 1.347 0.000
318.989583 318.990278 937.500 936.875 302.050 303.350 26.575 66.675 3.000 20.720 12.838 7.212 23.862 15.697 8.755 2.364 1.791 1.557 2.298 1.539 1.348 1.152 1.223 1.214 0.972 0.860 0.866 1.607 1.801 1.770 1.380 1.001 1.515 0.000
