HLM/GB0060R.20060101000000.20181219000000.nephelometer.aerosol_light_scattering_coefficient.pm1.1mo.1mn.TSI_3563_HLM_ref_TSI_3563_HLM_wet..lev0.nas
89 1001 
Andrews, Elisabeth; Jefferson, Anne; Burgos, Maria A.  
US06L, National Oceanic and Atmospheric Administration , NOAA/ESRL/GMD,  "Earth System Research Laboratory, Global Monitoring Division", 325 Broadway, , CO 80305-3, Boulder, U.S.A. 
Burgos, Maria A. 
NOAA-ESRL 
1 1 
2006 01 01 2018 12 19 
0.000000 
Days from the file reference point (start_time) 
21 
1 1 1 1 1 1 1 1 1 1 1 1 1 1 1 1 1 1 1 1 1  
9999.999999 9999.999 9999.999 9999.999 9999.999 9999.999 9999.999 9.999 9999.999 9999.999 9999.999 9999.999 9999.999 9999.999 9999.999 9999.999 9999.999 9999.999 9999.999 9999.999 9.999 
end_time of measurement, days from the file reference point 
pressure, hPa, Location=reference nephelometer internal 
pressure, hPa, Location=humidified nephleometer internal 
temperature, K, Location=reference nephelometer internal 
temperature, K, Location=humidified nephleometer internal 
relative_humidity, %, Location=reference nephelometer internal 
relative_humidity, %, Location=humidified nephleometer internal 
number of wavelengths 
aerosol_light_scattering_coefficient, 1/Mm, Wavelength=450nm, Location=reference nephelometer 
aerosol_light_scattering_coefficient, 1/Mm, Wavelength=450nm, Location=humidified nephleometer, Matrix=pm1_humidified 
aerosol_light_scattering_coefficient, 1/Mm, Wavelength=550nm, Location=reference nephelometer 
aerosol_light_scattering_coefficient, 1/Mm, Wavelength=550nm, Location=humidified nephleometer, Matrix=pm1_humidified 
aerosol_light_scattering_coefficient, 1/Mm, Wavelength=700nm, Location=reference nephelometer 
aerosol_light_scattering_coefficient, 1/Mm, Wavelength=700nm, Location=humidified nephleometer, Matrix=pm1_humidified 
aerosol_light_backscattering_coefficient, 1/Mm, Wavelength=450nm, Location=reference nephelometer 
aerosol_light_backscattering_coefficient, 1/Mm, Wavelength=450nm, Location=humidified nephleometer, Matrix=pm1_humidified 
aerosol_light_backscattering_coefficient, 1/Mm, Wavelength=550nm, Location=reference nephelometer 
aerosol_light_backscattering_coefficient, 1/Mm, Wavelength=550nm, Location=humidified nephleometer, Matrix=pm1_humidified 
aerosol_light_backscattering_coefficient, 1/Mm, Wavelength=700nm, Location=reference nephelometer 
aerosol_light_backscattering_coefficient, 1/Mm, Wavelength=700nm, Location=humidified nephleometer, Matrix=pm1_humidified 
numflag, no unit 
0 
54
Data definition:              EBAS_1.1 
Set type code:                TI 
Station code:                 GB0060R 
Platform code:                GB0060S 
Timezone:                     UTC 
Startdate:                    20061105120200 
Revision date:                20181219000000 
Component:                    aerosol_light_scattering_coefficient 
Unit:                         1/Mm 
Matrix:                       pm1 
Period code:                  1mo 
Resolution code:              1mn 
Sample duration:             1mn 
Laboratory code:              US06L 
Instrument type:              nephelometer 
Instrument manufacturer:      TSI 
Instrument model:             3563 
Instrument name:              TSI_3563_HLM_ref+TSI_3563_HLM_wet 
Method ref:                   US06L_hygro_tandem_neph_CorrData 
Orig. time res.:              1mn 
[...]
Submitter:                    Burgos, Maria A., paul.zieger@aces.su.se, Department of Environmental Science and Analytical Chemistry, ACES,,Frescativägen 54,, SE10691, Stockholm, Sweden 
Data level:                   0 
Version:                      1 
Version description:          raw values, RH sensor correction 
Height AGL:                   10m 
Inlet type:                   Hat or hood 
Inlet description:            Heated, stainless steel, see full description in Delene and Ogren, J. Atmos. Sci, 2002. 
Humidity/temperature control: Humidification 
Humidity/temperature control description: humidogram 
Volume std. temperature:      instrument internal 
Volume std. pressure:         instrument internal 
Detection limit:              0.5 1/Mm 
Detection limit expl.:        Determined by instrument counting statistics, no detection limit flag used 
Measurement uncertainty expl.: Uncertainty analysis described in Burgos et al., 2019 
Zero/negative values code:    zero/negative possible 
Zero/negative values:         zero and neg. values may appear due to statistical variations at very low concentrations  
Standard method:              cal-gas=CO2+AIR_truncation-correction=none 
Acknowledgement:              Request acknowledgement details from data originator 
start_time end_time p_ref_int p_wet_int T_ref_int T_wet_int RH_ref_int RH_wet_int nWav sc450_ref sc550_ref sc700_ref sc450_wet sc550_wet sc700_wet bsc450_ref bsc550_ref bsc700_ref bsc450_wet bsc550_wet bsc700_wet numflag 
[from data line 3815]
321.484722 321.485417 922.400 921.025 297.650 299.000 30.100 76.725 3.000 6.082 4.423 2.883 9.938 7.485 5.567 1.198 0.825 0.645 0.417 0.940 0.465 0.000
321.485417 321.486111 922.325 920.925 297.700 299.100 30.125 78.375 3.000 6.185 4.293 2.830 10.805 7.965 5.825 1.053 0.808 0.460 0.502 1.090 0.693 0.000
321.486111 321.486806 922.400 921.100 297.850 299.200 30.125 82.325 3.000 6.558 4.375 2.683 12.112 8.835 6.780 0.700 0.597 0.600 0.285 0.835 0.830 0.000
321.486806 321.487500 922.325 920.975 297.850 299.200 30.175 82.150 3.000 6.402 3.922 2.732 10.810 8.497 6.230 1.162 0.667 0.532 1.087 0.788 0.780 0.000
321.487500 321.488194 922.350 920.975 297.850 299.150 30.000 78.800 3.000 5.910 3.765 2.455 8.968 6.775 5.630 0.897 0.597 0.373 0.593 0.607 0.445 0.000
321.488194 321.488889 922.450 921.050 297.850 299.150 29.825 75.150 3.000 5.590 3.428 2.060 7.322 5.815 4.548 1.047 0.618 0.287 0.502 0.837 0.080 0.000
321.488889 321.489583 922.450 921.050 297.875 299.125 29.875 72.125 3.000 5.510 3.515 2.490 6.752 5.435 4.215 0.655 0.393 0.437 0.183 0.585 0.177 0.000
321.489583 321.490278 922.525 921.150 297.950 299.075 29.875 69.125 3.000 5.210 3.275 2.475 6.305 5.185 4.127 0.695 0.630 0.465 0.532 0.492 0.297 0.000
321.490278 321.490972 922.425 921.025 297.950 299.050 29.900 65.925 3.000 5.513 3.482 2.422 6.540 4.600 3.617 0.945 0.647 0.460 0.500 0.595 0.393 0.000
321.490972 321.491667 922.425 921.075 297.950 299.050 29.900 62.825 3.000 4.765 3.428 2.330 5.795 4.223 3.495 0.925 0.515 0.370 0.547 0.487 0.565 0.000
321.491667 321.492361 922.250 920.925 297.975 299.050 29.875 59.700 3.000 5.270 3.725 2.368 5.480 4.473 3.518 0.605 0.555 0.482 0.735 0.630 0.158 0.000
321.492361 321.493056 922.275 920.975 298.025 299.050 29.625 55.625 3.000 4.813 3.697 2.090 6.015 4.030 2.945 0.850 0.552 0.263 0.720 0.547 0.383 0.000
321.493056 321.493750 922.300 921.000 298.050 299.050 29.575 51.975 3.000 4.918 3.367 2.275 5.680 4.120 2.830 0.643 0.598 0.150 0.407 0.792 0.527 0.000
321.493750 321.494444 922.375 921.000 298.050 299.075 29.275 49.800 3.000 5.400 3.170 2.095 5.545 3.963 3.018 0.915 0.652 0.448 9999.999 0.727 0.467 0.000
321.494444 321.495139 922.325 920.975 298.050 299.050 29.525 45.450 3.000 4.588 3.160 2.248 4.925 3.768 2.512 0.565 0.588 0.410 0.455 0.903 0.078 0.000
321.495139 321.495833 922.125 920.825 298.075 299.050 29.500 37.575 3.000 4.575 3.180 2.112 5.668 4.380 2.820 0.800 0.670 0.147 0.098 0.743 0.585 0.000
321.495833 321.496528 922.175 920.875 298.125 299.150 29.225 34.025 3.000 4.920 3.333 2.103 4.603 3.790 2.513 0.775 0.670 0.370 1.023 0.792 0.318 0.000
321.496528 321.497222 922.325 921.025 298.150 299.200 29.200 32.525 3.000 5.268 3.583 2.240 5.098 3.697 2.728 0.870 0.508 0.510 0.657 0.608 0.647 0.000
321.497222 321.497917 922.200 920.925 298.150 299.250 29.300 31.750 3.000 5.223 3.435 2.170 5.117 3.998 2.708 0.640 0.488 0.438 0.698 0.487 0.438 0.000
321.520833 321.521528 922.433 921.133 298.283 299.850 28.733 91.233 3.000 3.877 3.303 2.137 10.717 8.383 6.587 0.430 0.377 0.410 0.663 0.697 0.877 0.000
321.521528 321.522222 922.650 921.350 298.350 299.850 28.475 90.700 3.000 4.850 2.917 2.313 9.820 8.415 6.688 0.480 0.468 0.208 0.855 1.020 0.535 0.000
321.522222 321.522917 922.600 921.325 298.325 299.800 28.275 89.950 3.000 4.405 3.212 2.390 9.418 7.915 6.955 0.915 0.585 0.475 0.858 0.633 0.308 0.000
321.522917 321.523611 922.625 921.300 298.250 299.750 27.875 89.100 3.000 4.578 3.065 1.995 9.393 8.255 6.550 0.970 0.425 0.365 0.397 0.828 0.752 0.000
321.523611 321.524306 922.450 921.150 298.250 299.750 28.050 88.075 3.000 4.515 3.210 2.258 9.600 7.737 6.545 0.535 0.482 0.523 0.620 0.535 0.827 0.000
321.524306 321.525000 922.700 921.450 298.250 299.750 27.750 87.275 3.000 4.287 3.270 2.273 9.345 7.578 6.402 0.635 0.408 0.163 0.410 0.808 0.683 0.000
321.525000 321.525694 922.600 921.325 298.325 299.750 27.925 85.725 3.000 4.268 3.267 2.328 7.853 7.217 6.098 0.750 0.435 0.348 0.715 0.527 0.497 0.000
321.525694 321.526389 922.500 921.250 298.350 299.750 27.625 80.425 3.000 4.340 2.922 1.865 6.173 5.948 5.138 0.632 0.477 0.448 0.440 0.630 0.208 0.000
321.526389 321.527083 922.825 921.550 298.425 299.750 27.625 75.675 3.000 4.080 3.082 2.290 5.982 4.957 4.755 0.635 0.357 0.360 0.270 0.498 0.750 0.000
321.527083 321.527778 922.875 921.625 298.450 299.800 27.775 73.625 3.000 4.518 3.185 2.277 6.333 5.282 3.940 0.940 0.683 0.348 0.862 0.415 0.203 0.000
321.527778 321.528472 922.825 921.575 298.450 299.900 27.800 74.825 3.000 4.447 3.155 2.105 6.540 5.880 5.030 0.752 0.355 0.297 0.573 0.472 0.515 0.000
321.528472 321.529167 922.975 921.725 298.550 299.975 27.775 79.475 3.000 4.930 2.995 2.275 7.465 6.510 5.192 0.547 0.608 0.373 0.483 0.570 0.323 0.000
321.529167 321.529861 922.925 921.700 298.475 299.975 27.625 80.275 3.000 4.088 3.140 2.035 6.652 5.285 4.770 0.593 0.333 0.398 0.598 0.483 0.558 0.000
321.529861 321.530556 922.975 921.750 298.450 299.950 27.600 77.425 3.000 3.702 3.007 2.168 6.130 4.982 4.780 0.820 0.405 0.347 0.465 0.955 0.355 0.000
321.530556 321.531250 922.750 921.550 298.450 299.850 27.575 73.600 3.000 3.820 2.970 2.138 5.335 4.880 3.775 0.938 0.445 0.330 0.705 0.685 0.345 0.000
321.531250 321.531944 922.925 921.675 298.475 299.850 27.250 70.175 3.000 3.668 2.930 2.137 5.103 4.135 3.385 0.770 0.490 0.365 0.555 0.520 0.350 0.000
321.531944 321.532639 922.950 921.700 298.475 299.800 27.100 66.250 3.000 3.920 2.703 1.808 4.190 3.995 3.175 0.580 0.402 0.115 0.350 0.470 0.170 0.000
321.532639 321.533333 922.950 921.700 298.350 299.675 26.950 62.125 3.000 3.625 2.732 2.010 4.487 3.865 3.290 0.772 0.515 0.345 0.657 0.412 0.142 0.000
321.533333 321.534028 923.000 921.775 298.350 299.625 27.000 59.375 3.000 3.570 2.910 1.980 4.245 3.500 2.928 0.838 0.545 0.217 0.512 0.440 0.392 0.000
321.534028 321.534722 922.850 921.625 298.350 299.575 26.975 56.775 3.000 3.357 2.520 1.710 3.947 3.592 2.550 1.018 0.465 0.480 0.458 0.512 0.250 0.000
321.534722 321.535417 922.950 921.775 298.350 299.550 26.850 53.425 3.000 3.615 2.580 1.790 2.948 3.277 2.777 0.490 0.380 0.263 0.305 0.443 0.375 0.000
321.535417 321.536111 922.950 921.750 298.350 299.550 26.925 51.200 3.000 3.718 2.410 1.553 3.360 2.785 2.938 0.915 0.357 0.285 0.210 0.583 0.488 0.000
321.536111 321.536806 923.025 921.850 298.350 299.525 26.675 48.475 3.000 3.732 2.373 1.820 4.513 3.285 2.660 0.648 0.305 0.072 0.727 0.548 0.455 0.000
321.536806 321.537500 922.975 921.775 298.350 299.450 26.800 45.450 3.000 2.958 2.413 1.873 3.895 3.095 2.620 0.425 0.367 0.230 0.655 0.440 0.390 0.000
321.537500 321.538194 922.925 921.775 298.350 299.450 26.725 43.475 3.000 3.500 2.308 1.560 3.893 2.900 2.382 0.610 0.297 0.305 0.277 0.777 0.412 0.000
321.538194 321.538889 922.925 921.750 298.350 299.450 26.775 42.000 3.000 3.085 2.353 1.958 4.115 3.185 2.210 0.455 0.633 0.185 1.025 0.450 0.515 0.000
321.538889 321.539583 923.000 921.825 298.350 299.450 26.675 40.850 3.000 3.335 2.688 1.765 3.478 3.415 2.482 0.683 0.427 0.335 0.573 0.495 0.565 0.000
321.562500 321.563194 923.333 922.067 298.250 299.750 26.400 88.933 3.000 2.493 2.163 1.920 5.783 5.757 4.757 0.713 0.503 0.180 0.443 0.750 0.790 0.000
321.563194 321.563889 923.375 922.150 298.250 299.775 26.325 89.375 3.000 2.990 2.242 1.670 6.247 5.768 5.338 0.730 0.505 0.143 0.435 0.317 0.160 0.000
321.563889 321.564583 923.325 922.075 298.250 299.825 26.400 89.625 3.000 3.135 2.338 1.805 6.322 5.515 4.915 0.158 0.315 0.158 0.325 0.675 0.415 0.000
321.564583 321.565278 923.275 922.050 298.275 299.850 26.375 89.250 3.000 3.138 2.413 1.645 5.255 5.485 5.315 0.542 0.452 0.160 9999.999 0.357 0.522 0.000
321.565278 321.565972 923.400 922.125 298.350 299.850 26.275 88.825 3.000 2.690 2.385 1.930 5.697 5.183 4.792 0.665 0.297 0.245 0.498 0.335 0.343 0.000
321.565972 321.566667 923.200 921.925 298.350 299.850 26.375 88.425 3.000 3.117 2.125 1.273 5.372 5.640 4.827 0.410 0.290 0.325 0.193 0.400 0.040 0.000
321.566667 321.567361 923.150 921.900 298.350 299.850 26.100 87.475 3.000 3.093 2.390 1.580 6.217 5.348 5.152 0.258 0.422 0.168 0.315 0.285 0.405 0.000
321.567361 321.568056 923.350 922.125 298.250 299.750 26.025 85.725 3.000 2.305 2.345 1.740 5.475 4.965 4.815 0.275 0.515 0.180 0.445 0.378 0.183 0.000
321.568056 321.568750 923.375 922.100 298.200 299.700 26.325 83.750 3.000 3.375 2.252 1.712 4.888 4.955 4.140 0.713 0.528 0.342 0.033 0.275 0.320 0.000
321.568750 321.569444 923.250 922.000 298.225 299.650 26.250 81.700 3.000 2.853 2.442 1.398 4.445 5.125 4.635 0.328 0.537 0.248 0.205 0.487 0.212 0.000
321.569444 321.570139 923.275 922.050 298.225 299.650 26.250 79.475 3.000 3.050 2.095 1.793 4.900 5.175 4.710 0.470 0.297 0.395 0.010 0.403 0.335 0.000
321.570139 321.570833 923.150 921.850 298.250 299.600 26.300 77.100 3.000 3.075 2.252 1.820 5.082 4.930 4.830 0.228 0.405 0.377 0.320 0.595 0.352 0.000
321.570833 321.571528 923.250 921.900 298.200 299.550 26.125 74.100 3.000 2.900 2.433 1.765 5.173 4.397 4.367 0.417 0.328 0.330 0.048 0.490 0.590 0.000
321.571528 321.572222 923.175 921.875 298.150 299.525 26.100 71.575 3.000 2.377 2.350 1.810 4.833 4.085 3.795 0.320 0.250 0.297 9999.999 0.547 0.225 0.000
321.572222 321.572917 923.225 921.925 298.175 299.450 26.100 68.725 3.000 2.818 2.112 1.775 4.558 3.480 3.412 0.218 0.360 0.077 0.185 0.477 0.310 0.000
321.572917 321.573611 923.425 922.125 298.150 299.450 26.175 65.825 3.000 2.660 2.030 1.765 4.205 3.680 3.130 0.570 0.410 0.172 0.820 0.360 0.333 0.000
321.573611 321.574306 923.300 922.075 298.225 299.450 26.375 62.725 3.000 2.825 2.262 1.803 4.060 3.610 3.157 0.627 0.328 0.263 0.710 0.305 0.268 0.000
321.574306 321.575000 923.300 922.075 298.250 299.450 26.300 59.875 3.000 2.817 2.300 1.528 3.595 2.940 2.582 0.540 0.217 0.400 0.452 0.590 0.165 0.000
321.575000 321.575694 923.375 922.100 298.225 299.375 26.350 57.125 3.000 3.270 2.295 1.898 3.810 3.480 3.088 0.455 0.480 0.365 0.385 0.328 0.620 0.000
321.575694 321.576389 923.275 922.050 298.150 299.350 26.400 54.300 3.000 2.993 2.442 1.695 4.112 3.275 2.855 0.690 0.287 0.498 0.163 0.573 0.342 0.000
321.576389 321.577083 923.250 922.000 298.150 299.275 26.400 51.625 3.000 3.065 2.217 1.722 3.650 3.210 2.705 0.333 0.487 0.205 0.657 0.588 0.500 0.000
321.577083 321.577778 923.325 922.025 298.150 299.250 26.350 49.025 3.000 2.607 2.175 1.690 3.955 3.313 2.697 0.535 0.415 0.295 0.615 0.147 0.545 0.000
321.577778 321.578472 923.300 922.050 298.125 299.150 26.450 46.575 3.000 2.612 2.478 1.785 3.405 3.285 2.648 0.278 0.360 0.360 0.633 0.345 0.625 0.000
321.578472 321.579167 923.350 922.100 298.050 299.100 26.425 44.525 3.000 2.790 2.407 1.585 4.595 3.183 2.863 0.357 0.357 0.148 0.412 0.600 0.605 0.000
321.579167 321.579861 923.350 922.100 298.050 299.075 26.600 42.850 3.000 2.980 2.358 1.590 3.340 3.130 2.635 0.417 0.297 0.160 0.135 0.460 0.400 0.000
321.579861 321.580556 923.125 921.850 298.050 299.050 26.550 41.450 3.000 2.950 2.260 1.535 3.618 3.027 2.760 0.305 0.302 0.265 0.568 0.368 0.513 0.000
321.580556 321.581250 923.125 921.850 298.050 299.050 26.350 40.175 3.000 2.877 2.495 1.815 3.313 2.725 2.655 0.578 0.305 0.285 0.450 0.320 0.288 0.000
321.604167 321.604861 923.700 922.433 298.150 299.650 26.800 90.933 3.000 3.483 2.703 1.637 7.963 6.910 5.363 0.423 0.477 0.483 9999.999 0.403 0.723 0.000
321.604861 321.605556 923.775 922.525 298.150 299.700 26.650 91.400 3.000 3.652 2.635 1.682 7.755 6.525 5.120 0.362 0.522 0.365 0.818 0.663 0.297 0.000
321.605556 321.606250 923.825 922.525 298.250 299.750 26.700 91.975 3.000 3.965 2.513 1.675 7.558 6.695 5.442 0.700 0.613 0.462 0.618 0.635 0.245 0.000
321.606250 321.606944 923.725 922.500 298.250 299.750 26.750 92.125 3.000 3.685 2.985 2.030 7.747 6.235 5.510 0.875 0.640 0.510 0.225 0.598 0.377 0.000
321.606944 321.607639 923.725 922.425 298.250 299.850 26.600 92.050 3.000 3.773 2.657 2.087 7.527 6.495 5.330 0.583 0.420 0.360 0.292 0.640 0.458 0.000
321.607639 321.608333 923.750 922.525 298.250 299.850 26.500 91.850 3.000 4.063 2.908 2.158 7.902 5.960 5.465 0.763 0.600 0.233 0.448 0.380 0.088 0.000
321.608333 321.609028 923.725 922.475 298.325 299.850 26.575 91.200 3.000 3.668 2.782 1.823 7.207 5.915 5.277 0.443 0.500 0.450 0.318 0.380 0.292 0.000
321.609028 321.609722 923.750 922.525 298.350 299.850 26.425 90.025 3.000 3.565 3.058 1.665 7.107 5.742 4.765 0.970 0.470 0.292 0.625 0.560 0.537 0.000
321.609722 321.610417 923.750 922.525 298.400 299.850 26.325 88.325 3.000 3.865 2.773 1.685 7.117 5.880 4.810 1.063 0.525 0.360 0.153 0.400 0.465 0.000
321.610417 321.611111 923.600 922.350 298.450 299.850 26.275 86.050 3.000 4.375 2.660 1.712 6.565 5.207 4.600 0.673 0.400 0.490 9999.999 0.458 0.460 0.000
321.611111 321.611806 923.575 922.350 298.450 299.850 26.150 83.975 3.000 3.237 2.503 1.787 5.878 4.883 4.548 0.450 0.470 0.280 0.642 0.360 0.373 0.000
321.611806 321.612500 923.625 922.425 298.450 299.800 26.025 79.925 3.000 3.797 2.583 1.883 5.670 4.480 3.917 0.628 0.573 0.415 9999.999 0.345 0.425 0.000
321.612500 321.613194 923.725 922.475 298.450 299.750 25.900 74.475 3.000 3.337 2.733 1.665 4.025 4.063 3.615 0.455 0.535 0.373 0.003 0.438 0.057 0.000
321.613194 321.613889 923.800 922.525 298.550 299.875 25.925 74.725 3.000 3.467 2.927 1.995 5.063 4.355 3.805 0.325 0.488 0.400 0.258 0.450 0.300 0.000
321.613889 321.614583 923.775 922.550 298.550 299.950 25.900 76.600 3.000 3.245 2.745 1.790 4.955 4.417 3.673 0.480 0.400 0.568 0.058 0.512 0.005 0.000
321.614583 321.615278 923.900 922.700 298.550 299.950 25.725 74.675 3.000 4.077 2.618 1.820 4.998 4.302 3.598 0.397 0.478 0.273 0.585 0.433 0.260 0.000
321.615278 321.615972 923.875 922.700 298.575 299.950 25.900 70.675 3.000 3.890 2.855 1.940 4.628 3.900 3.098 0.868 0.460 0.335 0.290 0.297 0.185 0.000
321.615972 321.616667 923.725 922.550 298.650 299.875 25.900 66.475 3.000 3.900 2.753 1.860 3.655 3.670 3.010 0.712 0.478 0.253 9999.999 0.445 0.037 0.000
321.616667 321.617361 923.800 922.625 298.650 299.850 25.750 62.450 3.000 3.320 2.720 1.817 3.705 3.265 2.888 0.950 0.512 0.505 0.142 0.470 0.380 0.000
321.617361 321.618056 923.750 922.550 298.650 299.850 25.800 58.800 3.000 3.802 2.850 2.180 3.902 3.418 2.530 0.490 0.700 0.270 0.405 0.345 0.373 0.000
321.618056 321.618750 923.700 922.550 298.675 299.850 25.700 55.425 3.000 3.248 2.680 1.837 3.527 2.893 2.025 0.438 0.467 0.423 0.700 0.240 0.390 0.000
321.618750 321.619444 923.675 922.550 298.675 299.850 25.700 52.275 3.000 3.445 2.790 2.118 4.110 2.918 2.072 0.427 0.342 0.342 0.703 0.585 0.177 0.000
321.619444 321.620139 923.700 922.550 298.650 299.850 25.850 49.600 3.000 4.035 2.682 2.118 4.275 2.817 1.862 0.558 0.645 0.335 0.408 0.545 0.155 0.000
321.620139 321.620833 923.800 922.650 298.750 299.825 25.900 49.400 3.000 3.962 3.053 2.060 4.107 3.300 2.465 0.780 0.547 0.588 0.408 0.797 0.268 0.000
321.620833 321.621528 923.825 922.700 298.750 299.850 25.700 50.300 3.000 3.635 2.835 2.010 3.678 3.390 2.523 0.558 0.510 0.302 0.555 0.387 0.355 0.000
321.621528 321.622222 923.700 922.600 298.750 299.850 25.725 47.675 3.000 3.770 2.935 1.815 4.138 3.137 2.295 0.583 0.410 0.300 0.762 0.498 0.532 0.000
321.622222 321.622917 923.775 922.650 298.750 299.850 25.475 45.025 3.000 3.760 2.468 1.935 3.150 2.587 2.023 0.650 0.530 0.413 0.715 0.445 0.340 0.000
321.645833 321.646528 924.133 923.100 298.750 300.150 24.700 76.100 3.000 4.810 3.197 1.747 5.330 4.997 4.057 0.640 0.527 0.503 0.543 0.777 0.183 0.000
321.646528 321.647222 924.175 923.100 298.850 300.150 24.700 71.625 3.000 4.648 3.293 2.280 4.583 4.240 3.737 0.767 0.573 0.338 0.238 0.320 0.565 0.000
321.647222 321.647917 924.200 923.100 298.850 300.250 24.675 75.675 3.000 4.197 3.368 2.305 5.565 4.905 3.928 0.633 0.445 0.733 0.555 0.613 0.455 0.000
321.647917 321.648611 924.175 923.050 298.875 300.375 24.525 82.225 3.000 4.157 3.087 2.348 7.245 5.512 4.680 0.623 0.555 0.460 0.897 0.547 0.418 0.000
