HLM/GB0060R.20060101000000.20181219000000.nephelometer.aerosol_light_scattering_coefficient.pm10.1mo.1mn.TSI_3563_HLM_ref_TSI_3563_HLM_wet..lev0.nas
89 1001 
Andrews, Elisabeth; Jefferson, Anne; Burgos, Maria A.  
US06L, National Oceanic and Atmospheric Administration , NOAA/ESRL/GMD,  "Earth System Research Laboratory, Global Monitoring Division", 325 Broadway, , CO 80305-3, Boulder, U.S.A. 
Burgos, Maria A. 
NOAA-ESRL 
1 1 
2006 01 01 2018 12 19 
0.000000 
Days from the file reference point (start_time) 
21 
1 1 1 1 1 1 1 1 1 1 1 1 1 1 1 1 1 1 1 1 1  
9999.999999 9999.999 9999.999 9999.999 9999.999 9999.999 9999.999 9.999 9999.999 9999.999 9999.999 9999.999 9999.999 9999.999 9999.999 9999.999 9999.999 9999.999 9999.999 9999.999 9.999 
end_time of measurement, days from the file reference point 
pressure, hPa, Location=reference nephelometer internal 
pressure, hPa, Location=humidified nephleometer internal 
temperature, K, Location=reference nephelometer internal 
temperature, K, Location=humidified nephleometer internal 
relative_humidity, %, Location=reference nephelometer internal 
relative_humidity, %, Location=humidified nephleometer internal 
number of wavelengths 
aerosol_light_scattering_coefficient, 1/Mm, Wavelength=450nm, Location=reference nephelometer 
aerosol_light_scattering_coefficient, 1/Mm, Wavelength=450nm, Location=humidified nephleometer, Matrix=pm10_humidified 
aerosol_light_scattering_coefficient, 1/Mm, Wavelength=550nm, Location=reference nephelometer 
aerosol_light_scattering_coefficient, 1/Mm, Wavelength=550nm, Location=humidified nephleometer, Matrix=pm10_humidified 
aerosol_light_scattering_coefficient, 1/Mm, Wavelength=700nm, Location=reference nephelometer 
aerosol_light_scattering_coefficient, 1/Mm, Wavelength=700nm, Location=humidified nephleometer, Matrix=pm10_humidified 
aerosol_light_backscattering_coefficient, 1/Mm, Wavelength=450nm, Location=reference nephelometer 
aerosol_light_backscattering_coefficient, 1/Mm, Wavelength=450nm, Location=humidified nephleometer, Matrix=pm10_humidified 
aerosol_light_backscattering_coefficient, 1/Mm, Wavelength=550nm, Location=reference nephelometer 
aerosol_light_backscattering_coefficient, 1/Mm, Wavelength=550nm, Location=humidified nephleometer, Matrix=pm10_humidified 
aerosol_light_backscattering_coefficient, 1/Mm, Wavelength=700nm, Location=reference nephelometer 
aerosol_light_backscattering_coefficient, 1/Mm, Wavelength=700nm, Location=humidified nephleometer, Matrix=pm10_humidified 
numflag, no unit 
0 
54
Data definition:              EBAS_1.1 
Set type code:                TI 
Station code:                 GB0060R 
Platform code:                GB0060S 
Timezone:                     UTC 
Startdate:                    20061105120200 
Revision date:                20181219000000 
Component:                    aerosol_light_scattering_coefficient 
Unit:                         1/Mm 
Matrix:                       pm10 
Period code:                  1mo 
Resolution code:              1mn 
Sample duration:             1mn 
Laboratory code:              US06L 
Instrument type:              nephelometer 
Instrument manufacturer:      TSI 
Instrument model:             3563 
Instrument name:              TSI_3563_HLM_ref+TSI_3563_HLM_wet 
Method ref:                   US06L_hygro_tandem_neph_CorrData 
Orig. time res.:              1mn 
[...]
Submitter:                    Burgos, Maria A., paul.zieger@aces.su.se, Department of Environmental Science and Analytical Chemistry, ACES,,Frescativägen 54,, SE10691, Stockholm, Sweden 
Data level:                   0 
Version:                      1 
Version description:          raw values, RH sensor correction 
Height AGL:                   10m 
Inlet type:                   Hat or hood 
Inlet description:            Heated, stainless steel, see full description in Delene and Ogren, J. Atmos. Sci, 2002. 
Humidity/temperature control: Humidification 
Humidity/temperature control description: humidogram 
Volume std. temperature:      instrument internal 
Volume std. pressure:         instrument internal 
Detection limit:              0.5 1/Mm 
Detection limit expl.:        Determined by instrument counting statistics, no detection limit flag used 
Measurement uncertainty expl.: Uncertainty analysis described in Burgos et al., 2019 
Zero/negative values code:    zero/negative possible 
Zero/negative values:         zero and neg. values may appear due to statistical variations at very low concentrations  
Standard method:              cal-gas=CO2+AIR_truncation-correction=none 
Acknowledgement:              Request acknowledgement details from data originator 
start_time end_time p_ref_int p_wet_int T_ref_int T_wet_int RH_ref_int RH_wet_int nWav sc450_ref sc550_ref sc700_ref sc450_wet sc550_wet sc700_wet bsc450_ref bsc550_ref bsc700_ref bsc450_wet bsc550_wet bsc700_wet numflag 
[from data line 2846]
316.689583 316.690278 950.975 950.100 301.050 302.800 27.500 77.300 3.000 17.485 14.505 13.115 28.942 27.385 27.253 2.543 2.225 2.025 3.018 3.060 3.005 0.000
316.690278 316.690972 951.100 950.225 301.050 302.925 27.500 83.975 3.000 17.440 14.918 13.260 32.843 30.058 29.730 2.640 2.107 1.960 3.052 3.125 3.248 0.000
316.690972 316.691667 950.900 950.025 301.050 302.950 27.500 87.025 3.000 17.770 14.833 13.243 32.883 31.078 29.972 2.665 2.157 2.050 3.045 3.495 3.167 0.000
316.691667 316.692361 950.850 950.025 300.925 302.800 27.500 86.800 3.000 17.740 14.880 13.333 32.535 30.538 30.505 2.695 2.252 2.072 3.277 3.128 3.500 0.000
316.692361 316.693056 950.750 949.925 300.825 302.650 27.650 84.500 3.000 16.940 14.755 12.960 30.248 29.090 28.730 2.617 2.080 1.962 3.215 2.998 3.418 0.000
316.693056 316.693750 950.775 949.950 300.750 302.550 27.700 82.125 3.000 17.965 15.458 13.620 29.435 28.118 27.880 2.565 2.288 2.212 2.880 3.277 2.922 0.000
316.693750 316.694444 950.750 949.950 300.800 302.550 27.700 80.375 3.000 17.925 14.920 13.162 29.000 27.097 27.545 2.890 2.320 2.030 2.575 2.847 2.808 0.000
316.694444 316.695139 950.725 949.950 300.850 302.525 27.700 77.950 3.000 18.315 15.528 13.762 28.495 26.773 26.178 2.813 2.357 2.020 2.643 2.935 3.045 0.000
316.695139 316.695833 950.700 949.875 300.850 302.450 27.700 75.550 3.000 17.358 15.270 13.650 27.033 25.657 24.968 2.495 2.245 2.183 2.625 2.725 2.502 0.000
316.695833 316.696528 950.550 949.725 300.850 302.450 27.700 72.825 3.000 18.000 15.355 13.567 24.958 23.285 23.135 2.710 2.053 1.988 2.743 2.625 3.168 0.000
316.696528 316.697222 950.325 949.550 300.850 302.400 27.700 66.075 3.000 17.635 14.985 13.218 20.855 19.550 18.255 2.538 2.100 1.925 2.260 2.340 2.335 0.000
316.697222 316.697917 950.325 949.500 300.850 302.375 27.700 59.925 3.000 18.280 15.458 13.778 19.780 18.090 16.900 2.553 2.325 1.945 1.968 1.905 2.045 0.000
316.697917 316.698611 950.375 949.500 300.850 302.450 27.700 62.100 3.000 19.078 15.717 13.390 21.188 19.552 17.960 2.903 2.410 2.058 2.163 2.155 2.145 0.000
316.698611 316.699306 950.275 949.425 300.875 302.550 27.700 67.950 3.000 18.720 15.568 13.550 22.547 21.440 20.785 2.833 2.460 2.290 3.073 2.347 2.503 0.000
316.699306 316.700000 950.325 949.450 300.875 302.550 27.575 68.525 3.000 18.610 15.703 13.908 22.977 21.193 19.758 2.885 2.382 2.178 2.192 2.165 1.923 0.000
316.700000 316.700694 950.175 949.300 300.875 302.550 27.550 64.875 3.000 18.750 16.098 14.638 21.817 20.015 18.135 2.645 2.333 2.075 2.177 2.250 1.958 0.000
316.700694 316.701389 950.100 949.225 300.925 302.525 27.500 60.700 3.000 19.238 16.355 14.572 20.497 19.115 16.790 2.975 2.542 2.270 2.623 2.250 2.148 0.000
316.701389 316.702083 950.050 949.175 300.850 302.450 27.450 56.950 3.000 19.920 16.983 15.210 20.275 18.848 16.970 2.842 2.798 2.350 2.167 2.228 2.138 0.000
316.702083 316.702778 950.075 949.225 300.950 302.450 27.350 53.675 3.000 20.538 17.297 15.072 19.465 18.183 16.245 3.052 2.465 2.355 2.525 2.140 2.480 0.000
316.702778 316.703472 950.125 949.250 300.900 302.350 27.300 49.825 3.000 21.855 18.142 15.938 21.440 18.420 16.543 3.038 2.688 2.563 3.113 2.505 2.753 0.000
316.703472 316.704167 949.975 949.125 300.875 302.350 27.375 47.275 3.000 23.540 19.570 16.430 22.840 19.377 17.503 3.298 3.030 2.833 2.498 2.373 2.828 0.000
316.704167 316.704861 949.950 949.050 300.850 302.350 27.400 50.775 3.000 24.148 19.558 17.028 23.955 20.833 17.913 3.315 2.820 2.685 3.053 2.335 2.152 0.000
316.704861 316.705556 949.800 948.975 300.850 302.350 27.475 47.600 3.000 22.358 18.500 16.040 21.985 18.540 17.273 3.268 2.798 2.458 2.945 2.307 2.217 0.000
316.705556 316.706250 949.600 948.750 300.850 302.300 27.350 43.975 3.000 21.040 18.083 15.178 19.648 17.803 16.223 3.115 2.650 2.518 2.630 2.140 2.400 0.000
316.709722 316.710417 949.400 948.600 300.350 301.650 27.800 36.800 3.000 21.823 21.823 21.823 19.507 19.507 19.507 2.280 2.280 2.280 2.057 2.057 2.057 0.000
316.710417 316.711111 949.400 948.550 300.375 301.650 27.825 35.950 3.000 26.605 20.572 17.070 25.707 20.602 16.602 3.510 3.115 2.673 3.330 2.958 2.590 0.000
316.711111 316.711806 949.150 948.375 300.350 301.725 27.800 34.825 3.000 26.377 20.698 16.625 24.365 20.282 16.665 3.398 2.985 2.418 2.737 2.962 2.632 0.000
316.711806 316.712500 949.300 948.500 300.350 301.650 27.800 34.075 3.000 26.047 20.255 16.290 24.633 20.363 16.422 3.490 2.870 2.575 2.768 2.843 2.357 0.000
316.712500 316.713194 949.250 948.425 300.350 301.650 27.900 35.575 3.000 28.675 21.620 16.970 26.615 21.120 16.967 3.695 2.983 2.737 3.668 2.708 2.817 0.000
316.713194 316.713889 949.275 948.425 300.350 301.650 28.000 36.650 3.000 26.583 20.543 16.288 25.188 20.225 16.237 3.597 2.942 2.650 2.942 2.725 2.830 0.000
316.713889 316.714583 949.325 948.425 300.350 301.550 28.000 37.875 3.000 24.290 18.947 15.038 24.167 19.422 16.395 3.480 2.625 2.308 2.692 2.623 2.540 0.000
316.714583 316.715278 949.225 948.350 300.350 301.650 28.000 43.750 3.000 24.887 19.113 15.848 24.397 20.050 16.368 3.068 2.600 2.433 2.928 2.793 2.438 0.000
316.715278 316.715972 949.150 948.250 300.350 301.650 28.025 46.100 3.000 24.087 19.703 15.680 24.310 20.060 17.050 3.382 2.725 2.743 2.678 2.563 2.333 0.000
316.715972 316.716667 949.125 948.200 300.350 301.650 28.125 47.950 3.000 25.000 19.377 15.727 24.905 20.850 17.032 3.350 2.765 2.425 3.060 2.685 2.525 0.000
316.716667 316.717361 949.025 948.100 300.275 301.575 28.150 50.025 3.000 24.325 18.995 15.658 24.238 20.860 17.275 3.198 2.800 2.692 3.235 2.708 2.792 0.000
316.717361 316.718056 949.050 948.125 300.250 301.600 28.050 51.975 3.000 24.715 19.148 15.368 26.468 21.390 18.550 3.440 2.655 2.492 2.828 2.777 2.728 0.000
316.718056 316.718750 949.025 948.125 300.250 301.550 28.100 54.075 3.000 23.993 19.145 15.053 27.047 22.030 18.235 3.350 2.808 2.402 2.987 2.422 2.395 0.000
316.718750 316.719444 948.925 948.000 300.250 301.550 28.100 56.375 3.000 23.672 18.733 14.950 26.532 21.530 18.217 3.000 2.705 2.282 3.275 2.450 2.620 0.000
316.719444 316.720139 948.725 947.825 300.250 301.550 28.100 58.525 3.000 22.193 18.235 14.938 26.155 22.235 18.800 2.915 2.515 2.453 3.208 2.558 2.620 0.000
316.720139 316.720833 948.675 947.775 300.200 301.600 28.100 60.825 3.000 23.113 18.440 14.965 27.730 23.508 20.108 3.230 2.668 2.408 2.862 2.907 2.630 0.000
316.720833 316.721528 948.550 947.700 300.150 301.550 28.000 62.775 3.000 22.095 18.212 15.125 27.002 23.723 20.665 3.337 2.757 2.385 3.310 2.782 2.900 0.000
316.721528 316.722222 948.700 947.775 300.150 301.575 28.075 65.550 3.000 22.683 17.730 14.310 28.907 25.993 23.460 3.025 2.570 2.305 3.273 3.195 2.872 0.000
316.722222 316.722917 948.675 947.775 300.150 301.600 28.050 68.150 3.000 20.760 16.725 14.115 29.515 25.828 23.810 3.255 2.595 2.263 2.968 2.883 2.700 0.000
316.722917 316.723611 948.475 947.550 300.150 301.550 27.950 70.875 3.000 21.050 17.497 14.427 31.160 27.278 25.243 3.000 2.432 2.105 3.380 3.008 3.095 0.000
316.723611 316.724306 948.650 947.675 300.125 301.625 27.975 73.425 3.000 21.468 17.262 14.717 31.642 28.315 26.188 2.760 2.348 2.373 3.373 3.268 3.260 0.000
316.724306 316.725000 948.650 947.700 300.125 301.650 28.000 75.550 3.000 20.945 17.115 14.728 32.770 28.315 27.098 2.932 2.510 2.520 3.638 3.160 3.177 0.000
316.725000 316.725694 948.725 947.800 300.075 301.650 28.000 78.500 3.000 21.158 17.135 14.092 34.883 30.692 28.350 3.170 2.438 2.065 3.490 3.415 3.440 0.000
316.725694 316.726389 948.750 947.750 300.050 301.700 28.075 81.350 3.000 21.255 17.482 13.908 36.365 31.713 29.552 3.120 2.600 2.482 3.883 3.295 3.808 0.000
316.726389 316.727083 948.700 947.700 300.050 301.750 28.125 83.250 3.000 22.865 17.727 14.340 37.975 33.267 30.220 3.100 2.482 2.388 3.465 3.435 3.275 0.000
316.727083 316.727778 948.650 947.600 300.050 301.750 28.200 85.250 3.000 22.232 17.477 14.728 39.085 34.280 31.448 3.115 2.660 2.355 3.552 3.745 3.922 0.000
316.727778 316.728472 948.675 947.700 300.050 301.750 28.200 86.925 3.000 21.440 17.392 14.620 39.150 33.800 31.792 3.040 2.473 2.488 3.195 3.650 3.747 0.000
316.728472 316.729167 948.725 947.675 300.050 301.600 28.200 82.175 3.000 22.333 18.502 14.575 33.525 29.380 26.860 3.090 2.822 2.370 2.602 3.333 3.297 0.000
316.729167 316.729861 948.650 947.600 300.025 301.450 28.250 68.750 3.000 21.137 17.165 14.435 24.893 22.702 19.815 2.820 2.430 2.408 2.547 2.465 2.470 0.000
316.729861 316.730556 948.725 947.675 300.025 301.500 28.200 65.575 3.000 21.145 17.445 14.110 26.108 22.583 19.708 2.855 2.495 2.360 2.692 2.518 2.205 0.000
316.730556 316.731250 948.775 947.725 300.050 301.600 28.200 70.000 3.000 20.920 16.813 14.015 28.497 25.230 22.093 3.217 2.440 2.175 2.588 3.107 3.020 0.000
316.731250 316.731944 948.700 947.700 300.000 301.725 28.200 79.025 3.000 21.398 17.328 14.223 33.597 29.863 27.587 3.200 2.735 2.288 3.438 3.027 3.125 0.000
316.731944 316.732639 948.525 947.525 299.950 301.850 28.200 85.850 3.000 20.880 17.023 14.038 36.520 31.975 29.885 3.067 2.438 2.407 3.420 3.297 3.258 0.000
316.732639 316.733333 948.500 947.525 299.950 301.850 28.225 88.775 3.000 20.068 16.730 13.818 36.875 32.695 30.328 2.935 2.558 2.310 3.570 3.370 3.453 0.000
316.733333 316.734028 948.450 947.450 299.950 301.800 28.300 88.850 3.000 19.698 16.470 13.633 36.385 31.390 28.965 2.730 2.527 2.408 3.582 3.370 3.492 0.000
316.734028 316.734722 948.500 947.475 299.950 301.700 28.325 87.025 3.000 21.285 16.762 14.262 35.263 30.363 28.000 2.953 2.527 2.335 2.910 3.173 3.527 0.000
316.734722 316.735417 948.625 947.600 299.950 301.650 28.375 84.600 3.000 20.880 17.175 14.520 34.648 30.113 27.767 3.560 2.720 2.520 2.768 3.187 3.245 0.000
316.735417 316.736111 948.650 947.625 299.950 301.600 28.375 82.200 3.000 19.723 16.108 13.508 30.790 28.030 26.370 2.737 2.317 2.382 2.970 2.982 3.313 0.000
316.736111 316.736806 948.675 947.625 299.950 301.550 28.300 79.600 3.000 20.150 16.828 13.892 29.060 26.933 25.435 2.720 2.610 2.277 3.145 2.820 2.830 0.000
316.736806 316.737500 948.800 947.725 299.950 301.500 28.225 76.975 3.000 19.627 16.002 13.703 28.793 25.868 24.470 2.947 2.440 2.125 3.050 2.560 3.025 0.000
316.737500 316.738194 948.875 947.825 299.875 301.450 28.200 73.975 3.000 18.368 15.198 13.827 24.080 23.343 21.695 2.697 2.420 2.052 2.387 2.745 2.902 0.000
316.738194 316.738889 948.900 947.875 299.850 301.350 28.200 66.750 3.000 18.462 15.800 13.793 22.345 19.322 18.030 2.662 2.328 2.050 2.160 2.248 2.070 0.000
316.738889 316.739583 948.900 947.900 299.850 301.350 28.200 60.075 3.000 17.745 15.178 13.227 19.465 18.092 16.480 2.670 2.320 2.033 2.353 2.295 1.940 0.000
316.739583 316.740278 948.950 947.875 299.850 301.400 28.100 61.650 3.000 17.468 15.005 12.900 19.773 18.697 17.210 2.950 2.072 2.055 2.067 1.922 1.960 0.000
316.740278 316.740972 948.975 947.925 299.850 301.500 28.025 67.800 3.000 17.840 15.510 13.727 22.063 20.563 20.072 2.790 2.447 2.135 2.825 2.478 2.703 0.000
316.740972 316.741667 949.000 947.950 299.850 301.500 28.000 67.525 3.000 17.625 14.985 13.268 20.547 18.765 17.925 2.440 2.297 2.067 2.067 2.060 2.185 0.000
316.741667 316.742361 949.000 947.925 299.850 301.450 28.000 63.675 3.000 18.050 15.350 13.225 19.663 18.427 16.723 2.792 2.265 2.138 1.955 2.158 2.520 0.000
316.742361 316.743056 948.950 947.900 299.850 301.350 27.975 59.650 3.000 17.488 15.258 13.365 18.873 16.720 15.510 2.982 2.420 2.083 2.103 2.005 2.277 0.000
316.743056 316.743750 948.975 947.875 299.850 301.300 27.825 55.875 3.000 17.725 15.370 13.148 18.090 16.727 15.342 2.525 2.263 1.982 2.317 1.885 1.855 0.000
316.743750 316.744444 948.900 947.825 299.850 301.250 27.850 53.300 3.000 18.095 15.218 14.035 18.548 16.960 15.058 2.958 2.398 2.313 1.987 1.960 2.145 0.000
316.744444 316.745139 948.800 947.750 299.850 301.225 27.875 50.525 3.000 20.387 16.655 14.323 19.550 17.590 15.078 2.905 2.530 2.390 2.042 1.970 2.325 0.000
316.745139 316.745833 948.825 947.750 299.850 301.150 27.950 49.450 3.000 20.695 17.245 14.348 21.190 18.453 15.573 3.218 2.495 2.098 2.382 2.170 1.808 0.000
316.745833 316.746528 948.850 947.750 299.800 301.150 28.000 50.725 3.000 20.307 17.265 14.532 21.260 18.830 15.732 3.202 2.633 2.492 2.680 2.365 1.843 0.000
316.746528 316.747222 948.725 947.650 299.750 301.150 28.075 47.450 3.000 19.510 16.513 14.815 19.372 17.040 15.588 3.140 2.630 2.120 2.700 2.027 2.197 0.000
316.747222 316.747917 948.525 947.450 299.750 301.100 28.100 44.800 3.000 19.422 16.248 14.070 18.912 16.447 14.783 2.845 2.220 2.127 2.548 2.188 1.675 0.000
316.751389 316.752083 948.100 947.100 299.550 300.650 28.200 38.100 3.000 14.147 14.147 14.147 15.463 15.463 15.463 2.283 2.283 2.283 2.197 2.197 2.197 0.000
316.752083 316.752778 947.800 946.800 299.550 300.650 28.125 37.475 3.000 17.135 14.343 12.880 16.118 14.643 13.385 2.458 2.163 2.010 2.485 2.357 1.660 0.000
316.752778 316.753472 947.825 946.750 299.550 300.650 27.900 36.450 3.000 17.212 14.807 13.118 16.032 14.573 13.767 2.700 2.375 2.070 2.282 2.092 2.002 0.000
316.753472 316.754167 947.850 946.750 299.550 300.650 27.800 35.850 3.000 16.740 15.225 12.280 16.370 14.445 13.225 2.615 2.270 2.090 1.660 2.520 2.490 0.000
316.756250 316.756944 947.750 946.600 299.550 300.550 27.450 43.150 3.000 15.485 13.485 12.140 16.145 13.460 13.600 2.430 2.360 2.075 2.220 1.980 2.040 0.000
316.758333 316.759028 947.900 946.900 299.450 300.650 27.400 49.300 3.000 14.050 14.050 14.050 15.357 15.357 15.357 2.247 2.247 2.247 2.107 2.107 2.107 0.000
316.770139 316.770833 947.800 946.567 299.350 300.950 28.333 88.933 3.000 23.900 19.750 15.790 43.117 37.093 33.443 4.077 3.110 2.783 4.170 4.553 4.333 0.000
316.770833 316.771528 947.925 946.750 299.275 300.825 28.400 88.750 3.000 24.035 19.373 16.223 37.780 33.263 30.282 3.770 3.135 2.867 3.857 4.085 3.465 0.000
316.771528 316.772222 947.725 946.525 299.275 300.650 28.475 78.200 3.000 23.725 18.965 15.630 30.333 26.458 23.835 3.460 2.882 2.512 3.223 3.217 3.210 0.000
316.772222 316.772917 947.525 946.375 299.325 300.675 28.500 70.975 3.000 23.875 18.675 15.580 28.165 24.830 22.793 3.833 3.088 2.465 3.420 3.222 3.168 0.000
316.772917 316.773611 947.650 946.500 299.250 300.775 28.500 75.250 3.000 23.300 18.780 15.645 31.747 28.305 25.925 3.603 2.957 2.575 3.957 3.502 3.150 0.000
316.773611 316.774306 947.475 946.325 299.325 300.925 28.500 83.025 3.000 23.035 18.718 15.413 35.407 30.772 28.805 3.627 2.763 2.782 3.662 3.790 3.780 0.000
316.774306 316.775000 947.400 946.275 299.350 301.025 28.500 87.925 3.000 23.185 18.745 15.967 38.180 33.087 29.625 3.435 2.800 2.610 3.895 3.580 3.763 0.000
316.775000 316.775694 947.300 946.200 299.325 300.950 28.500 88.875 3.000 23.935 19.383 15.660 37.663 32.968 29.685 3.490 2.947 2.637 4.707 3.630 3.888 0.000
316.775694 316.776389 947.300 946.100 299.350 300.900 28.500 87.675 3.000 23.930 19.407 15.425 36.987 32.347 29.330 3.862 2.995 2.748 3.892 3.815 3.735 0.000
316.776389 316.777083 947.325 946.175 299.350 300.850 28.500 85.300 3.000 23.950 19.455 16.337 35.237 30.915 28.290 3.578 3.063 2.538 3.678 3.670 3.285 0.000
316.777083 316.777778 947.250 946.050 299.325 300.775 28.500 82.800 3.000 23.740 19.320 16.160 34.300 30.148 27.815 3.685 2.965 2.768 3.945 3.420 3.388 0.000
316.777778 316.778472 947.225 946.050 299.250 300.750 28.525 80.025 3.000 24.125 19.640 16.005 32.982 29.505 26.403 3.707 3.035 2.738 3.277 3.205 3.250 0.000
316.778472 316.779167 947.200 946.000 299.250 300.700 28.500 77.225 3.000 23.358 20.045 16.143 31.922 27.635 24.645 3.710 3.095 2.853 3.760 3.295 3.135 0.000
316.779167 316.779861 947.150 946.000 299.175 300.600 28.600 70.600 3.000 22.893 19.017 15.467 27.030 24.080 21.532 3.163 2.902 2.595 3.168 3.342 3.212 0.000
316.779861 316.780556 947.100 945.925 299.175 300.550 28.500 62.800 3.000 22.735 18.640 15.283 24.975 21.097 18.535 3.280 3.038 2.625 3.290 2.698 2.618 0.000
316.780556 316.781250 947.175 945.975 299.200 300.650 28.500 63.200 3.000 22.433 18.155 15.083 24.752 21.970 19.587 3.495 2.722 2.533 2.970 2.975 2.877 0.000
