HLM/GB0060R.20060101000000.20181219000000.nephelometer.aerosol_light_scattering_coefficient.pm1.1mo.1mn.TSI_3563_HLM_ref_TSI_3563_HLM_wet..lev0.nas
89 1001 
Andrews, Elisabeth; Jefferson, Anne; Burgos, Maria A.  
US06L, National Oceanic and Atmospheric Administration , NOAA/ESRL/GMD,  "Earth System Research Laboratory, Global Monitoring Division", 325 Broadway, , CO 80305-3, Boulder, U.S.A. 
Burgos, Maria A. 
NOAA-ESRL 
1 1 
2006 01 01 2018 12 19 
0.000000 
Days from the file reference point (start_time) 
21 
1 1 1 1 1 1 1 1 1 1 1 1 1 1 1 1 1 1 1 1 1  
9999.999999 9999.999 9999.999 9999.999 9999.999 9999.999 9999.999 9.999 9999.999 9999.999 9999.999 9999.999 9999.999 9999.999 9999.999 9999.999 9999.999 9999.999 9999.999 9999.999 9.999 
end_time of measurement, days from the file reference point 
pressure, hPa, Location=reference nephelometer internal 
pressure, hPa, Location=humidified nephleometer internal 
temperature, K, Location=reference nephelometer internal 
temperature, K, Location=humidified nephleometer internal 
relative_humidity, %, Location=reference nephelometer internal 
relative_humidity, %, Location=humidified nephleometer internal 
number of wavelengths 
aerosol_light_scattering_coefficient, 1/Mm, Wavelength=450nm, Location=reference nephelometer 
aerosol_light_scattering_coefficient, 1/Mm, Wavelength=450nm, Location=humidified nephleometer, Matrix=pm1_humidified 
aerosol_light_scattering_coefficient, 1/Mm, Wavelength=550nm, Location=reference nephelometer 
aerosol_light_scattering_coefficient, 1/Mm, Wavelength=550nm, Location=humidified nephleometer, Matrix=pm1_humidified 
aerosol_light_scattering_coefficient, 1/Mm, Wavelength=700nm, Location=reference nephelometer 
aerosol_light_scattering_coefficient, 1/Mm, Wavelength=700nm, Location=humidified nephleometer, Matrix=pm1_humidified 
aerosol_light_backscattering_coefficient, 1/Mm, Wavelength=450nm, Location=reference nephelometer 
aerosol_light_backscattering_coefficient, 1/Mm, Wavelength=450nm, Location=humidified nephleometer, Matrix=pm1_humidified 
aerosol_light_backscattering_coefficient, 1/Mm, Wavelength=550nm, Location=reference nephelometer 
aerosol_light_backscattering_coefficient, 1/Mm, Wavelength=550nm, Location=humidified nephleometer, Matrix=pm1_humidified 
aerosol_light_backscattering_coefficient, 1/Mm, Wavelength=700nm, Location=reference nephelometer 
aerosol_light_backscattering_coefficient, 1/Mm, Wavelength=700nm, Location=humidified nephleometer, Matrix=pm1_humidified 
numflag, no unit 
0 
54
Data definition:              EBAS_1.1 
Set type code:                TI 
Station code:                 GB0060R 
Platform code:                GB0060S 
Timezone:                     UTC 
Startdate:                    20061105120200 
Revision date:                20181219000000 
Component:                    aerosol_light_scattering_coefficient 
Unit:                         1/Mm 
Matrix:                       pm1 
Period code:                  1mo 
Resolution code:              1mn 
Sample duration:             1mn 
Laboratory code:              US06L 
Instrument type:              nephelometer 
Instrument manufacturer:      TSI 
Instrument model:             3563 
Instrument name:              TSI_3563_HLM_ref+TSI_3563_HLM_wet 
Method ref:                   US06L_hygro_tandem_neph_CorrData 
Orig. time res.:              1mn 
[...]
Submitter:                    Burgos, Maria A., paul.zieger@aces.su.se, Department of Environmental Science and Analytical Chemistry, ACES,,Frescativägen 54,, SE10691, Stockholm, Sweden 
Data level:                   0 
Version:                      1 
Version description:          raw values, RH sensor correction 
Height AGL:                   10m 
Inlet type:                   Hat or hood 
Inlet description:            Heated, stainless steel, see full description in Delene and Ogren, J. Atmos. Sci, 2002. 
Humidity/temperature control: Humidification 
Humidity/temperature control description: humidogram 
Volume std. temperature:      instrument internal 
Volume std. pressure:         instrument internal 
Detection limit:              0.5 1/Mm 
Detection limit expl.:        Determined by instrument counting statistics, no detection limit flag used 
Measurement uncertainty expl.: Uncertainty analysis described in Burgos et al., 2019 
Zero/negative values code:    zero/negative possible 
Zero/negative values:         zero and neg. values may appear due to statistical variations at very low concentrations  
Standard method:              cal-gas=CO2+AIR_truncation-correction=none 
Acknowledgement:              Request acknowledgement details from data originator 
start_time end_time p_ref_int p_wet_int T_ref_int T_wet_int RH_ref_int RH_wet_int nWav sc450_ref sc550_ref sc700_ref sc450_wet sc550_wet sc700_wet bsc450_ref bsc550_ref bsc700_ref bsc450_wet bsc550_wet bsc700_wet numflag 
[from data line 4544]
322.745833 322.746528 941.175 939.500 295.750 296.875 24.200 51.300 3.000 9.470 6.643 4.725 8.617 7.085 5.620 1.547 1.145 0.940 1.597 0.917 0.907 0.000
322.746528 322.747222 941.300 939.525 295.750 296.850 24.200 48.125 3.000 9.325 6.888 4.533 8.995 6.585 5.095 1.823 1.060 0.902 1.535 1.105 0.688 0.000
322.747222 322.747917 941.250 939.500 295.750 296.850 24.275 44.725 3.000 9.967 6.890 4.593 9.365 6.865 5.067 1.645 1.183 0.943 1.075 1.178 0.727 0.000
322.895833 322.896528 943.800 941.900 294.517 296.083 26.333 89.200 3.000 16.017 12.350 8.310 23.200 18.340 14.357 2.377 2.030 1.597 2.633 2.253 1.680 0.000
322.896528 322.897222 943.975 941.900 294.550 296.150 26.300 92.125 3.000 16.738 12.165 8.125 24.077 18.433 14.303 2.605 1.960 1.530 2.930 2.208 1.365 0.000
322.897222 322.897917 943.975 941.975 294.550 296.175 26.300 93.975 3.000 16.430 11.558 7.795 22.973 18.063 13.985 2.612 1.892 1.685 2.285 2.180 1.605 0.000
322.897917 322.898611 944.000 942.025 294.550 296.150 26.300 94.575 3.000 15.680 11.483 7.965 22.352 17.622 13.518 2.588 1.795 1.470 2.755 2.090 1.695 0.000
322.898611 322.899306 944.025 942.050 294.550 296.100 26.250 94.325 3.000 15.795 11.533 7.878 20.693 16.825 12.620 2.360 1.907 1.380 2.150 1.690 1.268 0.000
322.899306 322.900000 944.050 942.050 294.550 296.050 26.225 93.550 3.000 14.995 11.415 7.718 20.477 16.775 12.798 2.510 1.947 1.725 1.780 1.870 1.820 0.000
322.900000 322.900694 944.075 942.025 294.550 296.025 26.250 92.275 3.000 15.397 10.685 7.585 19.458 16.307 12.128 2.533 2.078 1.595 2.435 1.662 1.080 0.000
322.900694 322.901389 944.050 942.050 294.550 295.950 26.300 90.650 3.000 15.483 11.475 7.578 18.703 15.512 11.565 2.410 1.813 1.305 2.157 1.798 1.770 0.000
322.901389 322.902083 944.025 942.025 294.550 295.950 26.300 88.200 3.000 15.112 10.767 7.218 18.172 14.872 11.688 2.433 1.885 1.425 2.245 1.777 1.697 0.000
322.902083 322.902778 944.025 942.050 294.575 295.850 26.300 85.375 3.000 14.203 10.348 7.080 17.672 14.185 10.830 2.453 1.598 1.520 2.425 1.920 1.263 0.000
322.902778 322.903472 944.100 942.075 294.575 295.850 26.300 82.775 3.000 14.695 10.320 7.198 16.455 13.640 10.285 2.117 1.683 1.233 1.752 1.860 1.400 0.000
322.903472 322.904167 944.150 942.125 294.575 295.800 26.300 80.200 3.000 13.683 10.180 6.463 17.297 13.343 10.088 2.710 1.680 1.310 2.127 1.653 1.615 0.000
322.904167 322.904861 944.150 942.125 294.600 295.750 26.300 77.850 3.000 14.360 10.110 6.640 15.855 12.898 9.713 2.467 1.645 1.308 1.905 1.738 1.095 0.000
322.904861 322.905556 944.150 942.150 294.550 295.750 26.300 75.675 3.000 13.235 9.827 6.630 15.663 12.565 8.713 2.178 1.780 1.255 2.208 1.590 1.295 0.000
322.905556 322.906250 944.175 942.150 294.575 295.750 26.300 73.175 3.000 13.720 9.940 6.428 14.865 12.140 8.927 2.370 1.453 1.273 2.053 1.650 1.370 0.000
322.906250 322.906944 944.175 942.175 294.650 295.700 26.300 70.325 3.000 13.550 9.848 6.495 15.488 11.390 8.503 2.308 1.673 1.313 1.563 1.388 1.097 0.000
322.906944 322.907639 944.250 942.225 294.575 295.650 26.300 67.550 3.000 14.008 9.748 6.672 14.570 11.600 8.465 2.148 1.635 1.323 1.853 1.610 1.813 0.000
322.907639 322.908333 944.275 942.225 294.650 295.650 26.275 64.400 3.000 14.112 10.260 6.962 14.542 11.500 7.678 2.375 1.720 1.515 1.593 1.705 1.425 0.000
322.908333 322.909028 944.250 942.275 294.650 295.625 26.225 60.375 3.000 14.177 10.627 6.740 15.430 10.725 7.518 2.618 1.577 1.168 1.873 1.418 1.192 0.000
322.909028 322.909722 944.225 942.225 294.650 295.550 26.175 56.150 3.000 14.073 9.770 6.330 14.500 11.000 7.742 2.090 1.720 1.218 2.210 1.893 1.333 0.000
322.909722 322.910417 944.250 942.275 294.650 295.625 26.175 56.150 3.000 14.560 10.213 6.827 14.045 10.488 7.975 2.420 1.648 1.450 1.600 1.632 1.680 0.000
322.910417 322.911111 944.300 942.300 294.650 295.650 26.175 56.025 3.000 14.372 10.448 6.930 14.067 10.887 7.188 2.473 1.745 1.388 2.335 1.595 1.477 0.000
322.911111 322.911806 944.200 942.250 294.650 295.650 26.125 49.925 3.000 13.907 10.185 6.255 13.930 10.622 7.152 2.230 1.650 1.373 1.857 1.495 1.388 0.000
322.911806 322.912500 944.200 942.275 294.650 295.550 26.150 42.275 3.000 14.435 9.828 6.633 13.020 9.990 7.013 1.945 1.705 1.300 2.398 1.388 1.165 0.000
322.912500 322.913194 944.225 942.300 294.650 295.600 26.150 38.800 3.000 13.928 9.787 6.527 12.310 10.165 7.027 1.995 1.752 1.305 2.247 1.895 1.425 0.000
322.913194 322.913889 944.250 942.250 294.600 295.650 26.200 36.000 3.000 13.070 9.985 6.580 13.157 9.898 7.223 2.157 1.738 1.360 2.023 1.393 1.580 0.000
322.913889 322.914583 944.200 942.225 294.575 295.650 26.175 33.500 3.000 13.275 9.762 6.265 12.917 9.508 6.195 1.593 1.505 1.155 1.860 1.705 1.288 0.000
322.937500 322.938194 944.200 942.300 294.350 295.917 27.000 85.300 3.000 10.420 7.720 4.973 14.230 11.333 7.940 1.657 1.203 1.023 2.327 0.827 0.510 0.000
322.938194 322.938889 944.325 942.300 294.375 296.100 27.000 89.225 3.000 11.125 7.705 5.263 14.800 12.170 9.060 1.708 1.125 0.958 1.303 1.263 1.040 0.000
322.938889 322.939583 944.300 942.300 294.450 296.225 26.925 92.575 3.000 10.655 7.655 5.115 15.293 12.522 8.950 1.805 1.228 0.955 1.383 1.430 0.922 0.000
322.939583 322.940278 944.275 942.275 294.500 296.225 26.825 94.425 3.000 10.592 7.322 4.895 15.793 12.115 8.895 1.842 1.180 1.008 1.547 1.145 0.698 0.000
322.940278 322.940972 944.350 942.375 294.450 296.150 26.800 94.950 3.000 10.503 7.363 5.090 15.135 11.643 8.735 1.780 1.235 1.035 1.683 1.353 0.460 0.000
322.940972 322.941667 944.350 942.300 294.475 296.125 26.800 94.650 3.000 9.883 7.573 5.143 15.200 11.460 7.737 1.935 1.295 1.040 1.773 1.233 0.772 0.000
322.941667 322.942361 944.400 942.400 294.500 296.050 26.800 93.825 3.000 10.155 7.315 4.895 14.540 11.747 7.980 1.625 1.225 1.018 1.528 1.065 0.633 0.000
322.942361 322.943056 944.325 942.350 294.550 296.000 26.800 92.225 3.000 10.213 7.252 4.745 13.270 10.800 7.880 1.615 1.200 1.053 1.255 1.315 1.023 0.000
322.943056 322.943750 944.325 942.350 294.550 295.950 26.775 90.175 3.000 10.043 7.393 4.777 12.748 9.998 7.250 1.898 1.235 0.920 1.070 0.993 0.980 0.000
322.943750 322.944444 944.350 942.375 294.550 295.925 26.700 87.625 3.000 9.253 7.015 4.720 11.600 9.777 6.870 1.465 1.180 0.823 1.658 1.130 0.502 0.000
322.944444 322.945139 944.425 942.375 294.550 295.850 26.700 84.525 3.000 9.533 6.650 4.195 11.520 9.277 6.823 1.797 1.182 0.863 0.348 1.200 0.850 0.000
322.945139 322.945833 944.425 942.400 294.550 295.850 26.750 81.575 3.000 9.438 7.075 4.510 11.623 8.938 6.770 1.817 1.020 0.833 1.315 1.045 0.915 0.000
322.945833 322.946528 944.400 942.350 294.525 295.750 26.700 78.600 3.000 9.783 7.135 4.355 10.415 8.873 6.433 1.420 1.238 0.840 1.123 1.080 0.960 0.000
322.946528 322.947222 944.375 942.400 294.525 295.750 26.700 75.900 3.000 9.787 6.508 4.490 10.720 8.500 6.213 1.363 1.083 1.047 1.390 1.030 0.753 0.000
322.947222 322.947917 944.325 942.350 294.550 295.750 26.700 73.650 3.000 8.865 6.335 4.110 9.485 7.760 6.015 1.553 1.105 0.825 1.170 1.353 0.665 0.000
322.947917 322.948611 944.400 942.375 294.550 295.675 26.725 70.950 3.000 9.695 6.703 4.470 10.865 8.240 5.393 1.833 1.225 0.792 1.237 0.795 0.730 0.000
322.948611 322.949306 944.450 942.425 294.475 295.650 26.800 68.450 3.000 9.600 6.665 4.440 9.738 8.197 5.103 1.698 1.192 0.865 1.040 1.055 0.968 0.000
322.949306 322.950000 944.450 942.400 294.550 295.650 26.800 65.350 3.000 9.405 6.668 4.263 8.648 7.217 5.018 1.692 1.060 0.925 0.700 0.815 0.870 0.000
322.950000 322.950694 944.425 942.425 294.475 295.625 26.725 61.550 3.000 9.390 6.475 4.580 8.703 6.795 4.605 1.585 1.040 0.868 1.075 0.952 0.880 0.000
322.950694 322.951389 944.400 942.425 294.475 295.550 26.750 58.475 3.000 8.563 6.477 4.365 10.000 6.928 4.928 1.318 1.172 0.685 1.510 0.950 0.685 0.000
322.951389 322.952083 944.425 942.400 294.450 295.525 26.750 54.600 3.000 8.957 6.407 4.450 9.638 6.710 4.838 1.283 0.922 0.837 1.103 1.228 1.000 0.000
322.952083 322.952778 944.400 942.425 294.525 295.475 26.725 50.650 3.000 8.822 6.160 3.740 7.895 6.553 4.833 1.705 0.885 0.718 1.117 1.047 1.085 0.000
322.952778 322.953472 944.350 942.400 294.450 295.450 26.775 45.050 3.000 9.063 6.728 4.020 8.315 6.760 4.732 1.775 1.080 0.910 1.178 0.817 0.945 0.000
322.953472 322.954167 944.350 942.400 294.500 295.450 26.775 39.125 3.000 9.015 6.107 4.218 9.043 6.163 4.255 1.070 1.083 0.938 1.178 0.935 0.645 0.000
322.954167 322.954861 944.375 942.375 294.550 295.450 26.775 33.650 3.000 8.900 6.433 3.975 8.867 6.403 4.630 1.867 1.063 0.943 1.523 1.053 0.835 0.000
322.954861 322.955556 944.375 942.400 294.550 295.450 26.775 31.725 3.000 8.668 6.090 3.935 8.703 6.625 4.167 1.350 1.125 0.938 1.650 0.863 0.890 0.000
322.955556 322.956250 944.400 942.400 294.475 295.450 26.725 30.025 3.000 9.148 6.332 4.055 7.865 6.430 4.322 1.270 0.925 0.903 1.045 1.085 0.568 0.000
322.979167 322.979861 944.433 942.367 294.250 296.250 27.100 96.833 3.000 6.903 4.597 2.653 10.927 9.247 6.483 1.177 0.647 0.173 0.880 1.463 0.020 0.000
322.979861 322.980556 944.500 942.425 294.250 296.200 27.100 97.350 3.000 6.775 4.563 2.915 11.018 9.003 6.085 1.350 0.893 0.638 0.720 0.640 9999.999 0.000
322.980556 322.981250 944.500 942.400 294.250 296.100 27.100 97.475 3.000 6.357 4.728 2.955 10.920 8.342 5.583 1.198 0.723 0.383 0.590 0.470 9999.999 0.000
322.981250 322.981944 944.475 942.450 294.250 296.000 27.100 97.025 3.000 6.667 4.725 3.333 10.128 7.877 4.990 1.200 0.738 0.528 0.787 0.500 0.123 0.000
322.981944 322.982639 944.525 942.400 294.250 295.950 27.100 96.375 3.000 6.552 4.523 2.890 9.512 8.215 5.098 1.092 0.642 0.558 1.208 0.672 9999.999 0.000
322.982639 322.983333 944.475 942.425 294.250 295.925 27.100 95.325 3.000 6.248 4.373 2.973 9.375 7.085 5.020 0.818 0.693 0.770 0.330 0.435 9999.999 0.000
322.983333 322.984028 944.550 942.475 294.250 295.850 27.100 94.050 3.000 6.383 4.287 2.913 9.025 7.248 4.612 1.107 0.760 0.588 9999.999 0.435 0.105 0.000
322.984028 322.984722 944.600 942.500 294.250 295.775 27.100 92.400 3.000 6.117 4.508 3.090 8.238 6.748 4.713 0.903 0.662 0.723 0.935 0.667 0.240 0.000
322.984722 322.985417 944.525 942.450 294.275 295.725 27.100 90.200 3.000 6.120 4.415 3.230 8.262 6.357 5.032 1.100 0.590 0.560 9999.999 0.430 9999.999 0.000
322.985417 322.986111 944.575 942.500 294.325 295.650 27.100 87.775 3.000 5.837 4.468 3.050 7.582 6.555 4.478 0.603 0.800 0.787 0.292 0.620 0.275 0.000
322.986111 322.986806 944.500 942.450 294.250 295.650 27.050 85.225 3.000 5.978 4.265 2.908 8.247 6.098 4.333 0.775 0.935 0.542 0.555 0.680 0.185 0.000
322.986806 322.987500 944.525 942.475 294.250 295.600 27.050 82.375 3.000 6.278 4.268 2.955 7.783 6.515 4.120 1.093 0.542 0.527 0.758 0.573 0.505 0.000
322.987500 322.988194 944.550 942.475 294.250 295.550 27.000 79.325 3.000 6.230 4.578 2.845 7.318 5.963 4.800 1.158 0.907 0.762 0.745 0.458 0.410 0.000
322.988194 322.988889 944.525 942.500 294.300 295.550 27.000 76.925 3.000 6.627 4.750 2.940 7.625 5.703 4.205 1.120 0.735 0.718 0.938 0.883 0.568 0.000
322.988889 322.989583 944.525 942.500 294.350 295.475 27.000 74.300 3.000 6.345 4.720 3.107 7.260 5.780 4.158 1.035 0.912 0.607 0.745 0.845 0.680 0.000
322.989583 322.990278 944.450 942.475 294.350 295.450 26.950 71.850 3.000 6.480 4.525 2.845 6.670 5.490 3.320 1.067 0.730 0.642 0.990 0.782 0.370 0.000
322.990278 322.990972 944.525 942.475 294.350 295.450 26.950 69.500 3.000 6.147 4.482 3.015 6.340 5.225 3.808 0.870 0.815 0.663 0.810 0.738 0.412 0.000
322.990972 322.991667 944.450 942.400 294.350 295.400 26.900 66.375 3.000 6.045 4.393 2.860 7.070 5.298 3.400 1.045 0.757 0.448 0.600 0.520 0.392 0.000
322.991667 322.992361 944.450 942.450 294.350 295.350 26.950 62.600 3.000 5.813 4.063 2.945 6.280 4.885 3.050 1.112 0.615 0.727 0.950 0.665 0.630 0.000
322.992361 322.993056 944.475 942.425 294.350 295.350 26.950 58.550 3.000 5.715 4.330 2.855 5.883 4.598 3.748 1.090 0.743 0.592 0.965 0.545 0.688 0.000
322.993056 322.993750 944.475 942.400 294.350 295.350 26.950 56.975 3.000 5.998 4.468 2.777 5.572 4.718 3.370 1.037 0.802 0.500 0.560 0.590 0.362 0.000
322.993750 322.994444 944.425 942.375 294.350 295.350 26.925 56.575 3.000 5.848 4.493 3.115 6.662 4.723 2.728 1.185 0.698 0.610 0.430 0.742 0.305 0.000
322.994444 322.995139 944.300 942.275 294.350 295.350 26.900 50.525 3.000 5.398 4.122 2.915 6.152 4.105 2.745 1.040 0.632 0.542 0.797 0.618 0.285 0.000
322.995139 322.995833 944.300 942.325 294.350 295.300 26.925 43.600 3.000 5.985 4.140 2.553 7.237 4.832 2.725 1.218 0.735 0.520 0.778 0.700 0.455 0.000
322.995833 322.996528 944.250 942.225 294.350 295.325 26.925 37.700 3.000 5.485 4.093 2.750 5.078 4.515 2.845 1.350 0.655 0.355 1.078 0.635 0.528 0.000
322.996528 322.997222 944.300 942.300 294.350 295.350 27.000 34.975 3.000 5.050 3.783 2.282 5.625 4.020 2.768 0.978 0.735 0.490 0.860 0.858 0.427 0.000
322.997222 322.997917 944.300 942.250 294.350 295.350 27.000 32.500 3.000 5.340 3.923 2.737 5.880 3.882 3.023 1.185 0.665 0.425 0.652 0.767 0.405 0.000
323.020833 323.021528 944.167 942.033 294.150 295.517 27.300 82.200 3.000 5.327 3.863 2.460 6.770 4.593 3.940 1.163 0.520 0.653 0.077 0.567 0.280 0.000
323.021528 323.022222 944.075 941.975 294.250 295.625 27.150 84.250 3.000 5.213 3.638 2.565 6.512 5.513 3.737 1.080 0.735 0.545 0.422 0.633 0.177 0.000
323.022222 323.022917 944.050 942.000 294.250 295.750 27.100 87.925 3.000 5.500 3.830 2.470 7.690 6.305 4.407 1.132 0.498 0.492 9999.999 0.493 0.077 0.000
323.022917 323.023611 944.075 941.975 294.250 295.875 27.025 91.600 3.000 5.257 3.932 2.530 7.753 5.898 4.718 0.700 0.672 0.555 0.478 0.422 9999.999 0.000
323.023611 323.024306 944.125 942.050 294.250 295.875 27.000 93.250 3.000 5.322 3.787 2.670 7.605 6.348 4.143 1.005 0.738 0.593 0.525 0.600 9999.999 0.000
323.024306 323.025000 944.050 942.050 294.250 295.800 27.000 93.150 3.000 5.405 3.940 2.715 7.558 6.265 4.410 0.845 0.627 0.520 0.555 0.485 0.070 0.000
323.025000 323.025694 944.050 942.000 294.250 295.750 27.000 92.125 3.000 5.045 4.228 2.617 7.450 6.155 4.563 0.958 0.635 0.568 0.565 0.485 0.153 0.000
323.025694 323.026389 944.100 942.050 294.250 295.700 27.025 90.425 3.000 5.328 4.178 2.735 7.033 5.842 4.373 0.880 0.400 0.507 0.705 0.195 9999.999 0.000
323.026389 323.027083 944.100 942.025 294.275 295.650 27.025 88.025 3.000 5.555 3.822 2.620 7.235 5.910 3.815 1.083 0.685 0.425 0.375 0.360 0.348 0.000
323.027083 323.027778 944.225 942.075 294.250 295.625 27.000 85.225 3.000 4.842 3.708 2.515 6.570 5.607 3.675 0.617 0.617 0.622 0.610 0.675 0.145 0.000
323.027778 323.028472 944.125 942.000 294.250 295.575 27.000 82.900 3.000 5.237 4.130 2.598 7.277 4.912 4.292 0.810 0.683 0.445 0.430 0.490 0.277 0.000
323.028472 323.029167 944.100 942.025 294.275 295.550 27.000 80.325 3.000 5.478 3.853 2.560 6.002 4.752 3.798 1.065 0.672 0.547 0.628 0.718 0.230 0.000
323.029167 323.029861 944.100 942.025 294.300 295.550 27.000 78.175 3.000 5.655 3.748 2.505 5.613 5.053 3.925 0.990 0.797 0.635 0.782 0.570 0.188 0.000
323.029861 323.030556 944.075 942.025 294.300 295.550 27.000 76.300 3.000 5.630 3.962 2.465 6.188 5.000 3.710 1.097 0.593 0.398 0.772 0.575 0.375 0.000
323.030556 323.031250 944.025 941.975 294.250 295.450 27.000 73.500 3.000 5.430 3.635 2.668 5.830 4.543 3.363 0.635 0.460 0.510 0.570 0.615 0.308 0.000
323.031250 323.031944 944.100 942.050 294.325 295.450 27.000 70.400 3.000 5.230 3.920 2.385 5.672 4.340 3.537 0.855 0.600 0.393 0.463 0.420 0.358 0.000
323.031944 323.032639 944.025 942.000 294.325 295.450 26.975 65.950 3.000 5.640 3.950 2.627 5.797 4.532 2.867 0.662 0.575 0.440 0.420 0.455 0.363 0.000
323.032639 323.033333 944.025 941.950 294.350 295.450 26.925 63.800 3.000 5.322 3.968 2.715 6.188 4.337 2.758 1.150 0.723 0.452 0.615 0.623 0.628 0.000
323.033333 323.034028 944.000 941.975 294.350 295.450 26.875 65.200 3.000 5.205 3.925 2.265 5.427 4.185 2.818 1.152 0.665 0.528 0.595 0.550 0.328 0.000
