HLM/GB0060R.20060101000000.20181219000000.nephelometer.aerosol_light_scattering_coefficient.pm10.1mo.1mn.TSI_3563_HLM_ref_TSI_3563_HLM_wet..lev0.nas
89 1001 
Andrews, Elisabeth; Jefferson, Anne; Burgos, Maria A.  
US06L, National Oceanic and Atmospheric Administration , NOAA/ESRL/GMD,  "Earth System Research Laboratory, Global Monitoring Division", 325 Broadway, , CO 80305-3, Boulder, U.S.A. 
Burgos, Maria A. 
NOAA-ESRL 
1 1 
2006 01 01 2018 12 19 
0.000000 
Days from the file reference point (start_time) 
21 
1 1 1 1 1 1 1 1 1 1 1 1 1 1 1 1 1 1 1 1 1  
9999.999999 9999.999 9999.999 9999.999 9999.999 9999.999 9999.999 9.999 9999.999 9999.999 9999.999 9999.999 9999.999 9999.999 9999.999 9999.999 9999.999 9999.999 9999.999 9999.999 9.999 
end_time of measurement, days from the file reference point 
pressure, hPa, Location=reference nephelometer internal 
pressure, hPa, Location=humidified nephleometer internal 
temperature, K, Location=reference nephelometer internal 
temperature, K, Location=humidified nephleometer internal 
relative_humidity, %, Location=reference nephelometer internal 
relative_humidity, %, Location=humidified nephleometer internal 
number of wavelengths 
aerosol_light_scattering_coefficient, 1/Mm, Wavelength=450nm, Location=reference nephelometer 
aerosol_light_scattering_coefficient, 1/Mm, Wavelength=450nm, Location=humidified nephleometer, Matrix=pm10_humidified 
aerosol_light_scattering_coefficient, 1/Mm, Wavelength=550nm, Location=reference nephelometer 
aerosol_light_scattering_coefficient, 1/Mm, Wavelength=550nm, Location=humidified nephleometer, Matrix=pm10_humidified 
aerosol_light_scattering_coefficient, 1/Mm, Wavelength=700nm, Location=reference nephelometer 
aerosol_light_scattering_coefficient, 1/Mm, Wavelength=700nm, Location=humidified nephleometer, Matrix=pm10_humidified 
aerosol_light_backscattering_coefficient, 1/Mm, Wavelength=450nm, Location=reference nephelometer 
aerosol_light_backscattering_coefficient, 1/Mm, Wavelength=450nm, Location=humidified nephleometer, Matrix=pm10_humidified 
aerosol_light_backscattering_coefficient, 1/Mm, Wavelength=550nm, Location=reference nephelometer 
aerosol_light_backscattering_coefficient, 1/Mm, Wavelength=550nm, Location=humidified nephleometer, Matrix=pm10_humidified 
aerosol_light_backscattering_coefficient, 1/Mm, Wavelength=700nm, Location=reference nephelometer 
aerosol_light_backscattering_coefficient, 1/Mm, Wavelength=700nm, Location=humidified nephleometer, Matrix=pm10_humidified 
numflag, no unit 
0 
54
Data definition:              EBAS_1.1 
Set type code:                TI 
Station code:                 GB0060R 
Platform code:                GB0060S 
Timezone:                     UTC 
Startdate:                    20061105120200 
Revision date:                20181219000000 
Component:                    aerosol_light_scattering_coefficient 
Unit:                         1/Mm 
Matrix:                       pm10 
Period code:                  1mo 
Resolution code:              1mn 
Sample duration:             1mn 
Laboratory code:              US06L 
Instrument type:              nephelometer 
Instrument manufacturer:      TSI 
Instrument model:             3563 
Instrument name:              TSI_3563_HLM_ref+TSI_3563_HLM_wet 
Method ref:                   US06L_hygro_tandem_neph_CorrData 
Orig. time res.:              1mn 
[...]
Submitter:                    Burgos, Maria A., paul.zieger@aces.su.se, Department of Environmental Science and Analytical Chemistry, ACES,,Frescativägen 54,, SE10691, Stockholm, Sweden 
Data level:                   0 
Version:                      1 
Version description:          raw values, RH sensor correction 
Height AGL:                   10m 
Inlet type:                   Hat or hood 
Inlet description:            Heated, stainless steel, see full description in Delene and Ogren, J. Atmos. Sci, 2002. 
Humidity/temperature control: Humidification 
Humidity/temperature control description: humidogram 
Volume std. temperature:      instrument internal 
Volume std. pressure:         instrument internal 
Detection limit:              0.5 1/Mm 
Detection limit expl.:        Determined by instrument counting statistics, no detection limit flag used 
Measurement uncertainty expl.: Uncertainty analysis described in Burgos et al., 2019 
Zero/negative values code:    zero/negative possible 
Zero/negative values:         zero and neg. values may appear due to statistical variations at very low concentrations  
Standard method:              cal-gas=CO2+AIR_truncation-correction=none 
Acknowledgement:              Request acknowledgement details from data originator 
start_time end_time p_ref_int p_wet_int T_ref_int T_wet_int RH_ref_int RH_wet_int nWav sc450_ref sc550_ref sc700_ref sc450_wet sc550_wet sc700_wet bsc450_ref bsc550_ref bsc700_ref bsc450_wet bsc550_wet bsc700_wet numflag 
[from data line 17626]
336.313889 336.314583 940.825 939.400 298.200 299.950 26.600 93.575 3.000 8.627 8.912 9.332 21.430 23.015 24.808 1.603 1.327 1.103 1.525 2.445 1.753 0.000
336.314583 336.315278 940.725 939.375 298.225 299.950 26.600 93.850 3.000 9.410 8.820 9.055 21.118 22.593 24.685 1.505 1.448 1.360 1.800 2.160 2.260 0.000
336.315278 336.315972 940.725 939.400 298.200 299.950 26.600 93.800 3.000 9.395 8.957 8.965 21.233 22.332 23.933 1.938 1.290 1.435 2.367 2.208 2.052 0.000
336.315972 336.316667 940.725 939.350 298.150 299.950 26.600 93.650 3.000 8.988 8.750 9.105 21.735 22.087 23.890 1.333 1.585 1.462 1.710 2.070 1.985 0.000
336.316667 336.317361 940.750 939.400 298.225 299.950 26.525 93.125 3.000 8.902 9.078 9.042 21.400 21.797 24.045 1.212 1.313 1.368 1.595 1.988 2.195 0.000
336.317361 336.318056 940.675 939.325 298.175 299.900 26.500 92.050 3.000 8.505 8.750 9.105 20.278 20.598 22.848 1.805 1.257 1.452 1.442 2.145 2.468 0.000
336.318056 336.318750 940.725 939.325 298.175 299.850 26.500 90.625 3.000 9.263 8.740 9.107 17.960 19.765 22.008 1.600 1.365 1.320 1.958 2.110 2.285 0.000
336.318750 336.319444 940.675 939.300 298.150 299.850 26.400 88.500 3.000 9.295 9.008 8.442 18.537 20.200 21.868 2.023 1.428 1.070 1.138 2.017 2.053 0.000
336.319444 336.320139 940.650 939.325 298.150 299.775 26.400 86.300 3.000 8.777 8.817 9.447 17.633 19.177 21.063 1.428 1.303 1.420 0.855 1.770 1.813 0.000
336.320139 336.320833 940.625 939.325 298.175 299.750 26.400 84.025 3.000 8.795 8.825 8.630 18.017 17.575 20.208 1.268 1.218 1.117 1.720 1.857 1.768 0.000
336.320833 336.321528 940.600 939.250 298.150 299.700 26.400 81.325 3.000 9.045 8.550 8.760 17.655 17.102 19.795 1.400 1.360 1.305 0.927 1.535 1.940 0.000
336.321528 336.322222 940.575 939.175 298.175 299.650 26.325 78.400 3.000 8.467 8.933 9.047 15.913 16.310 17.885 1.165 1.323 1.232 1.418 1.777 1.888 0.000
336.322222 336.322917 940.600 939.200 298.150 299.650 26.300 75.450 3.000 9.160 8.813 8.572 14.608 14.640 16.282 1.323 1.347 1.275 1.070 1.095 1.533 0.000
336.322917 336.323611 940.500 939.125 298.150 299.550 26.300 72.625 3.000 9.107 8.585 8.958 12.508 13.205 14.208 1.355 1.260 1.330 1.338 1.585 1.303 0.000
336.323611 336.324306 940.625 939.225 298.150 299.550 26.300 69.375 3.000 9.225 8.780 9.125 11.555 12.067 13.205 1.625 1.475 1.208 1.710 1.462 1.365 0.000
336.324306 336.325000 940.575 939.175 298.150 299.475 26.300 66.275 3.000 9.035 8.688 8.787 11.063 10.613 12.005 1.140 1.327 1.360 0.978 1.295 1.462 0.000
336.325000 336.325694 940.625 939.250 298.150 299.450 26.300 62.775 3.000 8.677 9.010 9.020 10.330 10.372 11.273 1.425 1.345 1.180 0.992 1.298 0.920 0.000
336.325694 336.326389 940.550 939.175 298.150 299.425 26.225 58.875 3.000 8.538 8.650 8.440 9.503 9.838 10.510 1.415 1.360 1.402 0.960 1.175 1.097 0.000
336.326389 336.327083 940.625 939.275 298.150 299.350 26.150 55.575 3.000 9.188 8.432 8.777 9.133 9.925 9.758 1.710 1.280 1.127 1.095 1.078 1.307 0.000
336.327083 336.327778 940.600 939.200 298.150 299.350 26.100 52.700 3.000 9.172 8.390 9.105 9.005 9.485 10.005 1.375 1.508 1.443 1.282 1.380 1.205 0.000
336.327778 336.328472 940.725 939.350 298.150 299.300 26.100 49.325 3.000 8.825 8.560 8.602 8.600 8.912 9.573 1.752 1.260 1.313 0.615 1.085 1.160 0.000
336.328472 336.329167 940.650 939.300 298.150 299.250 26.025 46.350 3.000 8.880 8.363 9.117 8.567 9.803 9.760 1.675 1.320 1.255 0.780 1.107 1.083 0.000
336.329167 336.329861 940.525 939.225 298.150 299.250 26.050 44.425 3.000 8.958 8.732 9.173 9.635 9.425 9.530 1.445 1.530 1.275 1.280 1.367 1.225 0.000
336.329861 336.330556 940.500 939.125 298.150 299.200 25.950 42.600 3.000 8.295 8.817 8.878 8.215 9.065 9.693 1.815 1.285 1.685 0.665 1.115 1.227 0.000
336.330556 336.331250 940.400 939.050 298.150 299.150 25.925 41.000 3.000 8.668 8.790 8.515 8.790 9.010 9.553 1.350 1.303 1.290 1.218 1.075 1.533 0.000
336.334722 336.335417 940.700 939.300 297.950 298.850 26.300 37.300 3.000 8.073 8.073 8.073 9.037 9.037 9.037 1.273 1.273 1.273 0.600 0.600 0.600 0.000
336.335417 336.336111 940.625 939.200 297.975 298.875 26.275 36.600 3.000 8.955 8.370 8.648 8.242 9.215 9.412 1.305 1.280 1.293 1.047 1.163 1.105 0.000
336.336111 336.336806 940.525 939.125 298.050 298.925 26.100 35.700 3.000 8.920 8.590 8.855 8.515 8.878 8.942 1.192 1.237 1.448 1.195 1.235 0.887 0.000
336.336806 336.337500 940.550 939.125 298.050 298.925 26.025 35.125 3.000 8.678 8.830 8.473 8.447 9.585 8.917 1.607 1.335 1.465 1.388 1.333 1.505 0.000
336.337500 336.338194 940.525 939.150 297.975 298.850 26.050 34.975 3.000 9.000 8.723 9.112 8.575 8.682 9.685 1.402 1.298 1.208 1.455 1.305 1.495 0.000
336.338194 336.338889 940.575 939.175 297.950 298.900 25.950 36.525 3.000 9.120 8.655 8.537 9.210 9.387 9.530 1.293 1.240 1.290 1.043 1.340 1.260 0.000
336.338889 336.339583 940.575 939.200 297.950 298.900 25.975 38.200 3.000 8.985 8.560 9.027 9.020 8.770 9.435 1.362 1.190 1.168 0.898 1.117 1.115 0.000
336.339583 336.340278 940.600 939.225 297.950 298.950 25.975 43.925 3.000 9.682 8.777 8.652 9.572 9.260 9.477 1.500 1.200 1.355 1.068 1.235 1.403 0.000
336.340278 336.340972 940.600 939.250 297.950 298.950 25.925 45.975 3.000 8.787 8.137 8.650 8.435 9.220 9.738 1.815 1.285 1.430 1.390 1.057 1.285 0.000
336.340972 336.341667 940.575 939.200 297.950 299.025 25.975 50.600 3.000 8.395 8.963 8.615 10.253 10.063 10.425 1.488 1.332 1.300 0.975 0.995 1.023 0.000
336.341667 336.342361 940.675 939.225 297.950 299.050 26.000 55.025 3.000 9.200 8.442 8.755 9.300 10.233 10.317 1.093 1.268 1.242 0.915 1.298 1.253 0.000
336.342361 336.343056 940.675 939.300 297.950 299.050 26.000 56.625 3.000 8.720 8.628 8.602 8.942 9.980 10.180 1.257 1.143 1.085 0.547 1.337 0.945 0.000
336.343056 336.343750 940.600 939.225 297.950 299.050 25.975 58.350 3.000 8.822 8.400 8.697 9.037 9.802 10.448 1.280 1.303 1.362 1.360 1.118 1.297 0.000
336.343750 336.344444 940.625 939.200 297.950 299.050 25.975 59.875 3.000 8.848 8.393 8.322 10.050 9.913 10.310 1.465 1.318 1.405 1.013 1.518 1.252 0.000
336.344444 336.345139 940.650 939.250 297.950 299.050 25.975 59.475 3.000 8.865 8.535 8.675 10.293 10.185 11.192 1.377 1.285 1.415 1.110 1.182 1.185 0.000
336.345139 336.345833 940.750 939.350 297.950 299.125 26.000 61.750 3.000 8.143 8.873 8.707 10.443 11.490 11.657 1.485 1.300 1.368 0.797 1.265 1.193 0.000
336.345833 336.346528 940.700 939.350 297.950 299.200 26.100 65.425 3.000 8.912 8.672 8.700 11.128 12.210 12.775 1.740 1.300 1.440 1.433 1.557 1.618 0.000
336.346528 336.347222 940.675 939.250 297.950 299.250 26.100 68.675 3.000 9.213 8.612 9.002 12.160 12.680 13.440 1.257 1.275 1.263 0.743 1.375 1.270 0.000
336.347222 336.347917 940.725 939.275 297.950 299.350 26.100 71.800 3.000 8.547 8.748 8.980 13.438 14.400 14.650 1.273 1.295 1.363 1.778 1.683 1.790 0.000
336.347917 336.348611 940.750 939.325 297.950 299.400 26.100 80.850 3.000 8.140 8.440 8.507 17.020 18.247 20.828 1.350 1.265 1.380 1.547 1.990 2.273 0.000
336.348611 336.349306 940.725 939.350 297.950 299.200 26.075 76.150 3.000 8.288 8.462 9.025 13.370 14.113 15.838 1.482 1.217 1.252 1.563 1.408 1.678 0.000
336.349306 336.350000 940.700 939.375 297.950 299.100 26.075 66.475 3.000 8.715 8.367 8.357 9.677 10.003 10.808 1.638 1.488 1.317 1.095 1.055 1.408 0.000
336.350000 336.350694 940.550 939.250 297.925 299.050 26.100 57.700 3.000 8.840 8.795 8.442 8.870 9.225 9.960 1.690 1.370 1.418 0.705 1.257 1.243 0.000
336.350694 336.351389 940.600 939.200 297.900 299.025 26.050 50.825 3.000 8.482 8.548 8.640 8.703 9.025 9.152 1.582 1.382 1.273 0.732 1.877 1.333 0.000
336.351389 336.352083 940.650 939.250 297.875 298.950 26.075 46.600 3.000 8.832 8.460 9.015 9.023 8.640 9.660 1.195 1.290 1.402 1.270 0.940 0.965 0.000
336.352083 336.352778 940.650 939.200 297.850 298.950 26.100 46.050 3.000 8.410 8.900 8.518 9.070 9.670 9.660 1.370 1.320 1.310 0.795 1.228 1.110 0.000
336.352778 336.353472 940.675 939.225 297.850 299.050 26.100 54.975 3.000 8.860 8.848 8.460 9.290 9.817 10.167 1.558 1.150 1.245 0.735 1.295 1.623 0.000
336.353472 336.354167 940.675 939.200 297.850 299.125 26.100 65.750 3.000 8.572 8.793 8.508 12.610 13.133 13.315 1.068 1.335 1.325 1.350 1.303 1.450 0.000
336.354167 336.354861 940.625 939.200 297.850 299.225 26.100 74.550 3.000 8.950 8.443 8.425 15.920 16.907 18.722 1.248 1.317 1.142 1.715 1.882 2.077 0.000
336.354861 336.355556 940.700 939.225 297.850 299.300 26.125 80.500 3.000 8.688 8.973 8.768 17.627 17.980 19.893 0.985 1.428 1.160 1.800 1.770 2.032 0.000
336.355556 336.356250 940.700 939.250 297.850 299.350 26.100 84.425 3.000 9.023 8.643 8.705 18.418 19.333 21.530 1.293 1.422 1.263 2.018 2.023 2.135 0.000
336.356250 336.356944 940.650 939.225 297.850 299.350 26.125 86.925 3.000 8.352 8.940 8.962 19.258 20.113 22.113 1.475 1.367 1.078 1.793 1.873 2.080 0.000
336.356944 336.357639 940.575 939.150 297.850 299.375 26.100 87.775 3.000 9.115 8.518 8.945 18.075 19.133 21.555 1.418 1.563 1.422 1.888 2.197 1.982 0.000
336.357639 336.358333 940.600 939.200 297.850 299.425 26.100 87.975 3.000 8.647 8.740 8.950 18.877 19.655 21.380 1.550 1.468 1.440 1.215 2.012 2.127 0.000
336.358333 336.359028 940.475 939.050 297.850 299.400 26.100 87.600 3.000 8.678 8.630 9.040 18.143 19.282 21.340 1.800 1.432 1.250 1.700 1.643 1.840 0.000
336.359028 336.359722 940.500 939.100 297.850 299.350 26.075 86.375 3.000 8.795 8.535 9.093 16.697 18.602 20.920 1.363 1.222 1.353 1.478 1.913 2.155 0.000
336.359722 336.360417 940.450 939.050 297.850 299.350 26.000 84.525 3.000 8.545 8.405 9.050 17.908 18.047 20.875 1.737 1.462 1.303 1.375 1.855 2.095 0.000
336.360417 336.361111 940.450 939.000 297.850 299.350 26.000 82.575 3.000 8.727 8.413 9.022 16.222 17.400 19.863 1.365 1.290 1.435 1.390 1.543 2.005 0.000
336.361111 336.361806 940.450 939.000 297.850 299.350 26.000 80.325 3.000 8.848 8.662 8.583 15.310 17.130 19.253 1.340 1.420 1.285 1.448 1.567 1.820 0.000
336.361806 336.362500 940.450 939.025 297.850 299.325 26.050 78.325 3.000 8.857 8.762 8.598 15.545 16.142 17.540 1.475 1.205 1.243 1.612 1.612 2.065 0.000
336.362500 336.363194 940.500 939.050 297.850 299.275 26.050 75.750 3.000 8.510 8.668 8.800 13.845 14.282 15.837 1.490 1.350 1.510 1.550 1.543 1.560 0.000
336.363194 336.363889 940.450 938.975 297.850 299.250 26.025 72.775 3.000 8.568 8.560 9.050 11.295 12.573 13.565 1.425 1.400 1.543 1.493 1.242 1.415 0.000
336.363889 336.364583 940.525 939.050 297.850 299.250 26.000 69.750 3.000 9.130 8.657 9.008 11.342 11.980 12.557 1.813 1.410 1.323 1.095 1.453 1.188 0.000
336.364583 336.365278 940.575 939.100 297.850 299.200 26.000 66.725 3.000 9.105 8.733 9.098 9.765 10.313 10.850 1.367 1.322 1.363 1.265 1.200 1.415 0.000
336.365278 336.365972 940.525 939.100 297.850 299.150 26.075 63.675 3.000 8.907 8.910 8.915 9.863 10.498 10.335 1.435 1.430 1.293 1.015 1.217 1.077 0.000
336.365972 336.366667 940.550 939.125 297.850 299.150 26.025 61.175 3.000 9.247 9.185 8.957 9.432 10.285 10.758 1.323 1.288 1.333 0.633 1.165 1.337 0.000
336.366667 336.367361 940.525 939.075 297.850 299.150 26.050 58.575 3.000 8.897 8.865 8.892 9.370 9.970 10.395 1.775 1.398 1.482 0.910 1.158 1.212 0.000
336.367361 336.368056 940.425 938.975 297.850 299.100 26.025 56.100 3.000 9.170 8.957 9.313 8.948 9.855 9.973 1.618 1.263 1.223 0.737 1.270 1.120 0.000
336.368056 336.368750 940.425 939.000 297.850 299.075 26.000 53.800 3.000 9.570 8.835 9.012 8.688 9.580 10.210 1.410 1.220 1.345 1.455 1.028 1.263 0.000
336.368750 336.369444 940.600 939.100 297.850 299.050 25.950 51.475 3.000 9.197 8.455 9.005 8.978 9.430 10.070 1.422 1.432 1.245 0.960 1.398 1.337 0.000
336.369444 336.370139 940.425 939.000 297.850 299.050 25.975 47.500 3.000 8.672 8.918 9.128 10.070 8.947 9.710 1.565 1.412 1.402 0.802 1.423 1.200 0.000
336.370139 336.370833 940.475 939.050 297.850 299.000 25.950 44.500 3.000 8.915 8.798 8.713 9.225 9.130 9.610 1.380 1.205 1.263 1.555 1.163 1.513 0.000
336.370833 336.371528 940.575 939.150 297.850 298.950 26.025 42.875 3.000 9.383 8.742 8.935 9.422 9.047 9.877 1.693 1.320 1.335 1.268 1.453 1.422 0.000
336.371528 336.372222 940.525 939.075 297.850 298.950 26.000 41.450 3.000 8.678 8.725 8.992 9.120 8.843 9.692 1.590 1.313 1.403 1.343 1.085 0.892 0.000
336.372222 336.372917 940.525 939.050 297.850 298.950 25.900 40.100 3.000 9.155 8.675 9.025 9.480 8.980 9.467 2.027 1.520 1.607 1.498 1.320 1.120 0.000
336.376389 336.377083 940.700 939.300 297.350 298.350 26.600 37.100 3.000 9.597 9.597 9.597 10.067 10.067 10.067 1.413 1.413 1.413 0.873 0.873 0.873 0.000
336.377083 336.377778 940.550 939.175 297.350 298.325 26.425 36.375 3.000 9.002 8.955 9.113 9.890 9.870 10.080 1.445 1.403 1.455 1.293 1.370 1.428 0.000
336.377778 336.378472 940.500 939.100 297.275 298.250 26.400 35.775 3.000 9.508 8.825 9.203 9.198 9.750 9.970 1.248 1.245 1.490 1.500 1.113 1.160 0.000
336.378472 336.379167 940.600 939.200 297.275 298.250 26.475 35.275 3.000 9.223 8.940 8.928 9.110 9.343 10.118 1.380 1.307 1.525 1.337 1.243 1.495 0.000
336.379167 336.379861 940.500 939.100 297.350 298.250 26.550 34.925 3.000 9.670 9.203 9.265 8.625 9.735 9.650 1.653 1.298 1.405 1.293 1.425 1.268 0.000
336.379861 336.380556 940.500 939.100 297.350 298.250 26.600 34.600 3.000 8.690 8.690 8.690 9.987 9.987 9.987 1.360 1.360 1.360 1.423 1.423 1.423 0.000
