YOS/US9042R.20020101000000.20181217000000.nephelometer.aerosol_light_scattering_coefficient.pm25.1y.2mn.Rad_Research_ref_Rad_Research_wet..lev1.nas
79 1001 
Day, Derek; Burgos, Maria A.  
US11L, Cooperative Institute for Research in the Atmosphere, , Colorado State University, ,,,Fort Collins, USA 
Burgos, Maria A. 
IMPROVE 
1 1 
2002 01 01 2018 12 17 
0.000 
Days from the file reference point (start_time) 
12 
1 1 1 1 1 1 1 1 1 1 1 1  
9999.999999 9999.999 9999.999 9999.999 9999.999 9999.999 9999.999 9.999 9999.999 9999.999 999.999 9.999 
end_time of measurement, days from the file reference point 
pressure, hPa, Location=reference nephelometer internal 
pressure, hPa, Location=humidified nephleometer internal 
temperature, K, Location=reference nephelometer internal 
temperature, K, Location=humidified nephleometer internal 
relative_humidity, %, Location=reference nephelometer internal 
relative_humidity, %, Location=humidified nephleometer internal 
number of wavelengths 
aerosol_light_scattering_coefficient, 1/Mm, Wavelength=530nm, Location=reference nephelometer 
aerosol_light_scattering_coefficient, 1/Mm, Wavelength=530nm, Location=humidified nephleometer, Matrix=pm25_humidified 
aerosol_light_scattering_enhancement_factor, no unit, Wavelength=550nm, Matrix=aerosol_humidified, RH base max=40% 
numflag, no unit 
0 
53
Data definition:              EBAS_1.1 
Set type code:                TI 
Station code:                 US9042R 
Platform code:                US9042S 
Timezone:                     UTC 
Startdate:                    20020714000000 
Revision date:                20181217000000 
Component:                    aerosol_light_scattering_coefficient 
Unit:                         1/Mm 
Matrix:                       pm25 
Period code:                  1y 
Resolution code:              2mn 
Sample duration:              1mn 
Laboratory code:              US11L 
Instrument type:              nephelometer 
Instrument manufacturer:      Radiance-Research 
Instrument model:             M903 
Instrument name:              Rad_Research_ref+Rad_Research_wet 
Method ref:                   US11L_hygro_tandem_neph_CorrData 
Orig. time res.:              1mn 
File name:                    US9042R.20020101000000.20181217000000.nephelometer.aerosol_light_scattering_coefficient.pm25.1y.2mn.Rad_Research_ref_Rad_Research_wet..lev1.nas 
File creation:                20181217000000 
Station GAW-Name:             Yosemite 
Station GAW-ID:               YOS 
Measurement latitude:         37.71 
Measurement longitude:        -119.7 
Measurement altitude:         1625m 
Station latitude:            37.71 
Station longitude:           -119.7 
Station altitude:            1615m 
Station land use:            Remote park 
Station setting:              Mountain 
Station WMO region:           4 
Originator:                   Day, Derek, Derek.Day@colostate.edu, Cooperative Institute for Research in the Atmosphere, , Colorado State University, ,,,Fort Collins, USA 
Originator:                   Burgos, Maria A., paul.zieger@aces.su.se, Department of Environmental Science and Analytical Chemistry, ACES,,Frescativägen 54,, SE10691, Stockholm, Sweden 
Submitter:                    Burgos, Maria A., paul.zieger@aces.su.se, Department of Environmental Science and Analytical Chemistry, ACES,,Frescativägen 54,, SE10691, Stockholm, Sweden 
Data level:                   1 
Version:                      1 
Version description:          "corrected values: data screening + truncation, STP, and losses corrections" 
Height AGL:                   10m 
Inlet type:                   Cyclone 
Humidity/temperature control: Humidification 
Humidity/temperature control description: humidogram 
Volume std. temperature:       273.15 K 
Volume std. pressure:         1013.25 hPa 
Detection limit:              0.5 1/Mm 
Detection limit expl.:        Determined by instrument counting statistics, no detection limit flag used 
Measurement uncertainty expl.: Uncertainty analysis described in Burgos et al., 2019 
Zero/negative values code:    zero/negative possible 
Zero/negative values:         zero and neg. values may appear due to statistical variations at very low concentrations  
Standard method:              cal-gas=CO2+AIR_truncation-correction=Anderson1998 
Acknowledgement:              Request acknowledgement details from data originator 
start_time end_time p_ref_int p_wet_int T_ref_int T_wet_int RH_ref_int RH_wet_int nWav sc530_ref sc530_wet frh530_total numflag 
[from data line 28254]
233.241667 233.242361 833.000 833.000 21.680 22.100 8.600 6.302 1.000 65.459 63.640 0.972 0.000
233.243056 233.243750 833.000 833.000 21.670 22.080 8.600 6.299 1.000 64.736 63.475 0.981 0.000
233.243750 233.244444 833.000 833.000 21.660 22.060 8.600 6.302 1.000 64.255 63.953 0.995 0.000
233.245833 233.246528 833.000 833.000 21.630 22.050 8.590 6.305 1.000 64.244 63.219 0.984 0.000
233.246528 233.247222 833.000 833.000 21.620 22.030 8.590 6.310 1.000 64.440 63.518 0.986 0.000
233.248611 233.249306 833.000 833.000 21.600 22.010 8.580 6.319 1.000 64.777 63.567 0.981 0.000
233.250000 233.250694 833.000 833.000 21.580 22.000 8.580 6.327 1.000 65.075 62.139 0.955 0.000
233.250694 233.251389 833.000 833.000 21.570 21.980 8.580 6.338 1.000 65.415 63.597 0.972 0.000
233.252778 233.253472 833.000 833.000 21.550 21.960 8.580 6.351 1.000 65.394 62.487 0.956 0.000
233.253472 233.254167 833.000 833.000 21.540 21.940 8.570 6.365 1.000 65.254 63.766 0.977 0.000
233.255556 233.256250 833.000 833.000 21.520 21.930 8.560 6.376 1.000 65.225 63.497 0.973 0.000
233.256250 233.256944 833.000 833.000 21.500 21.910 8.570 6.382 1.000 65.117 63.011 0.968 0.000
233.258333 233.259028 833.000 833.000 21.480 21.900 8.560 6.389 1.000 64.737 62.795 0.970 0.000
233.259028 233.259722 833.000 833.000 21.470 21.880 8.570 6.395 1.000 64.642 62.096 0.961 0.000
233.261111 233.261806 833.000 833.000 21.450 21.860 8.550 6.400 1.000 64.557 63.197 0.979 0.000
233.261806 233.262500 833.000 833.000 21.430 21.840 8.550 6.401 1.000 64.168 63.477 0.989 0.000
233.263889 233.264583 833.000 833.000 21.410 21.820 8.540 6.395 1.000 64.119 63.473 0.990 0.000
233.264583 233.265278 833.000 833.000 21.400 21.810 8.540 6.391 1.000 64.374 63.596 0.988 0.000
233.266667 233.267361 833.000 833.000 21.380 21.790 8.540 6.382 1.000 64.167 62.398 0.972 0.000
233.267361 233.268056 833.000 833.000 21.360 21.770 8.530 6.379 1.000 64.089 62.215 0.971 0.000
233.269444 233.270139 833.000 833.000 21.340 21.750 8.530 6.374 1.000 64.243 62.496 0.973 0.000
233.270139 233.270833 833.000 833.000 21.320 21.730 8.530 6.372 1.000 64.224 61.904 0.964 0.000
233.272222 233.272917 833.000 833.000 21.300 21.710 8.530 6.372 1.000 64.108 62.416 0.974 0.000
233.272917 233.273611 833.000 833.000 21.280 21.690 8.520 6.373 1.000 64.216 61.771 0.962 0.000
233.275000 233.275694 833.000 833.000 21.260 21.670 8.530 6.375 1.000 64.054 61.784 0.965 0.000
233.275694 233.276389 833.000 833.000 21.240 21.660 8.520 6.375 1.000 64.207 63.314 0.986 0.000
233.277778 233.278472 833.000 833.000 21.220 21.640 8.520 6.376 1.000 64.115 63.470 0.990 0.000
233.278472 233.279167 833.000 833.000 21.200 21.620 8.520 6.377 1.000 63.879 62.896 0.985 0.000
233.280556 233.281250 833.000 833.000 21.180 21.600 8.520 6.382 1.000 63.756 62.535 0.981 0.000
233.281944 233.282639 833.000 833.000 21.160 21.580 8.510 6.388 1.000 63.843 62.086 0.972 0.000
233.283333 233.284028 833.000 833.000 21.140 21.560 8.510 6.390 1.000 63.485 61.423 0.968 0.000
233.284722 233.285417 833.000 833.000 21.130 21.540 8.510 6.395 1.000 63.454 63.057 0.994 0.000
233.285417 233.286111 833.000 833.000 21.110 21.520 8.510 6.402 1.000 63.205 61.326 0.970 0.000
233.287500 233.288194 833.000 833.000 21.100 21.510 8.500 6.406 1.000 63.030 61.804 0.981 0.000
233.288194 233.288889 833.000 833.000 21.080 21.490 8.510 6.408 1.000 62.767 62.726 0.999 0.000
233.290278 233.290972 833.000 833.000 21.060 21.470 8.510 6.402 1.000 63.099 61.476 0.974 0.000
233.291667 233.292361 833.000 833.000 21.040 21.450 8.510 6.401 1.000 63.252 62.504 0.988 0.000
233.292361 233.293056 833.000 833.000 21.020 21.440 8.510 6.396 1.000 63.557 63.035 0.992 0.000
233.294444 233.295139 833.000 833.000 21.000 21.420 8.510 6.388 1.000 63.501 62.924 0.991 0.000
233.295139 233.295833 833.000 833.000 20.990 21.400 8.510 6.377 1.000 63.388 62.190 0.981 0.000
233.297222 233.297917 833.000 833.000 20.970 21.390 8.510 6.362 1.000 62.779 61.904 0.986 0.000
233.297917 233.298611 833.000 833.000 20.950 21.370 8.510 6.347 1.000 62.349 61.152 0.981 0.000
233.300000 233.300694 833.000 833.000 20.940 21.350 8.510 6.332 1.000 62.177 61.575 0.990 0.000
233.300694 233.301389 833.000 833.000 20.930 21.330 8.500 6.318 1.000 61.981 60.575 0.977 0.000
233.302778 233.303472 833.000 833.000 20.910 21.320 8.510 6.308 1.000 62.181 60.768 0.977 0.000
233.303472 233.304167 833.000 833.000 20.890 21.300 8.520 6.300 1.000 62.563 60.462 0.966 0.000
233.305556 233.306250 833.000 833.000 20.880 21.290 8.520 6.295 1.000 62.518 59.428 0.951 0.000
233.306250 233.306944 833.000 833.000 20.860 21.270 8.520 6.290 1.000 62.420 60.616 0.971 0.000
233.308333 233.309028 833.000 833.000 20.850 21.250 8.530 6.285 1.000 62.421 61.768 0.990 0.000
233.309028 233.309722 833.000 833.000 20.840 21.240 8.530 6.272 1.000 62.043 60.734 0.979 0.000
233.311111 233.311806 833.000 833.000 20.820 21.220 8.540 6.259 1.000 61.581 60.979 0.990 0.000
233.311806 233.312500 833.000 833.000 20.800 21.210 8.540 6.251 1.000 61.456 60.248 0.980 0.000
233.313889 233.314583 833.000 833.000 20.790 21.200 8.540 6.247 1.000 61.270 60.228 0.983 0.000
233.314583 233.315278 833.000 833.000 20.780 21.180 8.550 6.245 1.000 61.313 61.131 0.997 0.000
233.316667 233.317361 833.000 833.000 20.760 21.170 8.550 6.253 1.000 61.296 59.510 0.971 0.000
233.317361 233.318056 833.000 833.000 20.750 21.150 8.560 6.254 1.000 61.346 61.462 1.002 0.000
233.319444 233.320139 833.000 833.000 20.740 21.140 8.560 6.257 1.000 61.295 60.393 0.985 0.000
233.320139 233.320833 833.000 833.000 20.720 21.130 8.570 6.260 1.000 61.191 59.378 0.970 0.000
233.322222 233.322917 833.000 833.000 20.720 21.110 8.570 6.261 1.000 61.083 60.174 0.985 0.000
233.323611 233.324306 833.000 833.000 20.710 21.100 8.580 6.261 1.000 60.941 61.238 1.005 0.000
233.325000 233.325694 833.000 833.000 20.690 21.090 8.590 6.261 1.000 61.103 58.801 0.962 0.000
233.326389 233.327083 833.000 833.000 20.680 21.070 8.590 6.258 1.000 61.069 58.388 0.956 0.000
233.327083 233.327778 833.000 833.000 20.670 21.060 8.600 6.254 1.000 60.965 58.635 0.962 0.000
233.329167 233.329861 833.000 833.000 20.660 21.050 8.610 6.256 1.000 60.879 58.669 0.964 0.000
233.329861 233.330556 833.000 833.000 20.650 21.040 8.620 6.256 1.000 60.839 60.071 0.987 0.000
233.331944 233.332639 833.000 833.000 20.640 21.030 8.620 6.255 1.000 60.428 59.002 0.976 0.000
233.333333 233.334028 833.000 833.000 20.630 21.020 8.630 6.259 1.000 60.282 59.178 0.982 0.000
233.334028 233.334722 833.000 833.000 20.620 21.010 8.640 6.266 1.000 60.294 58.750 0.974 0.000
233.335417 233.336111 833.000 833.000 20.620 21.000 8.650 6.276 1.000 60.555 59.654 0.985 0.000
233.337500 233.338194 833.000 833.000 20.600 20.990 8.660 6.293 1.000 60.942 58.834 0.965 0.000
233.338889 233.339583 833.000 833.000 20.600 20.980 8.670 6.315 1.000 61.143 59.721 0.977 0.000
233.339583 233.340278 833.000 833.000 20.590 20.970 8.680 6.344 1.000 61.078 59.470 0.974 0.000
233.340972 233.341667 833.000 833.000 20.580 20.970 8.700 6.371 1.000 61.069 59.115 0.968 0.000
233.343056 233.343750 833.000 833.000 20.570 20.950 8.700 6.393 1.000 60.917 58.862 0.966 0.000
233.344444 233.345139 833.000 833.000 20.560 20.950 8.710 6.419 1.000 60.558 59.111 0.976 0.000
233.345139 233.345833 833.000 833.000 20.550 20.940 8.730 6.444 1.000 60.452 57.918 0.958 0.000
233.346528 233.347222 833.000 833.000 20.550 20.930 8.740 6.470 1.000 60.531 58.378 0.964 0.000
233.348611 233.349306 833.000 833.000 20.540 20.920 8.750 6.484 1.000 60.212 60.561 1.006 0.000
233.350000 233.350694 833.000 833.000 20.540 20.920 8.770 6.496 1.000 59.858 59.531 0.995 0.000
233.350694 233.351389 833.000 833.000 20.530 20.910 8.780 6.506 1.000 59.759 58.605 0.981 0.000
233.352083 233.352778 833.000 833.000 20.530 20.900 8.800 6.512 1.000 59.478 58.408 0.982 0.000
233.354167 233.354861 833.000 833.000 20.530 20.900 8.820 6.518 1.000 59.470 58.941 0.991 0.000
233.355556 233.356250 833.000 833.000 20.520 20.890 8.840 6.525 1.000 59.665 58.637 0.983 0.000
233.356250 233.356944 833.000 833.000 20.520 20.890 8.860 6.529 1.000 59.951 58.104 0.969 0.000
233.357639 233.358333 833.000 833.000 20.510 20.890 8.890 6.536 1.000 59.898 59.383 0.991 0.000
233.359722 233.360417 833.000 833.000 20.510 20.880 8.920 6.540 1.000 60.107 58.599 0.975 0.000
233.361111 233.361806 833.000 833.000 20.510 20.880 8.940 6.545 1.000 60.142 58.297 0.969 0.000
233.361806 233.362500 833.000 833.000 20.510 20.880 8.970 6.554 1.000 60.593 58.386 0.964 0.000
233.363194 233.363889 833.000 833.000 20.500 20.880 9.000 6.564 1.000 60.547 59.807 0.988 0.000
233.365278 233.365972 833.000 833.000 20.510 20.870 9.020 6.573 1.000 60.879 59.574 0.979 0.000
233.366667 233.367361 833.000 833.000 20.510 20.870 9.050 6.584 1.000 60.984 58.189 0.954 0.000
233.368056 233.368750 833.000 833.000 20.510 20.870 9.070 6.604 1.000 61.034 57.674 0.945 0.000
233.368750 233.369444 833.000 833.000 20.510 20.870 9.100 6.625 1.000 60.866 60.160 0.988 0.000
233.370139 233.370833 833.000 833.000 20.510 20.870 9.130 6.642 1.000 61.118 60.764 0.994 0.000
233.372222 233.372917 833.000 833.000 20.510 20.870 9.150 6.660 1.000 61.128 60.924 0.997 0.000
233.373611 233.374306 833.000 833.000 20.510 20.870 9.170 6.678 1.000 61.412 59.716 0.972 0.000
233.375000 233.375694 833.000 833.000 20.510 20.880 9.190 6.689 1.000 61.797 59.576 0.964 0.000
233.375694 233.376389 833.000 833.000 20.520 20.880 9.210 6.701 1.000 61.882 60.589 0.979 0.000
233.377083 233.377778 833.000 833.000 20.520 20.880 9.230 6.715 1.000 61.826 59.789 0.967 0.000
233.379167 233.379861 833.000 833.000 20.530 20.880 9.250 6.734 1.000 62.062 60.500 0.975 0.000
233.380556 233.381250 833.000 833.000 20.530 20.880 9.270 6.749 1.000 62.007 59.505 0.960 0.000
233.381250 233.381944 833.000 833.000 20.540 20.890 9.290 6.770 1.000 61.921 58.601 0.946 0.000
233.382639 233.383333 833.000 833.000 20.540 20.890 9.320 6.795 1.000 61.635 59.170 0.960 0.000
233.384722 233.385417 833.000 833.000 20.550 20.900 9.350 6.812 1.000 61.482 59.278 0.964 0.000
233.386111 233.386806 833.000 833.000 20.550 20.900 9.380 6.832 1.000 61.469 59.793 0.973 0.000
233.386806 233.387500 833.000 833.000 20.560 20.910 9.420 6.856 1.000 61.425 60.435 0.984 0.000
233.388194 233.388889 833.000 833.000 20.560 20.910 9.450 6.882 1.000 61.482 60.186 0.979 0.000
233.390278 233.390972 833.000 833.000 20.570 20.920 9.490 6.906 1.000 61.921 59.176 0.956 0.000
233.391667 233.392361 833.000 833.000 20.580 20.920 9.550 6.928 1.000 62.041 60.011 0.967 0.000
233.392361 233.393056 833.000 833.000 20.590 20.930 9.590 6.953 1.000 62.099 59.586 0.960 0.000
233.393750 233.394444 833.000 833.000 20.590 20.940 9.650 6.985 1.000 62.415 60.494 0.969 0.000
233.395833 233.396528 833.000 833.000 20.600 20.950 9.710 7.020 1.000 62.683 60.692 0.968 0.000
233.397222 233.397917 833.000 833.000 20.610 20.960 9.780 7.060 1.000 63.430 60.694 0.957 0.000
233.397917 233.398611 833.000 833.000 20.620 20.960 9.840 7.110 1.000 64.782 60.854 0.939 0.000
233.399306 233.400000 833.000 833.000 20.630 20.970 9.880 7.150 1.000 66.131 62.615 0.947 0.000
233.401389 233.402083 833.000 833.000 20.640 20.980 9.930 7.190 1.000 67.316 63.985 0.951 0.000
233.402778 233.403472 833.000 833.000 20.650 21.000 9.950 7.240 1.000 68.281 63.101 0.924 0.000
233.403472 233.404167 833.000 833.000 20.670 21.010 9.980 7.300 1.000 68.616 64.845 0.945 0.000
233.404861 233.405556 833.000 833.000 20.680 21.020 9.960 7.360 1.000 68.543 66.713 0.973 0.000
233.406944 233.407639 833.000 833.000 20.700 21.030 9.960 7.420 1.000 68.238 67.870 0.995 0.000
233.408333 233.409028 833.000 833.000 20.710 21.040 9.940 7.480 1.000 68.322 65.847 0.964 0.000
233.409722 233.410417 833.000 833.000 20.730 21.060 9.920 7.540 1.000 68.753 65.851 0.958 0.000
233.410417 233.411111 833.000 833.000 20.740 21.070 9.910 7.590 1.000 69.261 66.351 0.958 0.000
233.411806 233.412500 833.000 833.000 20.760 21.090 9.880 7.650 1.000 70.433 66.213 0.940 0.000
233.413889 233.414583 833.000 833.000 20.780 21.110 9.880 7.700 1.000 71.767 69.169 0.964 0.000
233.415278 233.415972 833.000 833.000 20.790 21.120 9.860 7.760 1.000 73.224 69.829 0.954 0.000
233.416667 233.417361 833.000 833.000 20.810 21.140 9.860 7.820 1.000 74.695 70.829 0.948 0.000
233.417361 233.418056 833.000 833.000 20.830 21.160 9.860 7.870 1.000 76.586 71.403 0.932 0.000
233.418750 233.419444 833.000 833.000 20.850 21.180 9.880 7.930 1.000 77.859 72.261 0.928 0.000
233.420833 233.421528 833.000 833.000 20.870 21.200 9.890 7.990 1.000 78.548 74.649 0.950 0.000
233.422222 233.422917 833.000 833.000 20.900 21.220 9.920 8.040 1.000 79.205 76.326 0.964 0.000
233.422917 233.423611 833.000 833.000 20.920 21.240 9.930 8.100 1.000 79.515 77.576 0.976 0.000
233.424306 233.425000 833.000 833.000 20.940 21.260 9.950 8.160 1.000 79.284 77.759 0.981 0.000
233.426389 233.427083 833.000 833.000 20.960 21.280 9.980 8.200 1.000 78.820 77.426 0.982 0.000
233.427778 233.428472 833.000 833.000 20.990 21.300 10.010 8.250 1.000 79.064 78.001 0.987 0.000
233.428472 233.429167 833.000 833.000 21.010 21.320 10.050 8.290 1.000 78.524 76.992 0.980 0.000
233.429861 233.430556 833.000 833.000 21.030 21.350 10.090 8.330 1.000 78.166 77.035 0.986 0.000
233.431944 233.432639 833.000 833.000 21.060 21.370 10.120 8.380 1.000 77.819 77.859 1.001 0.000
233.433333 233.434028 833.000 833.000 21.080 21.400 10.160 8.460 1.000 77.216 77.476 1.003 0.000
233.434028 233.434722 833.000 833.000 21.110 21.420 10.200 8.550 1.000 75.695 75.541 0.998 0.000
233.435417 233.436111 833.000 833.000 21.140 21.440 10.240 8.650 1.000 74.822 74.888 1.001 0.000
233.437500 233.438194 833.000 833.000 21.160 21.470 10.280 8.850 1.000 74.024 74.842 1.011 0.000
233.438889 233.439583 833.000 833.000 21.190 21.500 10.310 9.280 1.000 73.694 72.642 0.986 0.000
233.439583 233.440278 833.000 833.000 21.220 21.520 10.350 10.020 1.000 73.890 71.757 0.971 0.000
233.440972 233.441667 833.000 833.000 21.250 21.550 10.380 11.080 1.000 75.044 72.779 0.970 0.000
233.443056 233.443750 833.000 833.000 21.270 21.580 10.430 12.870 1.000 75.791 71.416 0.942 0.000
233.444444 233.445139 833.000 833.000 21.300 21.610 10.460 15.260 1.000 76.745 72.207 0.941 0.000
233.445139 233.445833 833.000 833.000 21.340 21.640 10.500 17.830 1.000 77.616 74.654 0.962 0.000
233.446528 233.447222 833.000 833.000 21.370 21.670 10.530 20.250 1.000 78.337 73.593 0.939 0.000
233.448611 233.449306 833.000 833.000 21.400 21.700 10.560 22.480 1.000 78.489 75.506 0.962 0.000
233.450000 233.450694 833.000 833.000 21.440 21.740 10.580 24.540 1.000 78.916 76.015 0.963 0.000
233.451389 233.452083 833.000 833.000 21.470 21.770 10.610 26.350 1.000 78.974 77.021 0.975 0.000
233.452083 233.452778 833.000 833.000 21.510 21.810 10.650 27.910 1.000 78.739 79.223 1.006 0.000
233.453472 233.454167 833.000 833.000 21.550 21.840 10.680 29.390 1.000 79.050 77.110 0.975 0.000
233.455556 233.456250 833.000 833.000 21.580 21.880 10.710 30.700 1.000 79.176 76.586 0.967 0.000
233.456944 233.457639 833.000 833.000 21.620 21.910 10.720 31.510 1.000 78.884 77.556 0.983 0.000
233.458333 233.459028 833.000 833.000 21.660 21.950 10.740 32.170 1.000 78.665 77.959 0.991 0.000
233.459028 233.459722 833.000 833.000 21.690 21.990 10.770 33.010 1.000 78.450 77.845 0.992 0.000
233.460417 233.461111 833.000 833.000 21.730 22.020 10.780 34.320 1.000 77.544 77.603 1.001 0.000
233.462500 233.463194 833.000 833.000 21.770 22.060 10.810 35.910 1.000 77.274 76.847 0.994 0.000
233.463889 233.464583 833.000 833.000 21.810 22.100 10.830 36.980 1.000 77.365 77.410 1.001 0.000
233.464583 233.465278 833.000 833.000 21.860 22.140 10.830 37.020 1.000 77.172 77.813 1.008 0.000
233.465972 233.466667 833.000 833.000 21.890 22.170 10.830 36.860 1.000 77.169 77.303 1.002 0.000
233.468056 233.468750 833.000 833.000 21.940 22.220 10.840 37.260 1.000 77.173 75.693 0.981 0.000
233.469444 233.470139 833.000 833.000 21.980 22.260 10.850 38.260 1.000 76.994 75.435 0.980 0.000
