YOS/US9042R.20020101000000.20181217000000.nephelometer.aerosol_light_scattering_coefficient.pm25.1y.2mn.Rad_Research_ref_Rad_Research_wet..lev1.nas
79 1001 
Day, Derek; Burgos, Maria A.  
US11L, Cooperative Institute for Research in the Atmosphere, , Colorado State University, ,,,Fort Collins, USA 
Burgos, Maria A. 
IMPROVE 
1 1 
2002 01 01 2018 12 17 
0.000 
Days from the file reference point (start_time) 
12 
1 1 1 1 1 1 1 1 1 1 1 1  
9999.999999 9999.999 9999.999 9999.999 9999.999 9999.999 9999.999 9.999 9999.999 9999.999 999.999 9.999 
end_time of measurement, days from the file reference point 
pressure, hPa, Location=reference nephelometer internal 
pressure, hPa, Location=humidified nephleometer internal 
temperature, K, Location=reference nephelometer internal 
temperature, K, Location=humidified nephleometer internal 
relative_humidity, %, Location=reference nephelometer internal 
relative_humidity, %, Location=humidified nephleometer internal 
number of wavelengths 
aerosol_light_scattering_coefficient, 1/Mm, Wavelength=530nm, Location=reference nephelometer 
aerosol_light_scattering_coefficient, 1/Mm, Wavelength=530nm, Location=humidified nephleometer, Matrix=pm25_humidified 
aerosol_light_scattering_enhancement_factor, no unit, Wavelength=550nm, Matrix=aerosol_humidified, RH base max=40% 
numflag, no unit 
0 
53
Data definition:              EBAS_1.1 
Set type code:                TI 
Station code:                 US9042R 
Platform code:                US9042S 
Timezone:                     UTC 
Startdate:                    20020714000000 
Revision date:                20181217000000 
Component:                    aerosol_light_scattering_coefficient 
Unit:                         1/Mm 
Matrix:                       pm25 
Period code:                  1y 
Resolution code:              2mn 
Sample duration:              1mn 
Laboratory code:              US11L 
Instrument type:              nephelometer 
Instrument manufacturer:      Radiance-Research 
Instrument model:             M903 
Instrument name:              Rad_Research_ref+Rad_Research_wet 
Method ref:                   US11L_hygro_tandem_neph_CorrData 
Orig. time res.:              1mn 
File name:                    US9042R.20020101000000.20181217000000.nephelometer.aerosol_light_scattering_coefficient.pm25.1y.2mn.Rad_Research_ref_Rad_Research_wet..lev1.nas 
File creation:                20181217000000 
Station GAW-Name:             Yosemite 
Station GAW-ID:               YOS 
Measurement latitude:         37.71 
Measurement longitude:        -119.7 
Measurement altitude:         1625m 
Station latitude:            37.71 
Station longitude:           -119.7 
Station altitude:            1615m 
Station land use:            Remote park 
Station setting:              Mountain 
Station WMO region:           4 
Originator:                   Day, Derek, Derek.Day@colostate.edu, Cooperative Institute for Research in the Atmosphere, , Colorado State University, ,,,Fort Collins, USA 
Originator:                   Burgos, Maria A., paul.zieger@aces.su.se, Department of Environmental Science and Analytical Chemistry, ACES,,Frescativägen 54,, SE10691, Stockholm, Sweden 
Submitter:                    Burgos, Maria A., paul.zieger@aces.su.se, Department of Environmental Science and Analytical Chemistry, ACES,,Frescativägen 54,, SE10691, Stockholm, Sweden 
Data level:                   1 
Version:                      1 
Version description:          "corrected values: data screening + truncation, STP, and losses corrections" 
Height AGL:                   10m 
Inlet type:                   Cyclone 
Humidity/temperature control: Humidification 
Humidity/temperature control description: humidogram 
Volume std. temperature:       273.15 K 
Volume std. pressure:         1013.25 hPa 
Detection limit:              0.5 1/Mm 
Detection limit expl.:        Determined by instrument counting statistics, no detection limit flag used 
Measurement uncertainty expl.: Uncertainty analysis described in Burgos et al., 2019 
Zero/negative values code:    zero/negative possible 
Zero/negative values:         zero and neg. values may appear due to statistical variations at very low concentrations  
Standard method:              cal-gas=CO2+AIR_truncation-correction=Anderson1998 
Acknowledgement:              Request acknowledgement details from data originator 
start_time end_time p_ref_int p_wet_int T_ref_int T_wet_int RH_ref_int RH_wet_int nWav sc530_ref sc530_wet frh530_total numflag 
[from data line 7042]
203.780556 203.781250 833.000 833.000 28.470 28.710 11.770 17.180 1.000 36.392 41.121 1.130 0.000
203.781944 203.782639 833.000 833.000 28.460 28.700 11.760 16.210 1.000 36.767 40.701 1.107 0.000
203.783333 203.784028 833.000 833.000 28.450 28.700 11.750 15.370 1.000 36.636 40.555 1.107 0.000
203.784722 203.785417 833.000 833.000 28.430 28.680 11.740 14.670 1.000 36.508 40.497 1.109 0.000
203.785417 203.786111 833.000 833.000 28.410 28.660 11.740 14.070 1.000 36.298 41.115 1.133 0.000
203.786806 203.787500 833.000 833.000 28.370 28.630 11.730 13.570 1.000 36.141 41.329 1.144 0.000
203.788194 203.788889 833.000 833.000 28.360 28.610 11.730 13.140 1.000 36.059 40.360 1.119 0.000
203.789583 203.790278 833.000 833.000 28.350 28.600 11.720 12.770 1.000 36.186 41.307 1.142 0.000
203.791667 203.792361 833.000 833.000 28.330 28.590 11.720 12.460 1.000 36.478 39.793 1.091 0.000
203.792361 203.793056 833.000 833.000 28.300 28.570 11.720 12.180 1.000 36.496 41.157 1.128 0.000
203.793750 203.794444 833.000 833.000 28.270 28.550 11.730 11.950 1.000 36.711 41.209 1.123 0.000
203.795139 203.795833 833.000 833.000 28.220 28.520 11.730 11.760 1.000 36.674 41.150 1.122 0.000
203.796528 203.797222 833.000 833.000 28.180 28.490 11.730 11.590 1.000 36.617 42.221 1.153 0.000
203.798611 203.799306 833.000 833.000 28.160 28.470 11.730 11.440 1.000 36.721 41.125 1.120 0.000
203.800000 203.800694 833.000 833.000 28.140 28.450 11.720 11.310 1.000 36.950 40.740 1.103 0.000
203.801389 203.802083 833.000 833.000 28.120 28.430 11.710 11.200 1.000 36.994 40.883 1.105 0.000
203.802778 203.803472 833.000 833.000 28.080 28.410 11.700 11.110 1.000 37.015 41.354 1.117 0.000
203.803472 203.804167 833.000 833.000 28.040 28.380 11.700 11.030 1.000 37.072 41.313 1.114 0.000
203.804861 203.805556 833.000 833.000 28.010 28.350 11.700 10.960 1.000 36.943 40.107 1.086 0.000
203.806250 203.806944 833.000 833.000 27.980 28.320 11.690 10.890 1.000 37.143 40.540 1.091 0.000
203.807639 203.808333 833.000 833.000 27.960 28.300 11.680 10.830 1.000 37.079 41.448 1.118 0.000
203.809722 203.810417 833.000 833.000 27.930 28.270 11.670 10.790 1.000 37.208 40.606 1.091 0.000
203.811111 203.811806 833.000 833.000 27.900 28.240 11.670 10.750 1.000 37.326 40.639 1.089 0.000
203.812500 203.813194 833.000 833.000 27.860 28.210 11.680 10.710 1.000 37.420 40.999 1.096 0.000
203.813889 203.814583 833.000 833.000 27.830 28.190 11.690 10.670 1.000 37.399 41.415 1.107 0.000
203.814583 203.815278 833.000 833.000 27.830 28.170 11.680 10.640 1.000 37.372 41.230 1.103 0.000
203.815972 203.816667 833.000 833.000 27.820 28.160 11.670 10.610 1.000 37.534 40.446 1.078 0.000
203.817361 203.818056 833.000 833.000 27.810 28.140 11.660 10.580 1.000 37.339 41.226 1.104 0.000
203.818750 203.819444 833.000 833.000 27.780 28.130 11.650 10.550 1.000 37.294 39.896 1.070 0.000
203.820833 203.821528 833.000 833.000 27.760 28.100 11.650 10.530 1.000 37.234 41.148 1.105 0.000
203.822222 203.822917 833.000 833.000 27.740 28.090 11.640 10.510 1.000 37.139 42.566 1.146 0.000
203.823611 203.824306 833.000 833.000 27.730 28.070 11.620 10.490 1.000 37.087 41.853 1.129 0.000
203.825000 203.825694 833.000 833.000 27.720 28.060 11.610 10.470 1.000 37.276 40.796 1.094 0.000
203.826389 203.827083 833.000 833.000 27.710 28.050 11.590 10.450 1.000 37.217 41.377 1.112 0.000
203.827083 203.827778 833.000 833.000 27.700 28.040 11.570 10.430 1.000 37.045 43.286 1.168 0.000
203.828472 203.829167 833.000 833.000 27.710 28.040 11.560 10.410 1.000 37.228 42.413 1.139 0.000
203.829861 203.830556 833.000 833.000 27.710 28.040 11.530 10.380 1.000 37.328 41.867 1.122 0.000
203.831250 203.831944 833.000 833.000 27.720 28.040 11.510 10.360 1.000 37.437 42.358 1.131 0.000
203.833333 203.834028 833.000 833.000 27.720 28.040 11.500 10.330 1.000 37.659 42.886 1.139 0.000
203.834028 203.834722 833.000 833.000 27.730 28.040 11.470 10.310 1.000 38.003 42.322 1.114 0.000
203.835417 203.836111 833.000 833.000 27.730 28.040 11.460 10.280 1.000 38.254 41.067 1.074 0.000
203.836806 203.837500 833.000 833.000 27.720 28.040 11.440 10.260 1.000 38.218 40.703 1.065 0.000
203.838194 203.838889 833.000 833.000 27.730 28.040 11.430 10.240 1.000 38.175 41.339 1.083 0.000
203.840278 203.840972 833.000 833.000 27.720 28.040 11.410 10.200 1.000 38.138 40.976 1.074 0.000
203.841667 203.842361 833.000 833.000 27.710 28.030 11.400 10.150 1.000 38.081 42.120 1.106 0.000
203.843056 203.843750 833.000 833.000 27.700 28.030 11.380 10.110 1.000 37.840 41.029 1.084 0.000
203.844444 203.845139 833.000 833.000 27.700 28.030 11.350 10.040 1.000 38.032 40.719 1.071 0.000
203.845139 203.845833 833.000 833.000 27.690 28.020 11.330 9.970 1.000 38.232 39.445 1.032 0.000
203.846528 203.847222 833.000 833.000 27.690 28.010 11.310 9.870 1.000 38.424 39.152 1.019 0.000
203.847917 203.848611 833.000 833.000 27.670 28.000 11.280 9.760 1.000 38.412 40.315 1.050 0.000
203.849306 203.850000 833.000 833.000 27.660 28.000 11.260 9.630 1.000 38.569 38.896 1.008 0.000
203.851389 203.852083 833.000 833.000 27.650 27.990 11.240 9.490 1.000 38.556 39.932 1.036 0.000
203.852778 203.853472 833.000 833.000 27.640 27.980 11.220 9.350 1.000 38.383 39.312 1.024 0.000
203.854167 203.854861 833.000 833.000 27.630 27.970 11.190 9.190 1.000 38.231 39.311 1.028 0.000
203.855556 203.856250 833.000 833.000 27.620 27.960 11.170 9.030 1.000 38.097 40.492 1.063 0.000
203.856250 203.856944 833.000 833.000 27.600 27.950 11.150 8.860 1.000 37.985 40.036 1.054 0.000
203.857639 203.858333 833.000 833.000 27.590 27.940 11.140 8.680 1.000 37.879 39.980 1.055 0.000
203.859028 203.859722 833.000 833.000 27.580 27.930 11.100 8.500 1.000 38.072 38.942 1.023 0.000
203.860417 203.861111 833.000 833.000 27.580 27.920 11.110 8.320 1.000 37.982 38.086 1.003 0.000
203.862500 203.863194 833.000 833.000 27.580 27.920 11.120 8.140 1.000 37.945 38.595 1.017 0.000
203.863889 203.864583 833.000 833.000 27.570 27.910 11.150 7.960 1.000 37.959 38.193 1.006 0.000
203.865278 203.865972 833.000 833.000 27.570 27.910 11.140 7.780 1.000 37.970 37.793 0.995 0.000
203.866667 203.867361 833.000 833.000 27.570 27.910 11.140 7.600 1.000 37.543 38.030 1.013 0.000
203.868056 203.868750 833.000 833.000 27.570 27.910 11.150 7.430 1.000 37.375 36.920 0.988 0.000
203.868750 203.869444 833.000 833.000 27.570 27.910 11.150 7.260 1.000 37.540 37.957 1.011 0.000
203.870139 203.870833 833.000 833.000 27.570 27.910 11.150 7.090 1.000 37.564 37.575 1.000 0.000
203.871528 203.872222 833.000 833.000 27.560 27.910 11.140 6.930 1.000 37.335 37.811 1.013 0.000
203.872917 203.873611 833.000 833.000 27.560 27.910 11.120 6.783 1.000 37.234 36.993 0.994 0.000
203.875000 203.875694 833.000 833.000 27.560 27.910 11.110 6.630 1.000 37.155 38.012 1.023 0.000
203.875694 203.876389 833.000 833.000 27.560 27.910 11.090 6.484 1.000 36.658 38.757 1.057 0.000
203.877083 203.877778 833.000 833.000 27.560 27.910 11.080 6.345 1.000 36.300 38.102 1.050 0.000
203.878472 203.879167 833.000 833.000 27.560 27.910 11.060 6.209 1.000 36.164 36.902 1.020 0.000
203.879861 203.880556 833.000 833.000 27.560 27.910 11.030 6.081 1.000 36.185 37.102 1.025 0.000
203.881944 203.882639 833.000 833.000 27.560 27.910 11.000 5.958 1.000 36.142 37.430 1.036 0.000
203.883333 203.884028 833.000 833.000 27.560 27.910 10.970 5.842 1.000 36.318 37.375 1.029 0.000
203.884722 203.885417 833.000 833.000 27.560 27.910 10.960 5.728 1.000 36.475 36.811 1.009 0.000
203.886111 203.886806 833.000 833.000 27.560 27.920 10.920 5.621 1.000 36.550 35.812 0.980 0.000
203.886806 203.887500 833.000 833.000 27.560 27.910 10.900 5.516 1.000 36.941 37.266 1.009 0.000
203.888194 203.888889 833.000 833.000 27.560 27.920 10.870 5.415 1.000 37.245 37.449 1.005 0.000
203.889583 203.890278 833.000 833.000 27.560 27.920 10.840 5.324 1.000 37.367 37.885 1.014 0.000
203.890972 203.891667 833.000 833.000 27.560 27.920 10.800 5.238 1.000 37.531 37.303 0.994 0.000
203.893056 203.893750 833.000 833.000 27.560 27.920 10.770 5.147 1.000 37.571 36.940 0.983 0.000
203.894444 203.895139 833.000 833.000 27.560 27.920 10.740 5.064 1.000 37.009 36.612 0.989 0.000
203.895833 203.896528 833.000 833.000 27.560 27.930 10.720 4.989 1.000 36.622 36.923 1.008 0.000
203.897222 203.897917 833.000 833.000 27.560 27.930 10.690 4.913 1.000 36.497 37.050 1.015 0.000
203.897917 203.898611 833.000 833.000 27.560 27.930 10.660 4.840 1.000 36.242 36.104 0.996 0.000
203.899306 203.900000 833.000 833.000 27.560 27.930 10.640 4.771 1.000 36.175 36.323 1.004 0.000
203.900694 203.901389 833.000 833.000 27.560 27.930 10.610 4.708 1.000 36.311 35.759 0.985 0.000
203.902083 203.902778 833.000 833.000 27.570 27.940 10.580 4.643 1.000 36.598 36.924 1.009 0.000
203.904167 203.904861 833.000 833.000 27.570 27.940 10.550 4.584 1.000 36.985 37.197 1.006 0.000
203.905556 203.906250 833.000 833.000 27.570 27.940 10.540 4.529 1.000 37.178 37.342 1.004 0.000
203.906944 203.907639 833.000 833.000 27.570 27.940 10.510 4.473 1.000 37.548 36.087 0.961 0.000
203.908333 203.909028 833.000 833.000 27.580 27.950 10.490 4.417 1.000 37.745 37.598 0.996 0.000
203.909722 203.910417 833.000 833.000 27.580 27.950 10.460 4.370 1.000 37.910 38.344 1.011 0.000
203.910417 203.911111 833.000 833.000 27.580 27.950 10.430 4.320 1.000 37.620 37.726 1.003 0.000
203.911806 203.912500 833.000 833.000 27.580 27.960 10.410 4.273 1.000 37.738 37.745 1.000 0.000
203.913194 203.913889 833.000 833.000 27.580 27.960 10.390 4.224 1.000 37.642 38.145 1.013 0.000
203.914583 203.915278 833.000 833.000 27.590 27.960 10.370 4.176 1.000 37.696 38.800 1.029 0.000
203.916667 203.917361 833.000 833.000 27.590 27.970 10.340 4.136 1.000 37.621 37.910 1.008 0.000
203.917361 203.918056 833.000 833.000 27.590 27.970 10.320 4.092 1.000 37.764 37.783 1.000 0.000
203.918750 203.919444 833.000 833.000 27.590 27.970 10.300 4.053 1.000 37.879 38.019 1.004 0.000
203.920139 203.920833 833.000 833.000 27.590 27.970 10.280 4.011 1.000 37.976 37.892 0.998 0.000
203.921528 203.922222 833.000 833.000 27.590 27.980 10.260 3.971 1.000 38.066 38.075 1.000 0.000
203.923611 203.924306 833.000 833.000 27.600 27.980 10.240 3.933 1.000 38.209 37.857 0.991 0.000
203.925000 203.925694 833.000 833.000 27.600 27.980 10.220 3.901 1.000 38.127 38.020 0.997 0.000
203.926389 203.927083 833.000 833.000 27.600 27.980 10.200 3.865 1.000 38.077 38.257 1.005 0.000
203.927778 203.928472 833.000 833.000 27.600 27.990 10.180 3.830 1.000 38.267 38.094 0.995 0.000
203.928472 203.929167 833.000 833.000 27.610 27.990 10.160 3.794 1.000 38.193 37.221 0.975 0.000
203.929861 203.930556 833.000 833.000 27.610 28.000 10.130 3.778 1.000 38.178 37.695 0.987 0.000
203.931250 203.931944 833.000 833.000 27.610 28.000 10.110 3.766 1.000 38.472 37.841 0.984 0.000
203.932639 203.933333 833.000 833.000 27.610 28.000 10.100 3.755 1.000 38.311 38.569 1.007 0.000
203.934722 203.935417 833.000 833.000 27.610 28.000 10.070 3.743 1.000 37.845 38.678 1.022 0.000
203.936111 203.936806 833.000 833.000 27.610 28.010 10.040 3.730 1.000 37.884 37.296 0.984 0.000
203.937500 203.938194 833.000 833.000 27.600 28.000 10.040 3.720 1.000 37.607 38.205 1.016 0.000
203.938889 203.939583 833.000 833.000 27.580 27.990 10.030 3.711 1.000 37.350 37.367 1.000 0.000
203.939583 203.940278 833.000 833.000 27.540 27.970 10.020 3.700 1.000 37.343 37.801 1.012 0.000
203.940972 203.941667 833.000 833.000 27.500 27.940 10.020 3.692 1.000 37.321 38.834 1.041 0.000
203.942361 203.943056 833.000 833.000 27.470 27.910 10.020 3.686 1.000 37.098 38.139 1.028 0.000
203.943750 203.944444 833.000 833.000 27.440 27.890 10.010 3.679 1.000 37.044 38.591 1.042 0.000
203.945833 203.946528 833.000 833.000 27.410 27.860 10.010 3.668 1.000 36.922 37.878 1.026 0.000
203.947222 203.947917 833.000 833.000 27.380 27.830 10.000 3.663 1.000 36.693 37.420 1.020 0.000
203.948611 203.949306 833.000 833.000 27.350 27.800 10.010 3.656 1.000 36.679 36.652 0.999 0.000
203.950000 203.950694 833.000 833.000 27.330 27.770 9.990 3.651 1.000 36.729 36.430 0.992 0.000
203.951389 203.952083 833.000 833.000 27.290 27.740 9.980 3.645 1.000 36.661 37.318 1.018 0.000
203.952083 203.952778 833.000 833.000 27.260 27.720 9.980 3.638 1.000 36.682 35.316 0.963 0.000
203.953472 203.954167 833.000 833.000 27.230 27.690 9.970 3.631 1.000 36.754 36.330 0.988 0.000
203.954861 203.955556 833.000 833.000 27.210 27.660 9.960 3.626 1.000 36.633 37.398 1.021 0.000
203.956250 203.956944 833.000 833.000 27.180 27.640 9.960 3.625 1.000 36.222 36.506 1.008 0.000
203.958333 203.959028 833.000 833.000 27.150 27.610 9.950 3.616 1.000 35.993 36.102 1.003 0.000
203.959028 203.959722 833.000 833.000 27.130 27.580 9.940 3.611 1.000 35.822 36.189 1.010 0.000
203.960417 203.961111 833.000 833.000 27.100 27.550 9.940 3.607 1.000 35.540 35.459 0.998 0.000
203.961806 203.962500 833.000 833.000 27.080 27.530 9.930 3.602 1.000 35.287 36.111 1.023 0.000
203.963194 203.963889 833.000 833.000 27.050 27.500 9.930 3.598 1.000 35.305 37.033 1.049 0.000
203.965278 203.965972 833.000 833.000 27.030 27.480 9.920 3.591 1.000 35.020 36.886 1.053 0.000
203.966667 203.967361 833.000 833.000 27.000 27.460 9.920 3.587 1.000 34.739 35.539 1.023 0.000
203.968056 203.968750 833.000 833.000 26.980 27.430 9.920 3.586 1.000 34.593 34.991 1.012 0.000
203.969444 203.970139 833.000 833.000 26.960 27.410 9.910 3.578 1.000 34.576 34.825 1.007 0.000
203.970139 203.970833 833.000 833.000 26.940 27.380 9.900 3.573 1.000 34.459 34.531 1.002 0.000
203.971528 203.972222 833.000 833.000 26.910 27.360 9.900 3.571 1.000 34.517 34.547 1.001 0.000
203.972917 203.973611 833.000 833.000 26.890 27.340 9.900 3.568 1.000 34.525 34.345 0.995 0.000
203.974306 203.975000 833.000 833.000 26.860 27.320 9.890 3.565 1.000 34.915 34.561 0.990 0.000
203.976389 203.977083 833.000 833.000 26.840 27.290 9.890 3.560 1.000 34.988 35.193 1.006 0.000
203.977778 203.978472 833.000 833.000 26.820 27.270 9.890 3.559 1.000 35.285 34.319 0.973 0.000
203.979167 203.979861 833.000 833.000 26.790 27.250 9.880 3.554 1.000 35.579 35.605 1.001 0.000
203.980556 203.981250 833.000 833.000 26.780 27.220 9.880 3.550 1.000 35.652 35.039 0.983 0.000
203.981250 203.981944 833.000 833.000 26.760 27.200 9.880 3.547 1.000 35.442 35.091 0.990 0.000
203.982639 203.983333 833.000 833.000 26.740 27.180 9.880 3.545 1.000 35.369 36.014 1.018 0.000
203.984028 203.984722 833.000 833.000 26.720 27.160 9.870 3.540 1.000 35.234 35.413 1.005 0.000
203.985417 203.986111 833.000 833.000 26.690 27.140 9.870 3.539 1.000 35.171 36.391 1.035 0.000
203.987500 203.988194 833.000 833.000 26.670 27.120 9.860 3.533 1.000 35.179 36.116 1.027 0.000
203.988889 203.989583 833.000 833.000 26.660 27.100 9.860 3.532 1.000 35.073 35.370 1.008 0.000
203.990278 203.990972 833.000 833.000 26.640 27.080 9.860 3.530 1.000 35.082 35.730 1.018 0.000
203.991667 203.992361 833.000 833.000 26.620 27.060 9.850 3.524 1.000 35.005 35.655 1.019 0.000
203.993056 203.993750 833.000 833.000 26.590 27.040 9.840 3.521 1.000 34.771 35.435 1.019 0.000
203.993750 203.994444 833.000 833.000 26.590 27.020 9.840 3.521 1.000 34.719 34.962 1.007 0.000
203.995139 203.995833 833.000 833.000 26.570 27.000 9.840 3.521 1.000 34.859 35.340 1.014 0.000
203.996528 203.997222 833.000 833.000 26.550 26.980 9.830 3.521 1.000 34.839 35.537 1.020 0.000
203.997917 203.998611 833.000 833.000 26.530 26.960 9.820 3.518 1.000 34.676 34.683 1.000 0.000
204.000000 204.000694 833.000 833.000 26.500 26.950 9.820 3.516 1.000 34.649 34.790 1.004 0.000
204.001389 204.002083 833.000 833.000 26.490 26.930 9.810 3.517 1.000 34.373 34.589 1.006 0.000
204.002778 204.003472 833.000 833.000 26.480 26.910 9.800 3.512 1.000 34.000 34.133 1.004 0.000
204.004167 204.004861 833.000 833.000 26.460 26.890 9.790 3.509 1.000 33.641 34.185 1.016 0.000
204.005556 204.006250 833.000 833.000 26.440 26.870 9.780 3.508 1.000 33.368 35.089 1.052 0.000
204.006944 204.007639 833.000 833.000 26.420 26.850 9.770 3.506 1.000 33.287 34.289 1.030 0.000
