YOS/US9042R.20020101000000.20181217000000.nephelometer.aerosol_light_scattering_coefficient.pm25.1y.2mn.Rad_Research_ref_Rad_Research_wet..lev1.nas
79 1001 
Day, Derek; Burgos, Maria A.  
US11L, Cooperative Institute for Research in the Atmosphere, , Colorado State University, ,,,Fort Collins, USA 
Burgos, Maria A. 
IMPROVE 
1 1 
2002 01 01 2018 12 17 
0.000 
Days from the file reference point (start_time) 
12 
1 1 1 1 1 1 1 1 1 1 1 1  
9999.999999 9999.999 9999.999 9999.999 9999.999 9999.999 9999.999 9.999 9999.999 9999.999 999.999 9.999 
end_time of measurement, days from the file reference point 
pressure, hPa, Location=reference nephelometer internal 
pressure, hPa, Location=humidified nephleometer internal 
temperature, K, Location=reference nephelometer internal 
temperature, K, Location=humidified nephleometer internal 
relative_humidity, %, Location=reference nephelometer internal 
relative_humidity, %, Location=humidified nephleometer internal 
number of wavelengths 
aerosol_light_scattering_coefficient, 1/Mm, Wavelength=530nm, Location=reference nephelometer 
aerosol_light_scattering_coefficient, 1/Mm, Wavelength=530nm, Location=humidified nephleometer, Matrix=pm25_humidified 
aerosol_light_scattering_enhancement_factor, no unit, Wavelength=550nm, Matrix=aerosol_humidified, RH base max=40% 
numflag, no unit 
0 
53
Data definition:              EBAS_1.1 
Set type code:                TI 
Station code:                 US9042R 
Platform code:                US9042S 
Timezone:                     UTC 
Startdate:                    20020714000000 
Revision date:                20181217000000 
Component:                    aerosol_light_scattering_coefficient 
Unit:                         1/Mm 
Matrix:                       pm25 
Period code:                  1y 
Resolution code:              2mn 
Sample duration:              1mn 
Laboratory code:              US11L 
Instrument type:              nephelometer 
Instrument manufacturer:      Radiance-Research 
Instrument model:             M903 
Instrument name:              Rad_Research_ref+Rad_Research_wet 
Method ref:                   US11L_hygro_tandem_neph_CorrData 
Orig. time res.:              1mn 
File name:                    US9042R.20020101000000.20181217000000.nephelometer.aerosol_light_scattering_coefficient.pm25.1y.2mn.Rad_Research_ref_Rad_Research_wet..lev1.nas 
File creation:                20181217000000 
Station GAW-Name:             Yosemite 
Station GAW-ID:               YOS 
Measurement latitude:         37.71 
Measurement longitude:        -119.7 
Measurement altitude:         1625m 
Station latitude:            37.71 
Station longitude:           -119.7 
Station altitude:            1615m 
Station land use:            Remote park 
Station setting:              Mountain 
Station WMO region:           4 
Originator:                   Day, Derek, Derek.Day@colostate.edu, Cooperative Institute for Research in the Atmosphere, , Colorado State University, ,,,Fort Collins, USA 
Originator:                   Burgos, Maria A., paul.zieger@aces.su.se, Department of Environmental Science and Analytical Chemistry, ACES,,Frescativägen 54,, SE10691, Stockholm, Sweden 
Submitter:                    Burgos, Maria A., paul.zieger@aces.su.se, Department of Environmental Science and Analytical Chemistry, ACES,,Frescativägen 54,, SE10691, Stockholm, Sweden 
Data level:                   1 
Version:                      1 
Version description:          "corrected values: data screening + truncation, STP, and losses corrections" 
Height AGL:                   10m 
Inlet type:                   Cyclone 
Humidity/temperature control: Humidification 
Humidity/temperature control description: humidogram 
Volume std. temperature:       273.15 K 
Volume std. pressure:         1013.25 hPa 
Detection limit:              0.5 1/Mm 
Detection limit expl.:        Determined by instrument counting statistics, no detection limit flag used 
Measurement uncertainty expl.: Uncertainty analysis described in Burgos et al., 2019 
Zero/negative values code:    zero/negative possible 
Zero/negative values:         zero and neg. values may appear due to statistical variations at very low concentrations  
Standard method:              cal-gas=CO2+AIR_truncation-correction=Anderson1998 
Acknowledgement:              Request acknowledgement details from data originator 
start_time end_time p_ref_int p_wet_int T_ref_int T_wet_int RH_ref_int RH_wet_int nWav sc530_ref sc530_wet frh530_total numflag 
[from data line 30726]
236.675000 236.675694 833.000 833.000 25.530 25.900 11.230 76.200 1.000 71.850 81.766 1.138 0.000
236.676389 236.677083 833.000 833.000 25.550 25.920 11.210 75.600 1.000 72.237 81.898 1.134 0.000
236.677778 236.678472 833.000 833.000 25.550 25.930 11.190 74.900 1.000 72.333 80.672 1.115 0.000
236.678472 236.679167 833.000 833.000 25.570 25.940 11.170 74.300 1.000 72.428 80.440 1.111 0.000
236.679861 236.680556 833.000 833.000 25.580 25.950 11.140 73.800 1.000 72.683 80.353 1.106 0.000
236.681250 236.681944 833.000 833.000 25.590 25.970 11.130 73.300 1.000 73.299 78.858 1.076 0.000
236.682639 236.683333 833.000 833.000 25.610 25.980 11.100 72.700 1.000 73.839 79.493 1.077 0.000
236.684722 236.685417 833.000 833.000 25.620 25.990 11.100 72.000 1.000 74.909 79.586 1.062 0.000
236.686111 236.686806 833.000 833.000 25.630 26.000 11.080 71.500 1.000 75.834 80.023 1.055 0.000
236.687500 236.688194 833.000 833.000 25.640 26.020 11.060 71.000 1.000 76.800 81.944 1.067 0.000
236.688889 236.689583 833.000 833.000 25.650 26.030 11.050 70.600 1.000 77.351 81.567 1.055 0.000
236.689583 236.690278 833.000 833.000 25.660 26.040 11.050 69.920 1.000 77.983 81.949 1.051 0.000
236.690972 236.691667 833.000 833.000 25.670 26.050 11.040 69.250 1.000 78.470 83.073 1.059 0.000
236.692361 236.693056 833.000 833.000 25.680 26.060 11.030 68.680 1.000 79.323 84.196 1.061 0.000
236.693750 236.694444 833.000 833.000 25.690 26.070 11.030 68.240 1.000 79.981 83.855 1.048 0.000
236.695833 236.696528 833.000 833.000 25.710 26.070 11.030 67.800 1.000 81.010 84.723 1.046 0.000
236.697222 236.697917 833.000 833.000 25.720 26.100 11.010 67.170 1.000 81.366 83.755 1.029 0.000
236.698611 236.699306 833.000 833.000 25.740 26.110 11.000 66.500 1.000 81.546 82.927 1.017 0.000
236.700000 236.700694 833.000 833.000 25.760 26.140 10.990 65.880 1.000 81.580 83.604 1.025 0.000
236.701389 236.702083 833.000 833.000 25.790 26.160 10.970 65.320 1.000 81.894 84.749 1.035 0.000
236.702083 236.702778 833.000 833.000 25.820 26.180 10.940 64.780 1.000 81.905 83.904 1.024 0.000
236.703472 236.704167 833.000 833.000 25.850 26.210 10.920 64.050 1.000 81.796 82.792 1.012 0.000
236.704861 236.705556 833.000 833.000 25.880 26.230 10.900 63.280 1.000 81.875 83.014 1.014 0.000
236.706250 236.706944 833.000 833.000 25.910 26.260 10.880 62.520 1.000 82.014 84.469 1.030 0.000
236.708333 236.709028 833.000 833.000 25.940 26.290 10.860 61.800 1.000 82.225 83.519 1.016 0.000
236.709028 236.709722 833.000 833.000 25.960 26.310 10.830 61.060 1.000 82.033 82.077 1.001 0.000
236.710417 236.711111 833.000 833.000 25.990 26.340 10.800 60.180 1.000 82.518 82.176 0.996 0.000
236.711806 236.712500 833.000 833.000 26.020 26.370 10.770 59.320 1.000 82.690 82.854 1.002 0.000
236.713194 236.713889 833.000 833.000 26.050 26.400 10.740 58.580 1.000 82.769 82.772 1.000 0.000
236.715278 236.715972 833.000 833.000 26.080 26.430 10.720 57.980 1.000 82.354 82.201 0.998 0.000
236.716667 236.717361 833.000 833.000 26.110 26.460 10.690 57.440 1.000 82.554 82.752 1.002 0.000
236.718056 236.718750 833.000 833.000 26.140 26.490 10.660 56.770 1.000 82.442 82.362 0.999 0.000
236.719444 236.720139 833.000 833.000 26.170 26.510 10.640 56.090 1.000 83.234 82.983 0.997 0.000
236.720139 236.720833 833.000 833.000 26.200 26.540 10.600 55.500 1.000 83.705 82.322 0.983 0.000
236.721528 236.722222 833.000 833.000 26.230 26.570 10.580 55.010 1.000 84.309 81.642 0.968 0.000
236.722917 236.723611 833.000 833.000 26.250 26.600 10.540 54.560 1.000 84.560 83.624 0.989 0.000
236.724306 236.725000 833.000 833.000 26.290 26.630 10.520 53.990 1.000 84.625 80.879 0.956 0.000
236.726389 236.727083 833.000 833.000 26.320 26.660 10.480 53.400 1.000 83.749 82.047 0.980 0.000
236.727778 236.728472 833.000 833.000 26.350 26.690 10.450 52.870 1.000 83.077 80.932 0.974 0.000
236.729167 236.729861 833.000 833.000 26.380 26.710 10.420 52.430 1.000 82.329 78.582 0.954 0.000
236.730556 236.731250 833.000 833.000 26.410 26.740 10.380 52.020 1.000 81.641 80.347 0.984 0.000
236.731250 236.731944 833.000 833.000 26.430 26.770 10.350 51.490 1.000 80.851 80.519 0.996 0.000
236.732639 236.733333 833.000 833.000 26.470 26.810 10.310 50.920 1.000 80.526 77.358 0.961 0.000
236.734028 236.734722 833.000 833.000 26.500 26.830 10.280 50.420 1.000 80.184 77.599 0.968 0.000
236.735417 236.736111 833.000 833.000 26.520 26.860 10.240 50.000 1.000 80.082 78.332 0.978 0.000
236.737500 236.738194 833.000 833.000 26.550 26.890 10.210 49.630 1.000 80.143 77.687 0.969 0.000
236.738889 236.739583 833.000 833.000 26.580 26.920 10.170 49.130 1.000 80.372 77.695 0.967 0.000
236.740278 236.740972 833.000 833.000 26.610 26.950 10.150 48.590 1.000 80.408 77.775 0.967 0.000
236.741667 236.742361 833.000 833.000 26.640 26.980 10.110 48.120 1.000 80.530 78.018 0.969 0.000
236.743056 236.743750 833.000 833.000 26.670 27.010 10.080 47.720 1.000 80.027 76.993 0.962 0.000
236.743750 236.744444 833.000 833.000 26.700 27.040 10.050 47.360 1.000 79.496 77.653 0.977 0.000
236.745139 236.745833 833.000 833.000 26.720 27.070 10.020 46.890 1.000 79.110 78.006 0.986 0.000
236.746528 236.747222 833.000 833.000 26.750 27.100 9.990 46.370 1.000 79.018 76.852 0.973 0.000
236.747917 236.748611 833.000 833.000 26.780 27.130 9.960 45.910 1.000 79.071 76.189 0.964 0.000
236.750000 236.750694 833.000 833.000 26.810 27.150 9.930 45.520 1.000 79.496 76.593 0.963 0.000
236.750694 236.751389 833.000 833.000 26.830 27.180 9.910 45.170 1.000 79.857 78.669 0.985 0.000
236.752083 236.752778 833.000 833.000 26.860 27.210 9.880 44.720 1.000 80.276 77.679 0.968 0.000
236.753472 236.754167 833.000 833.000 26.890 27.230 9.870 44.220 1.000 80.744 78.301 0.970 0.000
236.754861 236.755556 833.000 833.000 26.920 27.260 9.840 43.770 1.000 81.280 79.107 0.973 0.000
236.756944 236.757639 833.000 833.000 26.950 27.290 9.830 43.390 1.000 81.795 79.932 0.977 0.000
236.758333 236.759028 833.000 833.000 26.970 27.320 9.820 43.050 1.000 82.517 80.176 0.972 0.000
236.759722 236.760417 833.000 833.000 27.000 27.340 9.810 42.620 1.000 83.153 80.926 0.973 0.000
236.761111 236.761806 833.000 833.000 27.020 27.370 9.800 42.130 1.000 83.617 78.374 0.937 0.000
236.761806 236.762500 833.000 833.000 27.050 27.390 9.780 41.690 1.000 84.561 80.104 0.947 0.000
236.763194 236.763889 833.000 833.000 27.070 27.420 9.780 41.320 1.000 85.762 79.731 0.930 0.000
236.764583 236.765278 833.000 833.000 27.100 27.440 9.770 40.980 1.000 86.673 80.462 0.928 0.000
236.765972 236.766667 833.000 833.000 27.120 27.470 9.770 40.540 1.000 88.135 82.631 0.938 0.000
236.768056 236.768750 833.000 833.000 27.140 27.490 9.770 40.060 1.000 89.444 83.817 0.937 0.000
236.769444 236.770139 833.000 833.000 27.170 27.510 9.760 39.610 1.000 90.080 85.421 0.948 0.000
236.770833 236.771528 833.000 833.000 27.190 27.540 9.770 39.230 1.000 90.873 86.938 0.957 0.000
236.772222 236.772917 833.000 833.000 27.210 27.560 9.780 38.880 1.000 91.885 87.470 0.952 0.000
236.772917 236.773611 833.000 833.000 27.230 27.580 9.780 38.460 1.000 92.638 88.021 0.950 0.000
236.774306 236.775000 833.000 833.000 27.250 27.600 9.790 37.990 1.000 93.789 91.206 0.972 0.000
236.775694 236.776389 833.000 833.000 27.270 27.620 9.790 37.550 1.000 94.850 90.885 0.958 0.000
236.777083 236.777778 833.000 833.000 27.280 27.640 9.800 37.160 1.000 95.772 92.091 0.962 0.000
236.779167 236.779861 833.000 833.000 27.310 27.660 9.800 35.670 1.000 96.808 93.514 0.966 0.000
236.780556 236.781250 833.000 833.000 27.330 27.680 9.810 33.180 1.000 97.361 92.485 0.950 0.000
236.781944 236.782639 833.000 833.000 27.340 27.700 9.810 30.230 1.000 97.341 94.617 0.972 0.000
236.783333 236.784028 833.000 833.000 27.350 27.710 9.820 27.320 1.000 97.707 95.547 0.978 0.000
236.784722 236.785417 833.000 833.000 27.370 27.730 9.820 24.720 1.000 97.980 96.971 0.990 0.000
236.785417 236.786111 833.000 833.000 27.380 27.740 9.820 22.450 1.000 98.142 97.229 0.991 0.000
236.786806 236.787500 833.000 833.000 27.400 27.760 9.830 20.470 1.000 98.622 97.145 0.985 0.000
236.788194 236.788889 833.000 833.000 27.400 27.780 9.820 18.750 1.000 99.439 98.969 0.995 0.000
236.789583 236.790278 833.000 833.000 27.420 27.790 9.830 17.220 1.000 100.330 99.572 0.992 0.000
236.791667 236.792361 833.000 833.000 27.430 27.800 9.820 15.880 1.000 101.059 99.557 0.985 0.000
236.792361 236.793056 833.000 833.000 27.440 27.810 9.820 14.680 1.000 101.854 102.852 1.010 0.000
236.793750 236.794444 833.000 833.000 27.440 27.820 9.810 13.610 1.000 102.261 101.855 0.996 0.000
236.795139 236.795833 833.000 833.000 27.450 27.830 9.800 12.660 1.000 102.958 102.077 0.991 0.000
236.796528 236.797222 833.000 833.000 27.460 27.840 9.790 11.820 1.000 103.039 103.480 1.004 0.000
236.798611 236.799306 833.000 833.000 27.470 27.850 9.780 11.060 1.000 103.257 104.029 1.007 0.000
236.800000 236.800694 833.000 833.000 27.480 27.860 9.780 10.390 1.000 103.174 104.505 1.013 0.000
236.801389 236.802083 833.000 833.000 27.480 27.870 9.780 9.790 1.000 103.587 101.508 0.980 0.000
236.802778 236.803472 833.000 833.000 27.490 27.880 9.760 9.260 1.000 103.346 104.258 1.009 0.000
236.803472 236.804167 833.000 833.000 27.490 27.890 9.750 8.790 1.000 103.541 103.879 1.003 0.000
236.804861 236.805556 833.000 833.000 27.500 27.890 9.750 8.360 1.000 104.070 103.679 0.996 0.000
236.806250 236.806944 833.000 833.000 27.510 27.900 9.730 7.980 1.000 104.225 104.519 1.003 0.000
236.807639 236.808333 833.000 833.000 27.510 27.910 9.720 7.650 1.000 104.209 103.795 0.996 0.000
236.809722 236.810417 833.000 833.000 27.510 27.910 9.710 7.340 1.000 104.662 103.122 0.985 0.000
236.811111 236.811806 833.000 833.000 27.520 27.920 9.690 7.070 1.000 104.835 104.235 0.994 0.000
236.812500 236.813194 833.000 833.000 27.520 27.920 9.670 6.822 1.000 104.400 105.326 1.009 0.000
236.813889 236.814583 833.000 833.000 27.530 27.930 9.650 6.602 1.000 104.376 104.384 1.000 0.000
236.814583 236.815278 833.000 833.000 27.530 27.930 9.640 6.398 1.000 104.417 106.821 1.023 0.000
236.815972 236.816667 833.000 833.000 27.530 27.940 9.610 6.214 1.000 104.461 106.588 1.020 0.000
236.817361 236.818056 833.000 833.000 27.540 27.950 9.590 6.047 1.000 104.444 106.064 1.016 0.000
236.818750 236.819444 833.000 833.000 27.540 27.950 9.570 5.892 1.000 104.656 105.519 1.008 0.000
236.820833 236.821528 833.000 833.000 27.540 27.950 9.560 5.746 1.000 105.123 104.700 0.996 0.000
236.822222 236.822917 833.000 833.000 27.550 27.950 9.540 5.621 1.000 105.559 105.446 0.999 0.000
236.823611 236.824306 833.000 833.000 27.540 27.960 9.520 5.501 1.000 105.681 105.177 0.995 0.000
236.825000 236.825694 833.000 833.000 27.540 27.960 9.490 5.393 1.000 106.068 105.268 0.992 0.000
236.826389 236.827083 833.000 833.000 27.540 27.960 9.470 5.290 1.000 106.544 106.595 1.000 0.000
236.827083 236.827778 833.000 833.000 27.540 27.960 9.450 5.193 1.000 106.244 106.414 1.002 0.000
236.828472 236.829167 833.000 833.000 27.550 27.960 9.420 5.102 1.000 105.801 106.959 1.011 0.000
236.829861 236.830556 833.000 833.000 27.550 27.970 9.400 5.020 1.000 105.425 106.908 1.014 0.000
236.831250 236.831944 833.000 833.000 27.550 27.970 9.380 4.940 1.000 105.333 108.073 1.026 0.000
236.833333 236.834028 833.000 833.000 27.550 27.970 9.360 4.867 1.000 104.875 106.708 1.017 0.000
236.834028 236.834722 833.000 833.000 27.550 27.970 9.330 4.797 1.000 104.986 108.400 1.033 0.000
236.835417 236.836111 833.000 833.000 27.550 27.970 9.310 4.735 1.000 104.911 107.127 1.021 0.000
236.836806 236.837500 833.000 833.000 27.550 27.970 9.280 4.672 1.000 104.699 106.472 1.017 0.000
236.838194 236.838889 833.000 833.000 27.550 27.970 9.260 4.612 1.000 104.527 105.890 1.013 0.000
236.840278 236.840972 833.000 833.000 27.550 27.970 9.230 4.552 1.000 104.313 105.398 1.010 0.000
236.841667 236.842361 833.000 833.000 27.550 27.980 9.220 4.507 1.000 104.252 106.130 1.018 0.000
236.843056 236.843750 833.000 833.000 27.550 27.980 9.190 4.456 1.000 104.638 104.365 0.997 0.000
236.844444 236.845139 833.000 833.000 27.550 27.980 9.170 4.404 1.000 104.821 105.020 1.002 0.000
236.845139 236.845833 833.000 833.000 27.550 27.980 9.140 4.363 1.000 104.965 104.802 0.998 0.000
236.846528 236.847222 833.000 833.000 27.550 27.980 9.120 4.316 1.000 105.270 106.002 1.007 0.000
236.847917 236.848611 833.000 833.000 27.560 27.980 9.090 4.273 1.000 105.632 105.602 1.000 0.000
236.849306 236.850000 833.000 833.000 27.560 27.980 9.080 4.233 1.000 106.166 105.711 0.996 0.000
236.851389 236.852083 833.000 833.000 27.550 27.980 9.060 4.198 1.000 106.704 105.802 0.992 0.000
236.852778 236.853472 833.000 833.000 27.560 27.980 9.030 4.159 1.000 106.797 106.548 0.998 0.000
236.854167 236.854861 833.000 833.000 27.560 27.980 9.010 4.129 1.000 106.912 107.421 1.005 0.000
236.855556 236.856250 833.000 833.000 27.560 27.980 8.990 4.093 1.000 106.999 107.458 1.004 0.000
236.856250 236.856944 833.000 833.000 27.570 27.990 8.960 4.060 1.000 106.484 108.353 1.018 0.000
236.857639 236.858333 833.000 833.000 27.560 27.990 8.940 4.027 1.000 106.109 106.624 1.005 0.000
236.859028 236.859722 833.000 833.000 27.570 27.990 8.920 3.997 1.000 106.254 106.970 1.007 0.000
236.860417 236.861111 833.000 833.000 27.580 28.000 8.910 3.964 1.000 106.537 107.337 1.008 0.000
236.862500 236.863194 833.000 833.000 27.580 28.000 8.890 3.936 1.000 106.403 105.482 0.991 0.000
236.863889 236.864583 833.000 833.000 27.580 28.000 8.870 3.914 1.000 106.766 107.719 1.009 0.000
236.865278 236.865972 833.000 833.000 27.580 28.010 8.860 3.885 1.000 107.540 107.759 1.002 0.000
236.866667 236.867361 833.000 833.000 27.590 28.010 8.830 3.857 1.000 107.498 106.522 0.991 0.000
236.868056 236.868750 833.000 833.000 27.590 28.020 8.820 3.837 1.000 106.822 106.089 0.993 0.000
236.868750 236.869444 833.000 833.000 27.590 28.020 8.810 3.809 1.000 107.026 105.452 0.985 0.000
236.870139 236.870833 833.000 833.000 27.590 28.030 8.790 3.791 1.000 107.024 106.675 0.997 0.000
236.871528 236.872222 833.000 833.000 27.590 28.030 8.780 3.782 1.000 106.559 106.457 0.999 0.000
236.872917 236.873611 833.000 833.000 27.600 28.030 8.750 3.779 1.000 106.649 106.802 1.001 0.000
236.875000 236.875694 833.000 833.000 27.600 28.030 8.740 3.770 1.000 106.990 104.109 0.973 0.000
236.875694 236.876389 833.000 833.000 27.600 28.040 8.720 3.761 1.000 106.769 105.023 0.984 0.000
236.877083 236.877778 833.000 833.000 27.600 28.040 8.700 3.756 1.000 106.398 105.787 0.994 0.000
236.878472 236.879167 833.000 833.000 27.610 28.040 8.680 3.746 1.000 106.302 107.443 1.011 0.000
236.879861 236.880556 833.000 833.000 27.610 28.040 8.670 3.741 1.000 106.055 106.405 1.003 0.000
236.881944 236.882639 833.000 833.000 27.610 28.040 8.650 3.729 1.000 106.124 106.860 1.007 0.000
236.883333 236.884028 833.000 833.000 27.610 28.040 8.630 3.727 1.000 106.199 104.986 0.989 0.000
236.884722 236.885417 833.000 833.000 27.610 28.040 8.620 3.720 1.000 105.981 105.587 0.996 0.000
236.886111 236.886806 833.000 833.000 27.610 28.050 8.600 3.715 1.000 105.891 107.446 1.015 0.000
236.886806 236.887500 833.000 833.000 27.610 28.050 8.590 3.709 1.000 105.913 105.772 0.999 0.000
236.888194 236.888889 833.000 833.000 27.610 28.050 8.570 3.703 1.000 105.671 105.881 1.002 0.000
236.889583 236.890278 833.000 833.000 27.620 28.050 8.550 3.696 1.000 105.406 106.245 1.008 0.000
236.890972 236.891667 833.000 833.000 27.620 28.050 8.540 3.690 1.000 105.532 106.154 1.006 0.000
236.893056 236.893750 833.000 833.000 27.620 28.060 8.520 3.684 1.000 105.683 105.685 1.000 0.000
236.894444 236.895139 833.000 833.000 27.620 28.060 8.500 3.680 1.000 105.601 105.139 0.996 0.000
236.895833 236.896528 833.000 833.000 27.620 28.060 8.490 3.675 1.000 106.127 106.504 1.004 0.000
236.897222 236.897917 833.000 833.000 27.620 28.060 8.480 3.669 1.000 106.221 107.868 1.016 0.000
236.897917 236.898611 833.000 833.000 27.620 28.060 8.460 3.663 1.000 106.385 103.865 0.976 0.000
236.899306 236.900000 833.000 833.000 27.620 28.060 8.450 3.656 1.000 106.568 104.575 0.981 0.000
