YOS/US9042R.20020101000000.20181217000000.nephelometer.aerosol_light_scattering_coefficient.pm25.1y.2mn.Rad_Research_ref_Rad_Research_wet..lev1.nas
79 1001 
Day, Derek; Burgos, Maria A.  
US11L, Cooperative Institute for Research in the Atmosphere, , Colorado State University, ,,,Fort Collins, USA 
Burgos, Maria A. 
IMPROVE 
1 1 
2002 01 01 2018 12 17 
0.000 
Days from the file reference point (start_time) 
12 
1 1 1 1 1 1 1 1 1 1 1 1  
9999.999999 9999.999 9999.999 9999.999 9999.999 9999.999 9999.999 9.999 9999.999 9999.999 999.999 9.999 
end_time of measurement, days from the file reference point 
pressure, hPa, Location=reference nephelometer internal 
pressure, hPa, Location=humidified nephleometer internal 
temperature, K, Location=reference nephelometer internal 
temperature, K, Location=humidified nephleometer internal 
relative_humidity, %, Location=reference nephelometer internal 
relative_humidity, %, Location=humidified nephleometer internal 
number of wavelengths 
aerosol_light_scattering_coefficient, 1/Mm, Wavelength=530nm, Location=reference nephelometer 
aerosol_light_scattering_coefficient, 1/Mm, Wavelength=530nm, Location=humidified nephleometer, Matrix=pm25_humidified 
aerosol_light_scattering_enhancement_factor, no unit, Wavelength=550nm, Matrix=aerosol_humidified, RH base max=40% 
numflag, no unit 
0 
53
Data definition:              EBAS_1.1 
Set type code:                TI 
Station code:                 US9042R 
Platform code:                US9042S 
Timezone:                     UTC 
Startdate:                    20020714000000 
Revision date:                20181217000000 
Component:                    aerosol_light_scattering_coefficient 
Unit:                         1/Mm 
Matrix:                       pm25 
Period code:                  1y 
Resolution code:              2mn 
Sample duration:              1mn 
Laboratory code:              US11L 
Instrument type:              nephelometer 
Instrument manufacturer:      Radiance-Research 
Instrument model:             M903 
Instrument name:              Rad_Research_ref+Rad_Research_wet 
Method ref:                   US11L_hygro_tandem_neph_CorrData 
Orig. time res.:              1mn 
File name:                    US9042R.20020101000000.20181217000000.nephelometer.aerosol_light_scattering_coefficient.pm25.1y.2mn.Rad_Research_ref_Rad_Research_wet..lev1.nas 
File creation:                20181217000000 
Station GAW-Name:             Yosemite 
Station GAW-ID:               YOS 
Measurement latitude:         37.71 
Measurement longitude:        -119.7 
Measurement altitude:         1625m 
Station latitude:            37.71 
Station longitude:           -119.7 
Station altitude:            1615m 
Station land use:            Remote park 
Station setting:              Mountain 
Station WMO region:           4 
Originator:                   Day, Derek, Derek.Day@colostate.edu, Cooperative Institute for Research in the Atmosphere, , Colorado State University, ,,,Fort Collins, USA 
Originator:                   Burgos, Maria A., paul.zieger@aces.su.se, Department of Environmental Science and Analytical Chemistry, ACES,,Frescativägen 54,, SE10691, Stockholm, Sweden 
Submitter:                    Burgos, Maria A., paul.zieger@aces.su.se, Department of Environmental Science and Analytical Chemistry, ACES,,Frescativägen 54,, SE10691, Stockholm, Sweden 
Data level:                   1 
Version:                      1 
Version description:          "corrected values: data screening + truncation, STP, and losses corrections" 
Height AGL:                   10m 
Inlet type:                   Cyclone 
Humidity/temperature control: Humidification 
Humidity/temperature control description: humidogram 
Volume std. temperature:       273.15 K 
Volume std. pressure:         1013.25 hPa 
Detection limit:              0.5 1/Mm 
Detection limit expl.:        Determined by instrument counting statistics, no detection limit flag used 
Measurement uncertainty expl.: Uncertainty analysis described in Burgos et al., 2019 
Zero/negative values code:    zero/negative possible 
Zero/negative values:         zero and neg. values may appear due to statistical variations at very low concentrations  
Standard method:              cal-gas=CO2+AIR_truncation-correction=Anderson1998 
Acknowledgement:              Request acknowledgement details from data originator 
start_time end_time p_ref_int p_wet_int T_ref_int T_wet_int RH_ref_int RH_wet_int nWav sc530_ref sc530_wet frh530_total numflag 
[from data line 30562]
236.446528 236.447222 833.000 833.000 23.200 23.530 9.990 5.571 1.000 70.105 71.028 1.013 0.000
236.448611 236.449306 833.000 833.000 23.240 23.570 10.000 5.758 1.000 69.994 70.177 1.003 0.000
236.450000 236.450694 833.000 833.000 23.280 23.600 10.010 6.934 1.000 70.260 69.180 0.985 0.000
236.451389 236.452083 833.000 833.000 23.320 23.650 10.020 9.210 1.000 70.288 69.730 0.992 0.000
236.452083 236.452778 833.000 833.000 23.360 23.690 10.040 11.960 1.000 70.407 71.461 1.015 0.000
236.453472 236.454167 833.000 833.000 23.410 23.730 10.030 14.720 1.000 70.552 70.448 0.999 0.000
236.455556 236.456250 833.000 833.000 23.450 23.770 10.060 17.420 1.000 70.861 69.704 0.984 0.000
236.456944 236.457639 833.000 833.000 23.490 23.810 10.070 20.060 1.000 70.606 70.270 0.995 0.000
236.458333 236.459028 833.000 833.000 23.520 23.840 10.100 22.430 1.000 70.449 71.353 1.013 0.000
236.459028 236.459722 833.000 833.000 23.560 23.880 10.110 24.510 1.000 70.070 72.529 1.035 0.000
236.460417 236.461111 833.000 833.000 23.610 23.930 10.110 26.380 1.000 68.914 71.124 1.032 0.000
236.462500 236.463194 833.000 833.000 23.650 23.970 10.120 28.190 1.000 67.421 72.031 1.068 0.000
236.463889 236.464583 833.000 833.000 23.700 24.010 10.120 29.890 1.000 66.134 69.922 1.057 0.000
236.464583 236.465278 833.000 833.000 23.730 24.050 10.100 31.350 1.000 65.132 67.203 1.032 0.000
236.465972 236.466667 833.000 833.000 23.770 24.090 10.100 32.580 1.000 64.381 64.590 1.003 0.000
236.468056 236.468750 833.000 833.000 23.810 24.130 10.090 33.770 1.000 64.067 65.532 1.023 0.000
236.469444 236.470139 833.000 833.000 23.850 24.170 10.070 35.120 1.000 64.112 66.457 1.037 0.000
236.470139 236.470833 833.000 833.000 23.890 24.210 10.050 36.580 1.000 64.025 63.969 0.999 0.000
236.471528 236.472222 833.000 833.000 23.940 24.250 10.050 37.820 1.000 63.436 65.002 1.025 0.000
236.473611 236.474306 833.000 833.000 23.980 24.290 10.040 38.890 1.000 62.826 64.526 1.027 0.000
236.475000 236.475694 833.000 833.000 24.020 24.330 10.020 40.060 1.000 62.612 63.312 1.011 0.000
236.475694 236.476389 833.000 833.000 24.060 24.380 10.010 41.320 1.000 62.331 63.269 1.015 0.000
236.477083 236.477778 833.000 833.000 24.100 24.420 10.010 42.430 1.000 62.131 62.828 1.011 0.000
236.479167 236.479861 833.000 833.000 24.150 24.460 10.010 43.260 1.000 62.094 63.897 1.029 0.000
236.480556 236.481250 833.000 833.000 24.190 24.500 10.020 43.850 1.000 62.290 63.240 1.015 0.000
236.481250 236.481944 833.000 833.000 24.230 24.540 10.010 44.430 1.000 61.956 61.900 0.999 0.000
236.482639 236.483333 833.000 833.000 24.270 24.590 10.000 44.990 1.000 61.585 63.008 1.023 0.000
236.484722 236.485417 833.000 833.000 24.320 24.630 10.000 45.490 1.000 61.130 62.549 1.023 0.000
236.486111 236.486806 833.000 833.000 24.350 24.670 10.000 45.890 1.000 60.706 62.539 1.030 0.000
236.486806 236.487500 833.000 833.000 24.400 24.710 10.000 46.270 1.000 59.935 61.702 1.029 0.000
236.488194 236.488889 833.000 833.000 24.440 24.750 10.000 46.770 1.000 59.809 61.116 1.022 0.000
236.490278 236.490972 833.000 833.000 24.480 24.790 9.990 47.380 1.000 59.517 59.648 1.002 0.000
236.491667 236.492361 833.000 833.000 24.520 24.830 9.980 47.980 1.000 59.432 60.178 1.013 0.000
236.493056 236.493750 833.000 833.000 24.570 24.870 9.980 48.470 1.000 59.536 58.332 0.980 0.000
236.493750 236.494444 833.000 833.000 24.600 24.920 9.970 48.910 1.000 59.683 59.710 1.000 0.000
236.495139 236.495833 833.000 833.000 24.650 24.960 9.960 49.450 1.000 59.333 60.439 1.019 0.000
236.497222 236.497917 833.000 833.000 24.690 25.000 9.980 49.980 1.000 59.228 60.231 1.017 0.000
236.498611 236.499306 833.000 833.000 24.730 25.040 9.970 50.380 1.000 59.056 60.833 1.030 0.000
236.500000 236.500694 833.000 833.000 24.780 25.080 9.970 50.670 1.000 59.320 60.787 1.025 0.000
236.500694 236.501389 833.000 833.000 24.820 25.130 9.970 50.920 1.000 59.491 61.194 1.029 0.000
236.502083 236.502778 833.000 833.000 24.850 25.170 9.980 51.310 1.000 59.819 61.238 1.024 0.000
236.504167 236.504861 833.000 833.000 24.900 25.210 9.990 51.770 1.000 60.558 60.994 1.007 0.000
236.505556 236.506250 833.000 833.000 24.940 25.250 10.000 52.150 1.000 61.173 60.930 0.996 0.000
236.506250 236.506944 833.000 833.000 24.980 25.290 10.020 52.420 1.000 61.437 61.858 1.007 0.000
236.507639 236.508333 833.000 833.000 25.020 25.330 10.030 52.650 1.000 61.758 63.597 1.030 0.000
236.509722 236.510417 833.000 833.000 25.060 25.370 10.030 53.080 1.000 62.035 63.299 1.020 0.000
236.511111 236.511806 833.000 833.000 25.090 25.410 10.050 53.580 1.000 61.873 64.155 1.037 0.000
236.511806 236.512500 833.000 833.000 25.130 25.450 10.070 53.990 1.000 61.742 64.056 1.037 0.000
236.513194 236.513889 833.000 833.000 25.170 25.490 10.070 54.280 1.000 61.810 62.747 1.015 0.000
236.515278 236.515972 833.000 833.000 25.210 25.530 10.080 54.560 1.000 61.723 62.359 1.010 0.000
236.516667 236.517361 833.000 833.000 25.250 25.570 10.090 55.010 1.000 61.578 62.926 1.022 0.000
236.517361 236.518056 833.000 833.000 25.290 25.610 10.100 55.510 1.000 61.721 63.711 1.032 0.000
236.518750 236.519444 833.000 833.000 25.320 25.640 10.100 55.940 1.000 61.863 63.627 1.029 0.000
236.520833 236.521528 833.000 833.000 25.360 25.680 10.120 56.280 1.000 60.989 62.444 1.024 0.000
236.522222 236.522917 833.000 833.000 25.390 25.720 10.120 56.610 1.000 60.058 63.337 1.055 0.000
236.522917 236.523611 833.000 833.000 25.430 25.750 10.110 57.120 1.000 59.549 61.466 1.032 0.000
236.524306 236.525000 833.000 833.000 25.470 25.790 10.090 57.640 1.000 58.949 60.733 1.030 0.000
236.526389 236.527083 833.000 833.000 25.500 25.820 10.080 58.080 1.000 58.369 59.656 1.022 0.000
236.527778 236.528472 833.000 833.000 25.540 25.860 10.060 58.410 1.000 58.870 58.706 0.997 0.000
236.528472 236.529167 833.000 833.000 25.570 25.900 10.050 58.730 1.000 59.674 59.310 0.994 0.000
236.529861 236.530556 833.000 833.000 25.600 25.930 10.040 59.220 1.000 59.798 59.660 0.998 0.000
236.531944 236.532639 833.000 833.000 25.640 25.970 10.030 59.760 1.000 59.776 58.385 0.977 0.000
236.533333 236.534028 833.000 833.000 25.670 26.000 10.030 60.230 1.000 60.103 60.631 1.009 0.000
236.534722 236.535417 833.000 833.000 25.710 26.030 10.010 60.570 1.000 60.057 61.162 1.018 0.000
236.535417 236.536111 833.000 833.000 25.740 26.070 10.000 60.880 1.000 60.028 61.351 1.022 0.000
236.536806 236.537500 833.000 833.000 25.770 26.100 9.990 61.380 1.000 60.405 62.062 1.027 0.000
236.538889 236.539583 833.000 833.000 25.800 26.130 9.980 61.910 1.000 60.671 62.375 1.028 0.000
236.540278 236.540972 833.000 833.000 25.840 26.170 9.970 62.360 1.000 60.606 64.011 1.056 0.000
236.541667 236.542361 833.000 833.000 25.870 26.200 9.960 62.710 1.000 61.211 61.468 1.004 0.000
236.542361 236.543056 833.000 833.000 25.900 26.230 9.950 63.020 1.000 61.641 61.926 1.005 0.000
236.543750 236.544444 833.000 833.000 25.930 26.260 9.930 63.500 1.000 62.110 63.036 1.015 0.000
236.545833 236.546528 833.000 833.000 25.960 26.290 9.920 64.010 1.000 62.915 62.988 1.001 0.000
236.547222 236.547917 833.000 833.000 25.990 26.330 9.910 64.420 1.000 63.833 63.159 0.989 0.000
236.547917 236.548611 833.000 833.000 26.030 26.360 9.900 64.730 1.000 64.317 64.468 1.002 0.000
236.549306 236.550000 833.000 833.000 26.050 26.390 9.880 65.020 1.000 64.772 64.728 0.999 0.000
236.551389 236.552083 833.000 833.000 26.080 26.420 9.860 65.490 1.000 65.341 65.386 1.001 0.000
236.552778 236.553472 833.000 833.000 26.110 26.450 9.850 65.990 1.000 65.871 66.243 1.006 0.000
236.553472 236.554167 833.000 833.000 26.140 26.480 9.830 66.410 1.000 66.501 66.829 1.005 0.000
236.554861 236.555556 833.000 833.000 26.170 26.510 9.820 66.600 1.000 67.044 67.668 1.009 0.000
236.556944 236.557639 833.000 833.000 26.190 26.530 9.810 66.770 1.000 67.656 68.813 1.017 0.000
236.558333 236.559028 833.000 833.000 26.190 26.550 9.810 67.140 1.000 68.070 67.822 0.996 0.000
236.559028 236.559722 833.000 833.000 26.170 26.540 9.830 67.530 1.000 68.342 68.544 1.003 0.000
236.560417 236.561111 833.000 833.000 26.140 26.540 9.840 67.820 1.000 68.744 68.906 1.002 0.000
236.562500 236.563194 833.000 833.000 26.120 26.520 9.850 67.980 1.000 68.887 68.956 1.001 0.000
236.563889 236.564583 833.000 833.000 26.100 26.510 9.860 68.060 1.000 68.945 68.845 0.999 0.000
236.564583 236.565278 833.000 833.000 26.060 26.480 9.880 68.330 1.000 68.745 69.815 1.016 0.000
236.565972 236.566667 833.000 833.000 26.020 26.450 9.910 68.650 1.000 68.577 69.229 1.010 0.000
236.568056 236.568750 833.000 833.000 25.980 26.420 9.930 68.870 1.000 68.012 70.362 1.035 0.000
236.569444 236.570139 833.000 833.000 25.940 26.390 9.950 68.980 1.000 67.610 69.107 1.022 0.000
236.570139 236.570833 833.000 833.000 25.900 26.360 9.980 69.080 1.000 67.394 69.588 1.033 0.000
236.571528 236.572222 833.000 833.000 25.850 26.310 10.010 69.380 1.000 67.495 69.161 1.025 0.000
236.573611 236.574306 833.000 833.000 25.800 26.270 10.020 69.710 1.000 67.673 68.717 1.015 0.000
236.575000 236.575694 833.000 833.000 25.770 26.240 10.060 69.960 1.000 67.930 69.054 1.017 0.000
236.576389 236.577083 833.000 833.000 25.720 26.200 10.080 70.100 1.000 68.276 69.027 1.011 0.000
236.577083 236.577778 833.000 833.000 25.670 26.150 10.110 70.300 1.000 68.349 69.775 1.021 0.000
236.578472 236.579167 833.000 833.000 25.630 26.110 10.130 70.700 1.000 68.349 70.507 1.032 0.000
236.580556 236.581250 833.000 833.000 25.600 26.080 10.160 71.100 1.000 68.041 70.771 1.040 0.000
236.581944 236.582639 833.000 833.000 25.550 26.040 10.190 71.500 1.000 67.737 68.827 1.016 0.000
236.583333 236.584028 833.000 833.000 25.510 26.000 10.210 71.800 1.000 67.567 67.914 1.005 0.000
236.584028 236.584722 833.000 833.000 25.470 25.960 10.240 72.000 1.000 67.341 68.628 1.019 0.000
236.585417 236.586111 833.000 833.000 25.430 25.920 10.260 72.500 1.000 67.332 68.944 1.024 0.000
236.587500 236.588194 833.000 833.000 25.390 25.880 10.290 73.000 1.000 67.344 68.700 1.020 0.000
236.588889 236.589583 833.000 833.000 25.350 25.840 10.320 73.400 1.000 66.924 68.872 1.029 0.000
236.589583 236.590278 833.000 833.000 25.310 25.800 10.340 73.700 1.000 66.407 69.115 1.041 0.000
236.590972 236.591667 833.000 833.000 25.280 25.770 10.370 74.000 1.000 66.307 68.314 1.030 0.000
236.593056 236.593750 833.000 833.000 25.250 25.740 10.400 74.500 1.000 65.770 69.192 1.052 0.000
236.594444 236.595139 833.000 833.000 25.210 25.700 10.430 75.100 1.000 65.448 70.627 1.079 0.000
236.595139 236.595833 833.000 833.000 25.190 25.680 10.450 75.700 1.000 65.400 70.911 1.084 0.000
236.596528 236.597222 833.000 833.000 25.180 25.650 10.470 76.100 1.000 65.231 72.023 1.104 0.000
236.598611 236.599306 833.000 833.000 25.150 25.630 10.490 76.500 1.000 64.872 72.253 1.114 0.000
236.600000 236.600694 833.000 833.000 25.130 25.600 10.520 77.100 1.000 64.584 70.892 1.098 0.000
236.600694 236.601389 833.000 833.000 25.110 25.580 10.550 77.700 1.000 64.402 71.194 1.105 0.000
236.602083 236.602778 833.000 833.000 25.100 25.560 10.560 78.300 1.000 64.456 72.849 1.130 0.000
236.604167 236.604861 833.000 833.000 25.090 25.550 10.590 78.700 1.000 64.556 70.952 1.099 0.000
236.605556 236.606250 833.000 833.000 25.070 25.540 10.610 79.200 1.000 64.561 71.058 1.101 0.000
236.606250 236.606944 833.000 833.000 25.060 25.520 10.630 79.800 1.000 65.106 71.937 1.105 0.000
236.607639 236.608333 833.000 833.000 25.070 25.520 10.630 80.500 1.000 65.719 71.721 1.091 0.000
236.609722 236.610417 833.000 833.000 25.060 25.510 10.660 81.100 1.000 66.218 74.317 1.122 0.000
236.611111 236.611806 833.000 833.000 25.050 25.500 10.670 81.600 1.000 66.839 74.152 1.109 0.000
236.611806 236.612500 833.000 833.000 25.050 25.490 10.710 82.000 1.000 67.534 75.719 1.121 0.000
236.613194 236.613889 833.000 833.000 25.050 25.490 10.730 82.600 1.000 68.233 76.495 1.121 0.000
236.615278 236.615972 833.000 833.000 25.050 25.490 10.770 83.300 1.000 68.779 77.631 1.129 0.000
236.616667 236.617361 833.000 833.000 25.040 25.480 10.800 83.900 1.000 69.092 79.415 1.149 0.000
236.618056 236.618750 833.000 833.000 25.040 25.480 10.830 84.400 1.000 69.227 80.966 1.170 0.000
236.618750 236.619444 833.000 833.000 25.050 25.480 10.860 84.900 1.000 69.394 79.649 1.148 0.000
236.620139 236.620833 833.000 833.000 25.050 25.480 10.890 85.400 1.000 69.490 82.301 1.184 0.000
236.622222 236.622917 833.000 833.000 25.050 25.480 10.930 86.100 1.000 69.807 81.850 1.173 0.000
236.623611 236.624306 833.000 833.000 25.050 25.480 10.960 86.700 1.000 70.035 83.979 1.199 0.000
236.625000 236.625694 833.000 833.000 25.060 25.480 10.980 87.300 1.000 70.458 85.206 1.209 0.000
236.625694 236.626389 833.000 833.000 25.060 25.480 11.010 87.600 1.000 71.079 86.144 1.212 0.000
236.627083 236.627778 833.000 833.000 25.060 25.490 11.040 88.200 1.000 71.187 85.335 1.199 0.000
236.629167 236.629861 833.000 833.000 25.060 25.490 11.070 89.000 1.000 71.000 88.366 1.245 0.000
236.630556 236.631250 833.000 833.000 25.070 25.500 11.090 89.800 1.000 71.040 89.812 1.264 0.000
236.631250 236.631944 833.000 833.000 25.080 25.500 11.120 90.400 1.000 71.037 92.861 1.307 0.000
236.632639 236.633333 833.000 833.000 25.080 25.500 11.150 90.800 1.000 70.950 92.374 1.302 0.000
236.634722 236.635417 833.000 833.000 25.080 25.500 11.170 91.200 1.000 70.912 93.998 1.326 0.000
236.636111 236.636806 833.000 833.000 25.090 25.510 11.190 91.600 1.000 71.008 94.867 1.336 0.000
236.636806 236.637500 833.000 833.000 25.100 25.510 11.210 91.600 1.000 71.041 94.163 1.325 0.000
236.638194 236.638889 833.000 833.000 25.090 25.500 11.230 91.200 1.000 71.021 91.598 1.290 0.000
236.640278 236.640972 833.000 833.000 25.090 25.500 11.260 90.700 1.000 70.969 92.807 1.308 0.000
236.641667 236.642361 833.000 833.000 25.110 25.510 11.260 90.400 1.000 71.007 93.333 1.314 0.000
236.642361 236.643056 833.000 833.000 25.120 25.530 11.270 90.200 1.000 71.018 93.087 1.311 0.000
236.643750 236.644444 833.000 833.000 25.150 25.540 11.280 89.900 1.000 71.365 91.989 1.289 0.000
236.645833 236.646528 833.000 833.000 25.180 25.560 11.280 89.600 1.000 71.683 91.508 1.277 0.000
236.647222 236.647917 833.000 833.000 25.200 25.580 11.290 89.300 1.000 72.097 92.344 1.281 0.000
236.647917 236.648611 833.000 833.000 25.220 25.600 11.310 88.800 1.000 72.738 92.639 1.274 0.000
236.649306 236.650000 833.000 833.000 25.240 25.610 11.320 88.300 1.000 72.547 93.220 1.285 0.000
236.651389 236.652083 833.000 833.000 25.260 25.630 11.340 87.600 1.000 72.353 90.013 1.244 0.000
236.652778 236.653472 833.000 833.000 25.280 25.650 11.350 86.900 1.000 71.949 90.182 1.253 0.000
236.653472 236.654167 833.000 833.000 25.300 25.670 11.350 86.300 1.000 72.064 88.672 1.230 0.000
236.654861 236.655556 833.000 833.000 25.320 25.680 11.350 85.500 1.000 71.912 88.043 1.224 0.000
236.656944 236.657639 833.000 833.000 25.330 25.700 11.340 84.400 1.000 72.219 87.796 1.216 0.000
236.658333 236.659028 833.000 833.000 25.350 25.720 11.350 83.400 1.000 72.507 86.466 1.193 0.000
236.659722 236.660417 833.000 833.000 25.370 25.740 11.360 82.500 1.000 72.749 86.670 1.191 0.000
236.660417 236.661111 833.000 833.000 25.380 25.750 11.340 82.000 1.000 72.472 86.908 1.199 0.000
236.661806 236.662500 833.000 833.000 25.400 25.770 11.340 81.300 1.000 72.057 86.047 1.194 0.000
236.663889 236.664583 833.000 833.000 25.420 25.790 11.320 80.600 1.000 72.228 86.540 1.198 0.000
236.665278 236.665972 833.000 833.000 25.430 25.800 11.320 79.900 1.000 72.239 84.231 1.166 0.000
236.666667 236.667361 833.000 833.000 25.450 25.820 11.320 79.400 1.000 72.334 83.207 1.150 0.000
236.667361 236.668056 833.000 833.000 25.460 25.830 11.300 79.000 1.000 72.217 85.107 1.178 0.000
236.668750 236.669444 833.000 833.000 25.470 25.840 11.290 78.400 1.000 72.434 84.188 1.162 0.000
236.670139 236.670833 833.000 833.000 25.490 25.860 11.280 77.700 1.000 72.231 83.110 1.151 0.000
236.671528 236.672222 833.000 833.000 25.510 25.870 11.260 77.100 1.000 71.925 83.709 1.164 0.000
