HYGRO_dataset/HYY/FI0050R.20130101000000.20190612000000.nephelometer.aerosol_light_scattering_coefficient.aerosol.3mo.3h.Aurora_3000_HYY_ref_Aurora_3000_HYY_wet..lev2.nas
120 1001 
Zieger, Paul; Burgos, Maria A.  
SE02L, Department of Environmental Science and Analytical Chemistry, ACES,,Frescativägen 54,, SE10691, Stockholm, Sweden 
Burgos, Maria A. 
EMEP GAW-WDCA 
1 1 
2013 01 01 2019 06 12 
0.125 
Days from the file reference point (start_time) 
50 
1 1 1 1 1 1 1 1 1 1 1 1 1 1 1 1 1 1 1 1 1 1 1 1 1 1 1 1 1 1 1 1 1 1 1 1 1 1 1 1 1 1 1 1 1 1 1 1 1 1  
9999.999999 9999.999 9999.999 9999.999 9999.999 9999.999 9999.999 9999.999 9999.999 9999.999 9999.999 9999.999 9999.999 9999.999 9999.999 9999.999 9999.999 9999.999 9999.999 9999.999 9999.999 9999.999 9999.999 9999.999 9999.999 9999.999 9999.999 9999.999 9999.999 9999.999 9999.999 9999.999 9999.999 9999.999 9999.999 9999.999 9999.999 9999.999 9999.999 9999.999 9999.999 9999.999 9999.999 999.999 999.999 999.999 999.999 999.999 999.999  9.999 
end_time of measurement, days from the file reference point 
aerosol_light_scattering_coefficient, 1/Mm, Wavelength=450nm, Matrix=aerosol_humidified, RH=30% 
aerosol_light_scattering_coefficient, 1/Mm, Wavelength=450nm, Matrix=aerosol_humidified, RH=35% 
aerosol_light_scattering_coefficient, 1/Mm, Wavelength=450nm, Matrix=aerosol_humidified, RH=40% 
aerosol_light_scattering_coefficient, 1/Mm, Wavelength=450nm, Matrix=aerosol_humidified, RH=45% 
aerosol_light_scattering_coefficient, 1/Mm, Wavelength=450nm, Matrix=aerosol_humidified, RH=50% 
aerosol_light_scattering_coefficient, 1/Mm, Wavelength=450nm, Matrix=aerosol_humidified, RH=55% 
aerosol_light_scattering_coefficient, 1/Mm, Wavelength=450nm, Matrix=aerosol_humidified, RH=60% 
aerosol_light_scattering_coefficient, 1/Mm, Wavelength=450nm, Matrix=aerosol_humidified, RH=65% 
aerosol_light_scattering_coefficient, 1/Mm, Wavelength=450nm, Matrix=aerosol_humidified, RH=70% 
aerosol_light_scattering_coefficient, 1/Mm, Wavelength=450nm, Matrix=aerosol_humidified, RH=75% 
aerosol_light_scattering_coefficient, 1/Mm, Wavelength=450nm, Matrix=aerosol_humidified, RH=80% 
aerosol_light_scattering_coefficient, 1/Mm, Wavelength=450nm, Matrix=aerosol_humidified, RH=85% 
aerosol_light_scattering_coefficient, 1/Mm, Wavelength=450nm, Matrix=aerosol_humidified, RH=90% 
aerosol_light_scattering_coefficient, 1/Mm, Wavelength=450nm, Matrix=aerosol_humidified, RH=95% 
aerosol_light_scattering_coefficient, 1/Mm, Wavelength=525nm, Matrix=aerosol_humidified, RH=30% 
aerosol_light_scattering_coefficient, 1/Mm, Wavelength=525nm, Matrix=aerosol_humidified, RH=35% 
aerosol_light_scattering_coefficient, 1/Mm, Wavelength=525nm, Matrix=aerosol_humidified, RH=40% 
aerosol_light_scattering_coefficient, 1/Mm, Wavelength=525nm, Matrix=aerosol_humidified, RH=45% 
aerosol_light_scattering_coefficient, 1/Mm, Wavelength=525nm, Matrix=aerosol_humidified, RH=50% 
aerosol_light_scattering_coefficient, 1/Mm, Wavelength=525nm, Matrix=aerosol_humidified, RH=55% 
aerosol_light_scattering_coefficient, 1/Mm, Wavelength=525nm, Matrix=aerosol_humidified, RH=60% 
aerosol_light_scattering_coefficient, 1/Mm, Wavelength=525nm, Matrix=aerosol_humidified, RH=65% 
aerosol_light_scattering_coefficient, 1/Mm, Wavelength=525nm, Matrix=aerosol_humidified, RH=70% 
aerosol_light_scattering_coefficient, 1/Mm, Wavelength=525nm, Matrix=aerosol_humidified, RH=75% 
aerosol_light_scattering_coefficient, 1/Mm, Wavelength=525nm, Matrix=aerosol_humidified, RH=80% 
[...]
Version description:          interpolated scattering coefficients, calculated scattering enhancement factors as described in Burgos et al., 2018 
Height AGL:                   4m 
Inlet type:                   Impactor--direct 
Inlet description:            no heater, no cut size 
Humidity/temperature control: Humidification 
Humidity/temperature control description: humidogram 
Volume std. temperature:       273.15 K 
Volume std. pressure:         1013.25 hPa 
Detection limit:              0.5 1/Mm 
Detection limit expl.:        Determined by instrument counting statistics, no detection limit flag used 
Measurement uncertainty expl.: Uncertainty analysis described in Burgos et al., 2019 
Zero/negative values code:    zero/negative possible 
Zero/negative values:         zero and neg. values may appear due to statistical variations at very low concentrations  
Standard method:              cal-gas=CO2+AIR_truncation-correction=Anderson1998 
Acknowledgement:              Request acknowledgement details from data originator 
start_time end_time scat_30_B scat_35_B scat_40_B scat_45_B scat_50_B scat_55_B scat_60_B scat_65_B scat_70_B scat_75_B scat_80_B scat_85_B scat_90_B scat_95_B numflag_B scat_30_G scat_35_G scat_40_G scat_45_G scat_50_G scat_55_G scat_60_G scat_65_G scat_70_G scat_75_G scat_80_G scat_85_G scat_90_G scat_95_G numflag_G scat_30_R scat_35_R scat_40_R scat_45_R scat_50_R scat_55_R scat_60_R scat_65_R scat_70_R scat_75_R scat_80_R scat_85_R scat_90_R scat_95_R numflag_R f85dry_B numflag_f85dry_B f8540_B numflag_f8540_B f85dry_G numflag_f85dry_G f8540_G numflag_f8540_G f85dry_R numflag_f85dry_R f8540_R numflag_f8540_R 
[from data line 123]
150.958403 151.083403 9999.999 9999.999 9999.999 9999.999 85.134 90.475 88.629 91.100 90.275 92.647 102.061 96.726 103.137 9999.999 9999.999 9999.999 9999.999 9999.999 54.098 56.441 56.530 58.136 56.671 60.160 65.230 64.797 68.122 9999.999 9999.999 9999.999 9999.999 9999.999 47.488 46.627 45.950 48.621 46.254 48.724 56.972 53.937 56.444 9999.999 999.999 999.999 999.999 999.999 999.999 999.999 0.000
151.083403 151.208403 9999.999 9999.999 9999.999 9999.999 9999.999 73.383 77.565 81.027 83.661 83.009 92.479 85.649 98.404 9999.999 9999.999 9999.999 9999.999 9999.999 9999.999 46.260 49.459 51.818 54.371 54.535 58.385 57.067 65.354 9999.999 9999.999 9999.999 9999.999 9999.999 9999.999 38.876 41.046 43.388 44.615 44.780 49.044 45.592 54.094 9999.999 999.999 999.999 999.999 999.999 999.999 999.999 0.000
151.208403 151.333403 9999.999 9999.999 9999.999 9999.999 9999.999 79.901 81.742 80.657 73.195 76.543 78.810 80.757 93.703 9999.999 9999.999 9999.999 9999.999 9999.999 9999.999 49.883 52.041 52.009 46.620 49.915 50.624 53.234 61.906 9999.999 9999.999 9999.999 9999.999 9999.999 9999.999 40.335 41.914 42.946 37.836 39.514 42.411 44.481 51.490 9999.999 999.999 999.999 999.999 999.999 999.999 999.999 0.000
151.333403 151.458403 9999.999 9999.999 9999.999 9999.999 9999.999 54.259 55.993 61.705 62.111 65.268 67.814 73.503 82.225 9999.999 9999.999 9999.999 9999.999 9999.999 9999.999 35.940 35.890 40.653 41.642 44.237 44.845 50.810 53.958 9999.999 9999.999 9999.999 9999.999 9999.999 9999.999 28.924 29.320 35.889 35.754 38.426 38.915 44.353 45.195 9999.999 999.999 999.999 999.999 999.999 999.999 999.999 0.000
151.458403 151.583403 9999.999 9999.999 9999.999 9999.999 9999.999 9999.999 9999.999 9999.999 9999.999 9999.999 9999.999 9999.999 9999.999 9999.999 9999.999 9999.999 9999.999 9999.999 9999.999 9999.999 9999.999 9999.999 9999.999 9999.999 9999.999 9999.999 9999.999 9999.999 9999.999 9999.999 9999.999 9999.999 9999.999 9999.999 9999.999 9999.999 9999.999 9999.999 9999.999 9999.999 9999.999 9999.999 999.999 999.999 999.999 999.999 999.999 999.999 0.000
151.583403 151.708403 9999.999 9999.999 9999.999 9999.999 9999.999 9999.999 9999.999 9999.999 9999.999 9999.999 9999.999 9999.999 9999.999 9999.999 9999.999 9999.999 9999.999 9999.999 9999.999 9999.999 9999.999 9999.999 9999.999 9999.999 9999.999 9999.999 9999.999 9999.999 9999.999 9999.999 9999.999 9999.999 9999.999 9999.999 9999.999 9999.999 9999.999 9999.999 9999.999 9999.999 9999.999 9999.999 999.999 999.999 999.999 999.999 999.999 999.999 0.000
151.708403 151.833403 9999.999 9999.999 9999.999 9999.999 9999.999 41.243 44.313 44.558 45.966 45.237 47.730 50.870 51.829 9999.999 9999.999 9999.999 9999.999 9999.999 9999.999 27.324 29.300 29.334 31.202 29.920 31.380 35.269 34.610 9999.999 9999.999 9999.999 9999.999 9999.999 9999.999 22.547 25.969 24.952 25.829 24.696 27.536 30.125 28.240 9999.999 1.264 999.999 1.226 999.999 1.388 999.999 0.000
151.833403 151.958403 9999.999 9999.999 9999.999 9999.999 35.802 35.928 36.889 38.490 39.708 39.730 44.898 46.322 53.603 9999.999 9999.999 9999.999 9999.999 9999.999 23.411 23.878 23.984 25.641 25.983 26.357 29.123 30.246 35.922 9999.999 9999.999 9999.999 9999.999 9999.999 17.888 18.641 18.770 19.466 20.970 20.929 23.761 22.813 29.332 9999.999 1.286 999.999 1.254 999.999 1.386 999.999 0.000
151.958403 152.083403 9999.999 9999.999 9999.999 9999.999 39.942 45.570 43.033 41.305 44.709 43.220 45.948 59.181 81.559 9999.999 9999.999 9999.999 9999.999 9999.999 26.469 28.834 27.838 26.048 29.634 29.108 30.527 39.061 52.214 9999.999 9999.999 9999.999 9999.999 9999.999 21.921 22.294 21.889 20.256 22.830 23.617 23.488 31.994 43.083 9999.999 1.364 999.999 1.250 999.999 1.424 999.999 0.000
152.083403 152.208403 9999.999 9999.999 9999.999 9999.999 55.304 58.126 55.261 54.042 51.209 53.284 67.069 65.039 61.188 9999.999 9999.999 9999.999 9999.999 9999.999 33.573 35.533 34.300 34.318 32.124 33.038 40.856 43.560 40.626 9999.999 9999.999 9999.999 9999.999 9999.999 27.261 29.501 26.630 27.017 24.465 24.684 32.081 38.277 33.340 9999.999 1.282 999.999 1.160 999.999 1.359 999.999 0.000
152.208403 152.333403 9999.999 9999.999 9999.999 9999.999 9999.999 51.841 45.176 59.368 48.405 47.550 50.089 61.146 58.497 9999.999 9999.999 9999.999 9999.999 9999.999 9999.999 33.236 28.622 37.707 32.148 31.237 33.118 41.213 38.862 9999.999 9999.999 9999.999 9999.999 9999.999 9999.999 25.881 24.417 31.852 24.272 24.490 25.951 33.101 30.405 9999.999 1.229 999.999 1.127 999.999 1.330 999.999 0.000
152.333403 152.458403 9999.999 9999.999 9999.999 9999.999 9999.999 64.693 66.831 63.346 68.641 67.220 75.179 77.200 82.379 9999.999 9999.999 9999.999 9999.999 9999.999 9999.999 42.171 43.027 42.693 44.415 44.910 50.178 50.607 54.573 9999.999 9999.999 9999.999 9999.999 9999.999 9999.999 34.135 34.969 35.003 36.095 37.090 40.231 41.666 47.569 9999.999 1.262 999.999 1.145 999.999 1.372 999.999 0.000
152.458403 152.583403 9999.999 9999.999 9999.999 9999.999 57.196 60.626 60.005 62.262 65.375 69.441 74.032 79.863 9999.999 9999.999 9999.999 9999.999 9999.999 9999.999 37.605 38.510 38.048 40.698 41.961 45.365 48.667 52.983 9999.999 9999.999 9999.999 9999.999 9999.999 9999.999 30.383 30.986 30.298 32.895 33.226 36.087 40.551 44.596 9999.999 9999.999 1.303 999.999 1.201 999.999 1.437 999.999 0.000
152.583403 152.708403 9999.999 9999.999 9999.999 54.286 62.514 63.546 66.398 67.165 71.238 64.268 76.214 70.068 9999.999 9999.999 9999.999 9999.999 9999.999 34.923 38.169 40.825 41.574 43.417 46.639 42.400 49.819 46.014 9999.999 9999.999 9999.999 9999.999 9999.999 28.557 33.579 33.884 33.447 34.898 38.339 32.967 41.116 37.007 9999.999 9999.999 1.357 999.999 1.288 999.999 1.540 999.999 0.000
152.708403 152.833403 9999.999 9999.999 9999.999 49.455 51.721 56.677 50.487 53.472 62.412 64.309 68.656 80.289 89.900 9999.999 9999.999 9999.999 9999.999 32.061 32.725 37.200 33.193 36.093 41.464 40.991 45.754 52.504 59.609 9999.999 9999.999 9999.999 9999.999 25.004 26.541 30.299 26.368 29.883 33.459 32.571 37.496 42.953 49.610 9999.999 1.386 999.999 1.294 999.999 1.520 999.999 0.000
152.833403 152.958403 9999.999 9999.999 9999.999 69.968 70.825 70.925 74.324 75.787 76.163 82.097 83.900 94.737 101.796 9999.999 9999.999 9999.999 9999.999 44.331 44.822 45.811 48.396 46.447 50.800 52.677 53.665 61.360 67.740 9999.999 9999.999 9999.999 9999.999 35.174 35.300 36.253 38.977 37.166 40.654 42.704 43.629 50.593 56.438 9999.999 1.355 999.999 1.246 999.999 1.523 999.999 0.000
152.958403 153.083403 9999.999 9999.999 9999.999 9999.999 81.625 81.697 76.538 79.176 84.028 86.039 87.445 105.066 113.952 9999.999 9999.999 9999.999 9999.999 9999.999 51.163 52.022 49.123 49.890 53.165 53.105 56.745 68.226 74.968 9999.999 9999.999 9999.999 9999.999 9999.999 41.233 41.172 40.722 37.827 43.648 41.787 48.194 56.599 62.478 9999.999 1.314 999.999 1.196 999.999 1.500 999.999 0.000
153.083403 153.208403 9999.999 9999.999 9999.999 9999.999 80.253 80.836 81.236 83.345 88.461 92.064 95.517 107.793 132.670 9999.999 9999.999 9999.999 9999.999 9999.999 48.801 51.429 51.319 53.397 55.839 58.069 62.830 71.154 87.025 9999.999 9999.999 9999.999 9999.999 9999.999 38.650 40.292 40.386 42.265 43.886 48.612 50.855 57.432 73.248 9999.999 1.245 999.999 1.132 999.999 1.448 999.999 0.000
153.208403 153.333403 9999.999 9999.999 9999.999 9999.999 9999.999 154.655 93.023 111.322 109.124 104.450 102.931 111.611 121.327 9999.999 9999.999 9999.999 9999.999 9999.999 9999.999 104.555 57.408 72.340 68.403 67.399 66.993 70.975 78.483 9999.999 9999.999 9999.999 9999.999 9999.999 9999.999 87.985 44.985 60.761 58.366 55.756 55.754 59.586 65.184 9999.999 1.212 999.999 1.089 999.999 1.414 999.999 0.000
153.333403 153.458403 9999.999 9999.999 9999.999 9999.999 67.108 62.350 75.069 82.290 79.646 86.160 90.373 91.080 103.166 9999.999 9999.999 9999.999 9999.999 9999.999 46.578 42.964 52.659 58.253 55.209 60.814 63.922 63.824 72.721 9999.999 9999.999 9999.999 9999.999 9999.999 37.259 32.160 41.461 42.533 42.481 48.405 49.336 50.757 58.027 9999.999 1.160 999.999 1.119 999.999 1.307 999.999 0.000
153.458403 153.583403 9999.999 9999.999 46.619 49.041 51.583 48.560 53.549 55.723 57.770 61.181 63.432 70.379 73.562 9999.999 9999.999 9999.999 33.068 34.789 35.321 34.105 38.026 39.205 40.596 43.553 44.969 50.526 52.767 9999.999 9999.999 9999.999 24.134 26.827 24.994 25.919 28.297 28.519 31.087 33.570 33.423 39.593 41.292 9999.999 1.239 1.467 1.208 1.467 1.326 1.552 0.000
153.583403 153.708403 9999.999 9999.999 9999.999 51.950 46.603 51.075 48.160 49.702 51.496 52.034 52.904 56.553 65.475 9999.999 9999.999 9999.999 9999.999 37.050 32.961 37.637 33.963 35.290 36.492 37.747 37.373 40.422 47.276 9999.999 9999.999 9999.999 9999.999 28.152 23.654 29.763 24.642 26.787 27.459 30.984 28.397 31.990 37.795 9999.999 1.305 999.999 1.278 999.999 1.359 999.999 0.000
153.708403 153.833403 9999.999 9999.999 9999.999 51.007 53.810 50.646 55.078 55.340 58.827 59.134 64.009 71.419 73.684 9999.999 9999.999 9999.999 9999.999 36.826 39.072 36.920 39.212 40.611 42.066 42.718 46.481 51.791 52.551 9999.999 9999.999 9999.999 9999.999 29.195 29.191 30.396 30.678 31.330 32.102 33.791 35.974 42.594 42.433 9999.999 1.340 999.999 1.295 999.999 1.353 999.999 0.000
153.833403 153.958403 9999.999 9999.999 9999.999 9999.999 55.962 57.395 57.704 57.749 59.084 60.676 64.591 66.742 76.184 9999.999 9999.999 9999.999 9999.999 9999.999 40.487 40.549 41.338 40.815 41.632 42.946 45.963 48.247 54.857 9999.999 9999.999 9999.999 9999.999 9999.999 31.158 31.666 31.429 30.897 32.300 33.098 36.497 38.242 40.025 9999.999 1.311 999.999 999.999 999.999 1.323 999.999 0.000
153.958403 154.083403 9999.999 9999.999 9999.999 9999.999 9999.999 93.107 97.921 86.603 69.222 76.416 75.076 76.726 83.245 9999.999 9999.999 9999.999 9999.999 9999.999 9999.999 64.944 68.325 60.469 48.358 53.694 52.957 54.918 59.113 9999.999 9999.999 9999.999 9999.999 9999.999 9999.999 51.875 53.787 46.710 37.057 40.541 42.428 42.161 47.926 9999.999 1.217 999.999 1.171 999.999 1.319 999.999 0.000
154.083403 154.208403 9999.999 9999.999 9999.999 9999.999 9999.999 133.695 135.291 129.640 140.321 145.681 146.685 153.472 165.343 9999.999 9999.999 9999.999 9999.999 9999.999 9999.999 96.305 96.830 94.811 100.340 104.100 104.118 110.165 118.332 9999.999 9999.999 9999.999 9999.999 9999.999 9999.999 81.300 79.167 79.301 81.800 85.095 84.838 91.155 98.859 9999.999 1.145 999.999 1.102 999.999 1.381 999.999 0.000
154.208403 154.333403 9999.999 9999.999 9999.999 9999.999 9999.999 123.895 125.583 137.289 142.220 144.474 147.514 156.097 171.869 9999.999 9999.999 9999.999 9999.999 9999.999 9999.999 93.099 92.738 103.008 107.339 108.129 111.227 117.467 130.481 9999.999 9999.999 9999.999 9999.999 9999.999 9999.999 82.780 75.174 89.402 94.893 94.785 97.665 104.161 115.216 9999.999 1.120 999.999 1.074 999.999 1.344 999.999 0.000
154.333403 154.458403 9999.999 9999.999 9999.999 9999.999 9999.999 83.996 95.086 97.449 107.960 138.419 138.582 154.667 178.522 9999.999 9999.999 9999.999 9999.999 9999.999 9999.999 62.212 70.109 72.299 79.699 103.933 104.875 117.745 139.405 9999.999 9999.999 9999.999 9999.999 9999.999 9999.999 52.591 57.188 59.905 67.685 89.640 89.601 105.574 130.353 9999.999 1.107 999.999 1.060 999.999 1.311 999.999 0.000
154.458403 154.583403 9999.999 9999.999 9999.999 9999.999 9999.999 114.649 106.845 112.172 106.091 101.686 106.113 104.308 110.131 9999.999 9999.999 9999.999 9999.999 9999.999 9999.999 82.955 77.829 80.397 77.130 75.274 78.200 76.062 81.428 9999.999 9999.999 9999.999 9999.999 9999.999 9999.999 69.752 64.794 65.074 61.988 62.261 65.741 62.105 70.333 9999.999 1.098 999.999 1.054 999.999 1.268 999.999 0.000
154.583403 154.708403 9999.999 9999.999 9999.999 9999.999 82.881 82.364 87.926 93.374 103.712 108.561 107.291 115.316 120.400 9999.999 9999.999 9999.999 9999.999 9999.999 59.892 58.569 62.604 66.489 73.990 78.053 78.254 83.312 86.673 9999.999 9999.999 9999.999 9999.999 9999.999 47.547 46.723 49.863 54.061 58.893 65.582 64.905 67.634 71.015 9999.999 1.146 999.999 1.105 999.999 1.328 999.999 0.000
154.708403 154.833403 9999.999 9999.999 9999.999 56.810 50.226 58.229 45.169 43.111 65.678 60.797 48.372 53.388 60.485 9999.999 9999.999 9999.999 9999.999 40.232 35.132 40.781 31.792 30.792 46.440 42.677 34.815 37.266 43.021 9999.999 9999.999 9999.999 9999.999 29.799 26.235 30.104 23.124 21.708 36.741 32.665 24.893 27.643 32.069 9999.999 1.362 999.999 1.371 999.999 1.392 999.999 0.000
154.833403 154.958403 9999.999 9999.999 9999.999 9999.999 79.365 78.311 79.794 80.391 81.012 83.233 86.052 89.413 97.344 9999.999 9999.999 9999.999 9999.999 9999.999 55.595 55.971 55.808 57.140 57.081 58.700 61.430 63.825 70.437 9999.999 9999.999 9999.999 9999.999 9999.999 44.633 46.453 43.506 46.321 42.415 46.241 49.925 51.703 54.609 9999.999 1.165 999.999 1.123 999.999 1.302 999.999 0.000
154.958403 155.083403 9999.999 9999.999 9999.999 9999.999 83.907 84.258 86.762 87.908 87.561 89.458 97.060 95.476 103.869 9999.999 9999.999 9999.999 9999.999 9999.999 60.200 59.359 61.425 60.938 60.776 63.870 68.298 68.479 72.871 9999.999 9999.999 9999.999 9999.999 9999.999 47.723 46.129 48.236 45.054 48.215 50.943 54.217 56.138 60.206 9999.999 1.118 999.999 1.075 999.999 1.280 999.999 0.000
155.083403 155.208403 9999.999 9999.999 9999.999 9999.999 9999.999 82.022 83.027 84.522 86.153 88.684 94.415 97.026 104.862 9999.999 9999.999 9999.999 9999.999 9999.999 9999.999 57.856 58.506 59.609 62.165 62.778 67.929 69.760 75.628 9999.999 9999.999 9999.999 9999.999 9999.999 9999.999 44.296 45.645 47.367 51.085 50.542 53.182 54.578 62.297 9999.999 1.112 999.999 1.069 999.999 1.264 999.999 0.000
155.208403 155.333403 9999.999 9999.999 9999.999 9999.999 9999.999 81.249 83.941 85.579 83.943 87.205 89.232 91.472 96.416 9999.999 9999.999 9999.999 9999.999 9999.999 9999.999 56.991 59.990 60.464 59.433 62.360 62.673 65.699 69.701 9999.999 9999.999 9999.999 9999.999 9999.999 9999.999 43.656 48.417 46.393 48.500 47.812 48.052 54.599 55.210 9999.999 1.092 999.999 1.056 999.999 1.258 999.999 0.000
155.333403 155.458403 9999.999 9999.999 9999.999 49.351 55.765 63.489 66.993 64.968 77.884 72.531 90.301 92.387 89.617 9999.999 9999.999 9999.999 9999.999 35.469 39.302 44.713 47.208 46.583 55.275 51.445 64.815 65.318 64.172 9999.999 9999.999 9999.999 9999.999 27.687 30.898 32.587 35.994 35.875 44.511 38.568 52.188 51.916 51.808 9999.999 1.132 999.999 1.093 999.999 1.257 999.999 0.000
155.458403 155.583403 9999.999 9999.999 9999.999 52.646 58.419 64.326 57.906 49.273 65.590 66.498 66.987 67.397 82.520 9999.999 9999.999 9999.999 9999.999 37.080 42.822 44.433 41.050 35.482 46.563 46.514 48.245 47.550 58.832 9999.999 9999.999 9999.999 9999.999 28.919 33.351 31.248 30.691 28.717 37.744 33.923 36.424 37.026 46.860 9999.999 1.258 999.999 1.226 999.999 1.347 999.999 0.000
155.583403 155.708403 9999.999 9999.999 50.563 46.613 47.404 55.382 37.552 45.340 54.785 54.797 53.854 49.105 57.929 9999.999 9999.999 9999.999 37.155 33.224 33.118 39.246 27.468 32.372 38.994 38.777 37.942 34.973 42.112 9999.999 9999.999 9999.999 30.354 25.066 23.089 28.843 20.169 23.409 30.129 30.759 27.968 24.571 32.641 9999.999 1.332 999.999 1.325 999.999 1.361 999.999 0.000
155.708403 155.833403 9999.999 9999.999 9999.999 60.518 61.633 58.146 62.859 64.299 67.293 65.878 67.593 69.214 77.495 9999.999 9999.999 9999.999 9999.999 42.563 44.045 41.223 44.163 45.222 47.932 46.636 47.881 49.203 55.591 9999.999 9999.999 9999.999 9999.999 31.888 34.753 32.651 34.501 34.249 37.985 37.250 37.217 39.551 43.912 9999.999 1.222 999.999 1.179 999.999 1.292 999.999 0.000
