HYGRO_dataset/HYY/FI0050R.20130101000000.20190612000000.nephelometer.aerosol_light_scattering_coefficient.aerosol.3mo.3h.Aurora_3000_HYY_ref_Aurora_3000_HYY_wet..lev2.nas
120 1001 
Zieger, Paul; Burgos, Maria A.  
SE02L, Department of Environmental Science and Analytical Chemistry, ACES,,Frescativägen 54,, SE10691, Stockholm, Sweden 
Burgos, Maria A. 
EMEP GAW-WDCA 
1 1 
2013 01 01 2019 06 12 
0.125 
Days from the file reference point (start_time) 
50 
1 1 1 1 1 1 1 1 1 1 1 1 1 1 1 1 1 1 1 1 1 1 1 1 1 1 1 1 1 1 1 1 1 1 1 1 1 1 1 1 1 1 1 1 1 1 1 1 1 1  
9999.999999 9999.999 9999.999 9999.999 9999.999 9999.999 9999.999 9999.999 9999.999 9999.999 9999.999 9999.999 9999.999 9999.999 9999.999 9999.999 9999.999 9999.999 9999.999 9999.999 9999.999 9999.999 9999.999 9999.999 9999.999 9999.999 9999.999 9999.999 9999.999 9999.999 9999.999 9999.999 9999.999 9999.999 9999.999 9999.999 9999.999 9999.999 9999.999 9999.999 9999.999 9999.999 9999.999 999.999 999.999 999.999 999.999 999.999 999.999  9.999 
end_time of measurement, days from the file reference point 
aerosol_light_scattering_coefficient, 1/Mm, Wavelength=450nm, Matrix=aerosol_humidified, RH=30% 
aerosol_light_scattering_coefficient, 1/Mm, Wavelength=450nm, Matrix=aerosol_humidified, RH=35% 
aerosol_light_scattering_coefficient, 1/Mm, Wavelength=450nm, Matrix=aerosol_humidified, RH=40% 
aerosol_light_scattering_coefficient, 1/Mm, Wavelength=450nm, Matrix=aerosol_humidified, RH=45% 
aerosol_light_scattering_coefficient, 1/Mm, Wavelength=450nm, Matrix=aerosol_humidified, RH=50% 
aerosol_light_scattering_coefficient, 1/Mm, Wavelength=450nm, Matrix=aerosol_humidified, RH=55% 
aerosol_light_scattering_coefficient, 1/Mm, Wavelength=450nm, Matrix=aerosol_humidified, RH=60% 
aerosol_light_scattering_coefficient, 1/Mm, Wavelength=450nm, Matrix=aerosol_humidified, RH=65% 
aerosol_light_scattering_coefficient, 1/Mm, Wavelength=450nm, Matrix=aerosol_humidified, RH=70% 
aerosol_light_scattering_coefficient, 1/Mm, Wavelength=450nm, Matrix=aerosol_humidified, RH=75% 
aerosol_light_scattering_coefficient, 1/Mm, Wavelength=450nm, Matrix=aerosol_humidified, RH=80% 
aerosol_light_scattering_coefficient, 1/Mm, Wavelength=450nm, Matrix=aerosol_humidified, RH=85% 
aerosol_light_scattering_coefficient, 1/Mm, Wavelength=450nm, Matrix=aerosol_humidified, RH=90% 
aerosol_light_scattering_coefficient, 1/Mm, Wavelength=450nm, Matrix=aerosol_humidified, RH=95% 
aerosol_light_scattering_coefficient, 1/Mm, Wavelength=525nm, Matrix=aerosol_humidified, RH=30% 
aerosol_light_scattering_coefficient, 1/Mm, Wavelength=525nm, Matrix=aerosol_humidified, RH=35% 
aerosol_light_scattering_coefficient, 1/Mm, Wavelength=525nm, Matrix=aerosol_humidified, RH=40% 
aerosol_light_scattering_coefficient, 1/Mm, Wavelength=525nm, Matrix=aerosol_humidified, RH=45% 
aerosol_light_scattering_coefficient, 1/Mm, Wavelength=525nm, Matrix=aerosol_humidified, RH=50% 
aerosol_light_scattering_coefficient, 1/Mm, Wavelength=525nm, Matrix=aerosol_humidified, RH=55% 
aerosol_light_scattering_coefficient, 1/Mm, Wavelength=525nm, Matrix=aerosol_humidified, RH=60% 
aerosol_light_scattering_coefficient, 1/Mm, Wavelength=525nm, Matrix=aerosol_humidified, RH=65% 
aerosol_light_scattering_coefficient, 1/Mm, Wavelength=525nm, Matrix=aerosol_humidified, RH=70% 
aerosol_light_scattering_coefficient, 1/Mm, Wavelength=525nm, Matrix=aerosol_humidified, RH=75% 
aerosol_light_scattering_coefficient, 1/Mm, Wavelength=525nm, Matrix=aerosol_humidified, RH=80% 
[...]
Version description:          interpolated scattering coefficients, calculated scattering enhancement factors as described in Burgos et al., 2018 
Height AGL:                   4m 
Inlet type:                   Impactor--direct 
Inlet description:            no heater, no cut size 
Humidity/temperature control: Humidification 
Humidity/temperature control description: humidogram 
Volume std. temperature:       273.15 K 
Volume std. pressure:         1013.25 hPa 
Detection limit:              0.5 1/Mm 
Detection limit expl.:        Determined by instrument counting statistics, no detection limit flag used 
Measurement uncertainty expl.: Uncertainty analysis described in Burgos et al., 2019 
Zero/negative values code:    zero/negative possible 
Zero/negative values:         zero and neg. values may appear due to statistical variations at very low concentrations  
Standard method:              cal-gas=CO2+AIR_truncation-correction=Anderson1998 
Acknowledgement:              Request acknowledgement details from data originator 
start_time end_time scat_30_B scat_35_B scat_40_B scat_45_B scat_50_B scat_55_B scat_60_B scat_65_B scat_70_B scat_75_B scat_80_B scat_85_B scat_90_B scat_95_B numflag_B scat_30_G scat_35_G scat_40_G scat_45_G scat_50_G scat_55_G scat_60_G scat_65_G scat_70_G scat_75_G scat_80_G scat_85_G scat_90_G scat_95_G numflag_G scat_30_R scat_35_R scat_40_R scat_45_R scat_50_R scat_55_R scat_60_R scat_65_R scat_70_R scat_75_R scat_80_R scat_85_R scat_90_R scat_95_R numflag_R f85dry_B numflag_f85dry_B f8540_B numflag_f8540_B f85dry_G numflag_f85dry_G f8540_G numflag_f8540_G f85dry_R numflag_f85dry_R f8540_R numflag_f8540_R 
[from data line 352]
179.583403 179.708403 9999.999 9999.999 38.691 42.010 41.303 49.536 52.009 51.165 51.624 55.503 55.058 9999.999 9999.999 9999.999 9999.999 9999.999 26.690 28.255 28.353 33.766 36.376 34.726 35.815 38.488 38.096 9999.999 9999.999 9999.999 9999.999 9999.999 22.100 22.080 22.982 27.652 31.209 29.910 30.305 33.770 33.336 9999.999 9999.999 9999.999 1.425 1.658 1.384 1.681 1.646 1.770 0.000
179.708403 179.833403 9999.999 9999.999 9999.999 50.483 53.450 57.697 61.330 61.776 65.206 69.243 69.694 9999.999 9999.999 9999.999 9999.999 9999.999 9999.999 34.126 36.893 39.190 42.079 42.952 45.681 48.560 48.114 9999.999 9999.999 9999.999 9999.999 9999.999 9999.999 26.398 31.477 33.060 33.915 37.910 41.270 42.914 39.935 9999.999 9999.999 9999.999 1.379 999.999 1.317 999.999 1.591 999.999 0.000
179.833403 179.958403 9999.999 9999.999 9999.999 56.517 57.529 64.277 63.967 66.385 68.942 71.339 74.666 9999.999 9999.999 9999.999 9999.999 9999.999 9999.999 38.503 37.992 43.953 44.354 45.052 47.697 48.825 51.765 9999.999 9999.999 9999.999 9999.999 9999.999 9999.999 33.239 31.300 35.867 38.786 36.272 41.485 39.919 44.638 9999.999 9999.999 9999.999 1.310 999.999 1.250 999.999 1.546 999.999 0.000
179.958403 180.083403 9999.999 9999.999 9999.999 45.832 58.873 38.937 38.675 51.784 52.668 61.652 64.054 9999.999 9999.999 9999.999 9999.999 9999.999 9999.999 32.810 39.403 26.142 26.235 36.789 37.259 42.187 45.380 9999.999 9999.999 9999.999 9999.999 9999.999 9999.999 30.933 30.845 19.777 20.627 32.567 32.774 33.867 41.503 9999.999 9999.999 9999.999 1.364 999.999 1.303 999.999 1.620 999.999 0.000
180.083403 180.208403 9999.999 9999.999 9999.999 49.770 50.330 40.532 37.019 38.021 28.205 37.061 40.257 9999.999 9999.999 9999.999 9999.999 9999.999 9999.999 34.170 34.145 27.969 25.041 26.670 19.665 24.892 27.275 9999.999 9999.999 9999.999 9999.999 9999.999 9999.999 28.865 27.987 23.598 19.928 23.499 16.167 20.052 20.303 9999.999 9999.999 9999.999 1.406 999.999 1.542 999.999 1.513 999.999 0.000
180.208403 180.333403 9999.999 9999.999 9999.999 36.187 35.858 34.523 26.327 33.888 47.105 48.900 54.273 9999.999 9999.999 9999.999 9999.999 9999.999 9999.999 25.297 24.632 24.374 18.137 23.535 33.164 34.215 38.295 9999.999 9999.999 9999.999 9999.999 9999.999 9999.999 21.021 20.137 21.497 14.871 19.556 27.434 28.926 33.987 9999.999 9999.999 9999.999 1.476 999.999 1.489 999.999 1.647 999.999 0.000
180.333403 180.458403 9999.999 9999.999 9999.999 30.362 31.813 25.790 34.307 39.022 40.887 40.926 45.160 9999.999 9999.999 9999.999 9999.999 9999.999 9999.999 21.123 22.057 17.292 23.746 27.271 28.231 28.632 31.379 9999.999 9999.999 9999.999 9999.999 9999.999 9999.999 17.871 18.422 12.694 19.632 23.612 22.904 24.686 27.506 9999.999 9999.999 9999.999 1.547 999.999 1.544 999.999 1.711 999.999 0.000
180.458403 180.583403 9999.999 9999.999 9999.999 25.882 28.374 32.832 29.516 35.694 33.101 41.592 41.213 46.431 9999.999 9999.999 9999.999 9999.999 9999.999 17.586 19.962 22.848 20.807 24.885 23.014 28.998 28.662 33.582 9999.999 9999.999 9999.999 9999.999 9999.999 14.491 18.324 18.286 17.388 20.689 17.699 23.484 22.732 30.694 9999.999 9999.999 1.556 999.999 1.571 999.999 1.573 999.999 0.000
180.583403 180.708403 9999.999 9999.999 9999.999 29.628 32.386 32.063 36.876 39.037 42.213 37.568 44.191 9999.999 9999.999 9999.999 9999.999 9999.999 9999.999 20.871 22.468 21.951 25.877 27.309 29.350 27.129 31.223 9999.999 9999.999 9999.999 9999.999 9999.999 9999.999 17.731 17.896 17.768 22.881 22.426 23.382 24.569 27.108 9999.999 9999.999 9999.999 1.485 999.999 1.445 999.999 1.594 999.999 0.000
180.708403 180.833403 9999.999 9999.999 9999.999 39.103 36.983 40.988 41.645 41.237 43.078 45.518 47.046 9999.999 9999.999 9999.999 9999.999 9999.999 9999.999 26.833 25.286 27.890 30.194 29.290 29.985 31.760 33.312 9999.999 9999.999 9999.999 9999.999 9999.999 9999.999 21.239 21.107 21.144 24.474 25.993 26.010 26.298 28.633 9999.999 9999.999 9999.999 1.394 999.999 1.375 999.999 1.493 999.999 0.000
180.833403 180.958403 9999.999 9999.999 9999.999 38.222 39.094 40.098 41.282 42.804 45.226 44.081 49.294 9999.999 9999.999 9999.999 9999.999 9999.999 9999.999 26.430 27.108 27.594 28.619 29.458 32.102 30.720 35.115 9999.999 9999.999 9999.999 9999.999 9999.999 9999.999 20.760 23.711 23.240 23.565 25.129 28.678 26.016 31.385 9999.999 9999.999 9999.999 1.281 999.999 1.232 999.999 1.441 999.999 0.000
180.958403 181.083403 9999.999 9999.999 9999.999 39.581 40.344 41.786 47.092 45.396 46.858 50.234 52.825 9999.999 9999.999 9999.999 9999.999 9999.999 9999.999 27.386 28.314 29.073 33.848 31.938 32.885 35.305 37.229 9999.999 9999.999 9999.999 9999.999 9999.999 9999.999 22.039 24.105 24.259 29.621 27.581 27.895 30.081 32.978 9999.999 9999.999 9999.999 1.313 999.999 1.241 999.999 1.444 999.999 0.000
181.083403 181.208403 9999.999 9999.999 9999.999 41.420 45.258 44.245 44.993 51.931 52.855 54.464 56.899 9999.999 9999.999 9999.999 9999.999 9999.999 9999.999 29.051 31.602 30.663 31.242 36.467 36.955 39.073 39.715 9999.999 9999.999 9999.999 9999.999 9999.999 9999.999 24.730 25.957 25.542 24.723 29.734 31.971 33.480 32.619 9999.999 9999.999 9999.999 1.275 999.999 1.222 999.999 1.474 999.999 0.000
181.208403 181.333403 9999.999 9999.999 9999.999 45.985 46.046 48.305 43.879 49.860 46.692 53.841 56.458 9999.999 9999.999 9999.999 9999.999 9999.999 9999.999 32.194 32.585 33.921 30.405 35.441 32.428 37.911 40.172 9999.999 9999.999 9999.999 9999.999 9999.999 9999.999 26.405 28.856 28.573 25.499 31.242 27.943 33.185 36.193 9999.999 9999.999 9999.999 1.409 999.999 1.335 999.999 1.552 999.999 0.000
181.333403 181.458403 9999.999 9999.999 9999.999 38.568 38.018 38.766 41.332 35.615 39.790 36.650 45.987 45.549 9999.999 9999.999 9999.999 9999.999 9999.999 26.990 26.515 27.310 29.007 24.678 28.316 26.062 32.671 32.315 9999.999 9999.999 9999.999 9999.999 9999.999 21.988 22.221 22.126 25.230 19.892 24.195 22.474 29.075 28.596 9999.999 9999.999 1.454 999.999 1.483 999.999 1.613 999.999 0.000
181.458403 181.583403 9999.999 9999.999 22.442 23.678 25.275 29.908 28.353 25.382 22.864 25.809 29.454 31.129 9999.999 9999.999 9999.999 9999.999 15.661 17.119 17.558 20.816 20.088 17.824 16.791 18.512 21.285 22.188 9999.999 9999.999 9999.999 9999.999 11.628 13.770 13.360 16.587 18.666 14.197 15.648 14.841 19.234 19.182 9999.999 9999.999 1.405 999.999 1.480 999.999 999.999 999.999 0.000
181.583403 181.708403 9999.999 9999.999 20.629 21.517 22.117 21.586 24.610 26.614 27.997 25.894 27.937 9999.999 9999.999 9999.999 9999.999 9999.999 14.935 15.619 15.730 15.347 18.389 18.755 19.522 19.152 19.977 9999.999 9999.999 9999.999 9999.999 9999.999 12.078 13.874 12.169 11.847 15.893 15.372 15.121 16.641 17.551 9999.999 9999.999 9999.999 1.373 1.573 999.999 1.555 999.999 1.642 0.000
181.708403 181.833403 9999.999 9999.999 9999.999 26.517 28.110 26.570 27.712 29.742 30.443 32.059 33.121 9999.999 9999.999 9999.999 9999.999 9999.999 9999.999 18.394 19.634 18.606 20.016 21.226 22.146 24.317 23.411 9999.999 9999.999 9999.999 9999.999 9999.999 9999.999 14.023 14.293 14.256 16.657 18.119 19.200 25.383 19.853 9999.999 9999.999 9999.999 1.350 999.999 1.403 999.999 999.999 999.999 0.000
181.833403 181.958403 9999.999 9999.999 9999.999 29.048 29.635 30.730 29.979 32.227 36.127 43.767 37.173 9999.999 9999.999 9999.999 9999.999 9999.999 9999.999 20.755 21.325 21.306 21.030 23.252 25.920 31.989 26.778 9999.999 9999.999 9999.999 9999.999 9999.999 9999.999 17.184 19.407 16.384 18.487 20.911 23.707 28.276 24.066 9999.999 9999.999 9999.999 1.259 999.999 999.999 999.999 999.999 999.999 0.000
181.958403 182.083403 9999.999 9999.999 20.505 21.636 27.968 29.387 33.731 36.311 39.592 38.099 47.643 9999.999 9999.999 9999.999 9999.999 9999.999 14.410 15.123 19.557 20.663 24.382 25.990 28.013 26.697 33.689 9999.999 9999.999 9999.999 9999.999 9999.999 9.825 12.301 16.064 17.939 22.947 22.347 24.672 23.038 29.930 9999.999 9999.999 9999.999 1.587 2.849 1.473 2.867 1.658 3.726 0.000
182.083403 182.208403 9999.999 9999.999 9999.999 28.219 28.029 32.150 28.228 29.376 30.410 32.914 36.351 9999.999 9999.999 9999.999 9999.999 9999.999 9999.999 19.849 19.688 23.111 20.129 20.676 21.599 23.658 25.895 9999.999 9999.999 9999.999 9999.999 9999.999 9999.999 16.899 16.284 19.573 16.874 16.971 18.674 19.211 22.927 9999.999 9999.999 9999.999 1.472 999.999 1.441 999.999 999.999 999.999 0.000
182.208403 182.333403 9999.999 9999.999 9999.999 20.713 22.414 21.590 27.698 23.918 23.927 24.519 26.699 9999.999 9999.999 9999.999 9999.999 9999.999 9999.999 14.965 15.937 15.452 19.396 16.649 17.230 17.637 19.063 9999.999 9999.999 9999.999 9999.999 9999.999 9999.999 12.888 13.686 13.091 15.869 13.810 15.666 16.492 16.389 9999.999 9999.999 9999.999 1.921 999.999 2.184 999.999 1.656 999.999 0.000
182.333403 182.458403 9999.999 9999.999 9999.999 18.624 17.624 16.493 17.901 21.350 22.583 22.999 25.832 29.420 9999.999 9999.999 9999.999 9999.999 9999.999 13.433 12.393 12.360 13.393 14.703 15.776 16.236 18.136 20.682 9999.999 9999.999 9999.999 9999.999 9999.999 10.897 9.301 12.615 11.969 11.807 12.709 14.413 15.661 18.047 9999.999 9999.999 1.847 999.999 2.266 999.999 1.740 999.999 0.000
182.458403 182.583403 9999.999 9999.999 9999.999 17.042 17.668 19.311 21.660 21.053 20.607 23.668 24.001 28.353 33.876 9999.999 9999.999 9999.999 9999.999 11.955 12.795 13.642 14.939 14.794 14.468 16.458 17.169 19.761 24.187 9999.999 9999.999 9999.999 9999.999 9.381 9.859 11.278 10.757 11.209 12.344 12.574 15.561 15.211 22.057 9999.999 999.999 999.999 2.363 999.999 1.603 999.999 0.000
182.583403 182.708403 9999.999 9999.999 17.045 17.738 19.081 18.576 18.881 23.298 23.452 26.181 27.603 33.321 9999.999 9999.999 9999.999 9999.999 12.327 12.655 13.656 13.358 13.518 16.125 16.015 18.508 19.244 22.837 9999.999 9999.999 9999.999 9999.999 11.060 11.073 10.758 11.692 11.452 13.234 13.311 16.133 16.340 17.924 9999.999 9999.999 1.793 1.934 2.166 1.858 1.797 1.730 0.000
182.708403 182.833403 9999.999 9999.999 19.848 20.478 21.045 21.422 23.166 23.414 26.022 27.095 31.509 9999.999 9999.999 9999.999 9999.999 9999.999 14.254 14.822 15.186 15.000 16.387 16.121 17.944 19.193 21.492 9999.999 9999.999 9999.999 9999.999 9999.999 11.819 12.312 13.765 12.423 13.718 13.202 13.365 16.058 16.740 9999.999 9999.999 9999.999 1.662 1.675 1.911 1.635 1.677 1.668 0.000
182.833403 182.958403 9999.999 9999.999 22.826 23.840 25.281 25.255 22.600 28.337 29.982 30.528 32.980 9999.999 9999.999 9999.999 9999.999 9999.999 16.155 16.691 18.294 17.341 15.497 20.352 21.362 21.886 23.172 9999.999 9999.999 9999.999 9999.999 9999.999 13.533 11.702 14.364 12.419 12.428 16.457 19.610 19.050 19.274 9999.999 9999.999 9999.999 1.523 1.594 1.619 1.587 999.999 1.646 0.000
182.958403 183.083403 9999.999 9999.999 24.223 27.134 27.590 27.042 28.230 31.766 33.956 35.422 38.663 9999.999 9999.999 9999.999 9999.999 9999.999 17.119 19.409 20.077 19.237 19.847 23.683 24.161 25.799 27.917 9999.999 9999.999 9999.999 9999.999 9999.999 14.383 16.786 17.748 16.742 16.371 21.900 20.854 24.573 24.746 9999.999 9999.999 9999.999 1.573 1.844 1.566 1.894 1.659 2.098 0.000
183.083403 183.208403 9999.999 9999.999 9999.999 26.263 27.755 25.505 29.958 26.466 30.577 32.867 9999.999 9999.999 9999.999 9999.999 9999.999 9999.999 9999.999 18.552 19.827 17.321 21.336 18.891 21.671 23.092 9999.999 9999.999 9999.999 9999.999 9999.999 9999.999 9999.999 15.951 16.767 12.526 18.943 16.452 18.700 20.276 9999.999 9999.999 9999.999 9999.999 1.393 999.999 1.464 999.999 999.999 999.999 0.000
183.208403 183.333403 9999.999 9999.999 25.309 29.012 9999.999 9999.999 9999.999 9999.999 9999.999 9999.999 9999.999 9999.999 9999.999 9999.999 9999.999 9999.999 18.634 21.103 9999.999 9999.999 9999.999 9999.999 9999.999 9999.999 9999.999 9999.999 9999.999 9999.999 9999.999 9999.999 18.058 18.598 9999.999 9999.999 9999.999 9999.999 9999.999 9999.999 9999.999 9999.999 9999.999 9999.999 999.999 999.999 999.999 999.999 999.999 999.999 0.000
183.333403 183.458403 9999.999 9999.999 23.174 24.250 21.860 28.666 28.549 27.747 28.160 29.933 32.578 35.323 9999.999 9999.999 9999.999 9999.999 17.749 18.752 16.818 21.599 21.578 21.422 21.627 23.630 24.607 26.909 9999.999 9999.999 9999.999 9999.999 16.369 20.433 17.559 19.695 18.949 20.634 21.361 22.533 21.312 25.545 9999.999 9999.999 1.737 1.511 1.756 1.516 1.657 1.596 0.000
183.458403 183.583403 9999.999 23.108 22.974 23.543 26.374 25.902 25.169 28.236 28.853 25.104 34.297 40.817 9999.999 9999.999 9999.999 17.642 17.705 17.771 19.790 20.028 19.807 21.133 22.142 19.209 26.258 30.037 9999.999 9999.999 9999.999 16.741 16.692 16.463 17.745 19.502 18.438 18.526 20.577 17.725 25.818 26.616 9999.999 9999.999 1.718 1.520 1.754 1.483 1.574 999.999 0.000
183.583403 183.708403 9999.999 23.196 22.296 22.637 22.689 19.490 20.786 23.085 28.506 30.742 33.327 9999.999 9999.999 9999.999 9999.999 17.391 16.580 17.606 16.997 14.715 15.330 17.346 21.564 23.094 24.899 9999.999 9999.999 9999.999 9999.999 15.328 14.336 17.863 13.852 12.339 10.916 16.310 19.861 23.100 22.534 9999.999 9999.999 9999.999 1.697 1.601 1.792 1.587 1.639 1.687 0.000
183.708403 183.833403 9999.999 25.088 23.699 23.822 25.218 25.405 26.370 29.843 28.114 29.476 29.533 9999.999 9999.999 9999.999 9999.999 15.442 17.703 18.130 18.907 19.178 19.955 21.813 21.020 22.450 21.849 9999.999 9999.999 9999.999 9999.999 15.247 15.478 15.832 16.457 17.985 17.864 17.225 17.268 20.276 19.981 9999.999 9999.999 9999.999 1.657 1.381 1.874 1.377 1.538 1.447 0.000
183.833403 183.958403 9999.999 9999.999 21.685 21.203 21.792 21.887 23.419 24.613 22.141 26.857 26.871 9999.999 9999.999 9999.999 9999.999 9999.999 16.127 15.635 15.974 16.349 17.382 18.488 16.455 19.895 19.567 9999.999 9999.999 9999.999 9999.999 9999.999 15.144 14.427 14.169 14.939 15.449 16.442 16.438 18.080 17.096 9999.999 9999.999 9999.999 1.478 1.320 1.650 1.302 999.999 999.999 0.000
183.958403 184.083403 9999.999 9999.999 19.242 18.407 19.654 19.081 21.596 22.505 22.293 24.612 24.639 9999.999 9999.999 9999.999 9999.999 9999.999 14.332 13.594 14.298 14.309 16.167 17.009 15.794 17.941 18.320 9999.999 9999.999 9999.999 9999.999 9999.999 12.478 12.975 12.628 14.133 13.875 14.923 13.773 15.947 18.330 9999.999 9999.999 9999.999 1.483 1.445 1.592 1.394 999.999 999.999 0.000
184.083403 184.208403 9999.999 9999.999 17.609 18.811 20.112 18.342 20.863 21.867 22.961 23.671 27.213 9999.999 9999.999 9999.999 9999.999 9999.999 12.833 13.210 15.125 13.556 15.625 16.101 16.468 17.368 20.237 9999.999 9999.999 9999.999 9999.999 9999.999 10.862 9.967 13.064 12.239 15.484 14.364 13.686 14.993 18.896 9999.999 9999.999 9999.999 1.429 1.596 1.501 1.606 999.999 1.726 0.000
184.208403 184.333403 9999.999 9999.999 9999.999 9999.999 19.816 21.242 20.637 21.065 22.793 28.183 32.351 37.425 9999.999 9999.999 9999.999 9999.999 9999.999 9999.999 14.235 16.070 14.540 15.301 17.085 20.826 24.166 27.821 9999.999 9999.999 9999.999 9999.999 9999.999 9999.999 12.047 15.388 10.569 12.807 15.495 19.430 22.395 25.306 9999.999 9999.999 1.732 999.999 1.712 999.999 1.629 999.999 0.000
184.333403 184.458403 9999.999 9999.999 23.359 23.133 24.805 25.147 26.395 24.935 30.289 30.497 34.544 32.847 9999.999 9999.999 9999.999 9999.999 17.623 17.580 19.190 19.532 19.870 18.717 22.763 22.745 25.585 24.350 9999.999 9999.999 9999.999 9999.999 15.816 15.697 16.654 16.774 19.411 18.108 19.981 22.237 23.193 22.047 9999.999 9999.999 1.793 1.465 1.883 1.449 1.711 1.522 0.000
184.458403 184.583403 9999.999 19.256 20.034 20.875 22.735 23.218 22.532 23.036 25.196 25.870 31.663 38.695 9999.999 9999.999 9999.999 14.448 14.715 16.454 17.070 18.139 17.257 17.424 19.169 19.867 23.827 28.856 9999.999 9999.999 9999.999 13.167 12.723 14.934 13.468 15.311 16.914 16.200 17.533 20.079 23.730 26.266 9999.999 9999.999 1.729 1.835 1.807 1.861 1.663 2.015 0.000
