HYGRO_dataset/HYY/FI0050R.20130101000000.20190612000000.nephelometer.aerosol_light_scattering_coefficient.aerosol.3mo.3h.Aurora_3000_HYY_ref_Aurora_3000_HYY_wet..lev2.nas
120 1001 
Zieger, Paul; Burgos, Maria A.  
SE02L, Department of Environmental Science and Analytical Chemistry, ACES,,Frescativägen 54,, SE10691, Stockholm, Sweden 
Burgos, Maria A. 
EMEP GAW-WDCA 
1 1 
2013 01 01 2019 06 12 
0.125 
Days from the file reference point (start_time) 
50 
1 1 1 1 1 1 1 1 1 1 1 1 1 1 1 1 1 1 1 1 1 1 1 1 1 1 1 1 1 1 1 1 1 1 1 1 1 1 1 1 1 1 1 1 1 1 1 1 1 1  
9999.999999 9999.999 9999.999 9999.999 9999.999 9999.999 9999.999 9999.999 9999.999 9999.999 9999.999 9999.999 9999.999 9999.999 9999.999 9999.999 9999.999 9999.999 9999.999 9999.999 9999.999 9999.999 9999.999 9999.999 9999.999 9999.999 9999.999 9999.999 9999.999 9999.999 9999.999 9999.999 9999.999 9999.999 9999.999 9999.999 9999.999 9999.999 9999.999 9999.999 9999.999 9999.999 9999.999 999.999 999.999 999.999 999.999 999.999 999.999  9.999 
end_time of measurement, days from the file reference point 
aerosol_light_scattering_coefficient, 1/Mm, Wavelength=450nm, Matrix=aerosol_humidified, RH=30% 
aerosol_light_scattering_coefficient, 1/Mm, Wavelength=450nm, Matrix=aerosol_humidified, RH=35% 
aerosol_light_scattering_coefficient, 1/Mm, Wavelength=450nm, Matrix=aerosol_humidified, RH=40% 
aerosol_light_scattering_coefficient, 1/Mm, Wavelength=450nm, Matrix=aerosol_humidified, RH=45% 
aerosol_light_scattering_coefficient, 1/Mm, Wavelength=450nm, Matrix=aerosol_humidified, RH=50% 
aerosol_light_scattering_coefficient, 1/Mm, Wavelength=450nm, Matrix=aerosol_humidified, RH=55% 
aerosol_light_scattering_coefficient, 1/Mm, Wavelength=450nm, Matrix=aerosol_humidified, RH=60% 
aerosol_light_scattering_coefficient, 1/Mm, Wavelength=450nm, Matrix=aerosol_humidified, RH=65% 
aerosol_light_scattering_coefficient, 1/Mm, Wavelength=450nm, Matrix=aerosol_humidified, RH=70% 
aerosol_light_scattering_coefficient, 1/Mm, Wavelength=450nm, Matrix=aerosol_humidified, RH=75% 
aerosol_light_scattering_coefficient, 1/Mm, Wavelength=450nm, Matrix=aerosol_humidified, RH=80% 
aerosol_light_scattering_coefficient, 1/Mm, Wavelength=450nm, Matrix=aerosol_humidified, RH=85% 
aerosol_light_scattering_coefficient, 1/Mm, Wavelength=450nm, Matrix=aerosol_humidified, RH=90% 
aerosol_light_scattering_coefficient, 1/Mm, Wavelength=450nm, Matrix=aerosol_humidified, RH=95% 
aerosol_light_scattering_coefficient, 1/Mm, Wavelength=525nm, Matrix=aerosol_humidified, RH=30% 
aerosol_light_scattering_coefficient, 1/Mm, Wavelength=525nm, Matrix=aerosol_humidified, RH=35% 
aerosol_light_scattering_coefficient, 1/Mm, Wavelength=525nm, Matrix=aerosol_humidified, RH=40% 
aerosol_light_scattering_coefficient, 1/Mm, Wavelength=525nm, Matrix=aerosol_humidified, RH=45% 
aerosol_light_scattering_coefficient, 1/Mm, Wavelength=525nm, Matrix=aerosol_humidified, RH=50% 
aerosol_light_scattering_coefficient, 1/Mm, Wavelength=525nm, Matrix=aerosol_humidified, RH=55% 
aerosol_light_scattering_coefficient, 1/Mm, Wavelength=525nm, Matrix=aerosol_humidified, RH=60% 
aerosol_light_scattering_coefficient, 1/Mm, Wavelength=525nm, Matrix=aerosol_humidified, RH=65% 
aerosol_light_scattering_coefficient, 1/Mm, Wavelength=525nm, Matrix=aerosol_humidified, RH=70% 
aerosol_light_scattering_coefficient, 1/Mm, Wavelength=525nm, Matrix=aerosol_humidified, RH=75% 
aerosol_light_scattering_coefficient, 1/Mm, Wavelength=525nm, Matrix=aerosol_humidified, RH=80% 
[...]
Version description:          interpolated scattering coefficients, calculated scattering enhancement factors as described in Burgos et al., 2018 
Height AGL:                   4m 
Inlet type:                   Impactor--direct 
Inlet description:            no heater, no cut size 
Humidity/temperature control: Humidification 
Humidity/temperature control description: humidogram 
Volume std. temperature:       273.15 K 
Volume std. pressure:         1013.25 hPa 
Detection limit:              0.5 1/Mm 
Detection limit expl.:        Determined by instrument counting statistics, no detection limit flag used 
Measurement uncertainty expl.: Uncertainty analysis described in Burgos et al., 2019 
Zero/negative values code:    zero/negative possible 
Zero/negative values:         zero and neg. values may appear due to statistical variations at very low concentrations  
Standard method:              cal-gas=CO2+AIR_truncation-correction=Anderson1998 
Acknowledgement:              Request acknowledgement details from data originator 
start_time end_time scat_30_B scat_35_B scat_40_B scat_45_B scat_50_B scat_55_B scat_60_B scat_65_B scat_70_B scat_75_B scat_80_B scat_85_B scat_90_B scat_95_B numflag_B scat_30_G scat_35_G scat_40_G scat_45_G scat_50_G scat_55_G scat_60_G scat_65_G scat_70_G scat_75_G scat_80_G scat_85_G scat_90_G scat_95_G numflag_G scat_30_R scat_35_R scat_40_R scat_45_R scat_50_R scat_55_R scat_60_R scat_65_R scat_70_R scat_75_R scat_80_R scat_85_R scat_90_R scat_95_R numflag_R f85dry_B numflag_f85dry_B f8540_B numflag_f8540_B f85dry_G numflag_f85dry_G f8540_G numflag_f8540_G f85dry_R numflag_f85dry_R f8540_R numflag_f8540_R 
[from data line 312]
174.583403 174.708403 9999.999 9999.999 9999.999 9999.999 31.980 37.321 42.313 43.893 45.407 45.870 47.831 9999.999 9999.999 9999.999 9999.999 9999.999 9999.999 9999.999 22.098 26.446 29.547 31.089 31.424 32.356 34.187 9999.999 9999.999 9999.999 9999.999 9999.999 9999.999 9999.999 19.348 23.126 23.478 25.471 24.591 26.884 27.996 9999.999 9999.999 9999.999 1.569 999.999 1.625 999.999 1.677 999.999 0.000
174.708403 174.833403 9999.999 31.615 32.243 33.080 35.076 37.290 37.800 37.148 39.770 42.115 45.658 9999.999 9999.999 9999.999 9999.999 21.953 22.449 22.999 24.620 25.172 26.131 25.715 27.592 29.614 31.798 9999.999 9999.999 9999.999 9999.999 18.092 19.379 17.959 19.845 19.207 20.401 22.436 23.603 25.083 27.005 9999.999 9999.999 9999.999 1.471 1.506 1.506 1.517 1.683 1.526 0.000
174.833403 174.958403 9999.999 9999.999 37.550 38.078 35.100 40.283 43.526 44.191 46.318 46.246 9999.999 9999.999 9999.999 9999.999 9999.999 9999.999 26.088 25.747 25.003 28.047 29.936 30.241 32.335 32.252 9999.999 9999.999 9999.999 9999.999 9999.999 9999.999 21.603 19.607 22.634 23.731 23.773 24.846 27.995 27.988 9999.999 9999.999 9999.999 9999.999 1.360 999.999 1.376 1.464 1.526 999.999 0.000
174.958403 175.083403 9999.999 9999.999 9999.999 48.919 53.266 76.507 79.671 78.676 78.265 74.429 87.485 9999.999 9999.999 9999.999 9999.999 9999.999 9999.999 34.025 36.679 51.612 53.900 54.004 53.977 51.664 60.558 9999.999 9999.999 9999.999 9999.999 9999.999 9999.999 29.846 30.771 43.460 46.116 45.964 46.580 44.381 51.908 9999.999 9999.999 9999.999 1.207 999.999 1.148 999.999 1.515 999.999 0.000
175.083403 175.208403 9999.999 9999.999 9999.999 9999.999 74.669 72.352 78.750 80.958 84.242 85.623 92.642 9999.999 9999.999 9999.999 9999.999 9999.999 9999.999 9999.999 49.626 50.015 54.388 55.621 57.725 59.352 65.207 9999.999 9999.999 9999.999 9999.999 9999.999 9999.999 9999.999 42.754 43.505 48.487 49.111 49.810 51.444 59.565 9999.999 9999.999 9999.999 1.137 999.999 1.078 999.999 1.408 999.999 0.000
175.208403 175.333403 9999.999 9999.999 9999.999 9999.999 9999.999 78.892 85.337 85.856 92.943 80.900 97.765 96.384 9999.999 9999.999 9999.999 9999.999 9999.999 9999.999 9999.999 54.202 58.727 58.864 64.418 57.557 67.709 67.889 9999.999 9999.999 9999.999 9999.999 9999.999 9999.999 9999.999 46.354 51.365 49.959 56.210 52.215 59.297 60.163 9999.999 9999.999 1.129 999.999 1.070 999.999 1.389 999.999 0.000
175.333403 175.458403 9999.999 9999.999 9999.999 9999.999 73.511 75.908 67.534 69.767 71.714 76.198 78.998 86.020 9999.999 9999.999 9999.999 9999.999 9999.999 9999.999 51.425 53.275 47.529 49.362 50.300 53.347 56.349 60.907 9999.999 9999.999 9999.999 9999.999 9999.999 9999.999 44.924 45.796 42.540 44.776 43.302 46.543 50.091 54.806 9999.999 9999.999 1.244 999.999 1.191 999.999 1.508 999.999 0.000
175.458403 175.583403 9999.999 9999.999 9999.999 70.114 72.330 63.616 85.466 84.802 88.878 95.498 89.031 102.943 9999.999 9999.999 9999.999 9999.999 9999.999 48.927 50.577 43.699 60.086 59.232 63.209 67.061 63.302 73.048 9999.999 9999.999 9999.999 9999.999 9999.999 42.757 43.733 37.303 54.077 53.035 57.178 57.962 57.784 65.670 9999.999 9999.999 1.306 999.999 1.246 999.999 1.594 999.999 0.000
175.583403 175.708403 9999.999 9999.999 9999.999 87.233 91.501 95.797 88.130 84.630 88.464 91.710 112.118 96.142 9999.999 9999.999 9999.999 9999.999 9999.999 60.782 63.254 66.478 61.530 58.991 61.558 63.899 79.076 68.037 9999.999 9999.999 9999.999 9999.999 9999.999 53.596 54.794 59.342 54.104 53.138 53.620 54.517 70.471 60.768 9999.999 9999.999 1.272 999.999 1.220 999.999 1.588 999.999 0.000
175.708403 175.833403 9999.999 9999.999 9999.999 73.396 72.526 78.417 75.139 81.563 79.380 85.840 87.886 9999.999 9999.999 9999.999 9999.999 9999.999 9999.999 50.287 48.996 54.179 51.413 57.329 55.133 60.158 61.713 9999.999 9999.999 9999.999 9999.999 9999.999 9999.999 41.289 40.533 46.869 43.928 50.781 48.151 54.289 56.220 9999.999 9999.999 9999.999 1.274 999.999 1.218 999.999 1.549 999.999 0.000
175.833403 175.958403 9999.999 9999.999 9999.999 77.732 80.276 78.862 84.560 86.992 87.374 90.644 91.646 9999.999 9999.999 9999.999 9999.999 9999.999 9999.999 53.285 55.423 53.018 57.514 58.929 60.940 62.424 63.148 9999.999 9999.999 9999.999 9999.999 9999.999 9999.999 44.691 47.236 47.297 48.828 48.072 53.797 52.366 54.261 9999.999 9999.999 9999.999 1.203 999.999 1.142 999.999 1.466 999.999 0.000
175.958403 176.083403 9999.999 9999.999 77.413 83.961 86.916 92.904 97.346 96.788 97.426 95.877 98.253 9999.999 9999.999 9999.999 9999.999 9999.999 53.213 57.360 58.973 63.368 65.245 66.609 66.990 66.243 67.851 9999.999 9999.999 9999.999 9999.999 9999.999 45.417 46.770 48.163 53.499 55.649 57.323 56.870 56.724 61.529 9999.999 9999.999 9999.999 1.155 1.453 1.094 1.474 1.411 1.516 0.000
176.083403 176.208403 9999.999 9999.999 9999.999 92.275 85.269 96.439 106.444 96.193 95.437 95.380 105.637 9999.999 9999.999 9999.999 9999.999 9999.999 9999.999 62.399 57.451 66.620 73.519 65.632 65.256 65.059 71.804 9999.999 9999.999 9999.999 9999.999 9999.999 9999.999 50.407 47.801 58.091 64.153 55.553 55.993 53.563 59.791 9999.999 9999.999 9999.999 1.128 999.999 1.080 999.999 1.438 999.999 0.000
176.208403 176.333403 9999.999 9999.999 9999.999 103.078 102.992 98.679 100.054 103.341 105.976 107.063 111.128 9999.999 9999.999 9999.999 9999.999 9999.999 9999.999 70.656 70.994 67.950 69.258 71.701 73.639 74.343 77.603 9999.999 9999.999 9999.999 9999.999 9999.999 9999.999 60.435 63.829 59.346 60.537 63.009 64.189 65.924 67.807 9999.999 9999.999 9999.999 1.144 999.999 1.092 999.999 1.453 999.999 0.000
176.333403 176.458403 9999.999 9999.999 9999.999 88.774 89.026 94.406 98.694 99.770 102.671 108.036 110.570 125.373 9999.999 9999.999 9999.999 9999.999 9999.999 61.561 60.666 64.728 70.604 69.287 71.410 74.770 76.925 87.425 9999.999 9999.999 9999.999 9999.999 9999.999 53.584 50.123 55.653 67.776 61.232 61.891 62.757 66.921 76.225 9999.999 9999.999 1.245 999.999 1.190 999.999 1.561 999.999 0.000
176.458403 176.583403 9999.999 9999.999 79.302 78.277 86.069 81.695 69.445 77.863 80.231 92.182 99.791 93.471 9999.999 9999.999 9999.999 9999.999 54.763 54.067 59.745 56.874 47.356 53.387 55.728 64.064 69.139 65.748 9999.999 9999.999 9999.999 9999.999 44.852 46.963 52.218 48.862 41.758 44.702 47.258 54.037 58.339 58.981 9999.999 9999.999 1.276 999.999 1.226 999.999 1.576 999.999 0.000
176.583403 176.708403 9999.999 63.676 60.022 64.597 72.232 87.867 90.008 85.567 90.260 87.589 96.414 9999.999 9999.999 9999.999 9999.999 43.357 40.702 44.636 49.328 60.280 60.791 58.775 62.273 60.526 67.070 9999.999 9999.999 9999.999 9999.999 35.977 34.697 39.101 40.881 50.502 53.860 49.538 53.573 52.070 58.274 9999.999 9999.999 9999.999 1.311 1.925 1.258 1.987 1.644 2.067 0.000
176.708403 176.833403 9999.999 93.345 95.742 90.291 100.421 94.556 112.460 112.497 118.102 114.324 120.560 9999.999 9999.999 9999.999 9999.999 63.852 66.095 62.108 69.987 64.673 77.916 78.288 81.905 80.196 84.327 9999.999 9999.999 9999.999 9999.999 54.801 58.083 52.093 61.612 54.548 67.924 68.620 71.290 69.503 76.057 9999.999 9999.999 9999.999 1.205 1.393 1.156 1.422 1.560 1.443 0.000
176.833403 176.958403 9999.999 9999.999 106.035 106.600 109.818 112.348 114.611 116.403 123.457 124.820 131.126 9999.999 9999.999 9999.999 9999.999 9999.999 73.216 73.159 75.912 77.699 80.235 80.346 84.797 87.589 91.715 9999.999 9999.999 9999.999 9999.999 9999.999 63.843 62.154 65.448 67.122 70.978 67.855 70.518 77.766 80.522 9999.999 9999.999 9999.999 1.145 1.291 1.100 1.313 1.507 1.340 0.000
176.958403 177.083403 9999.999 9999.999 9999.999 111.228 110.152 103.585 107.538 110.398 113.778 122.325 128.223 9999.999 9999.999 9999.999 9999.999 9999.999 9999.999 77.155 75.612 71.762 73.729 75.760 78.607 85.362 89.405 9999.999 9999.999 9999.999 9999.999 9999.999 9999.999 66.314 65.276 61.333 64.492 64.730 67.306 76.124 75.113 9999.999 9999.999 9999.999 1.151 999.999 1.101 999.999 1.473 999.999 0.000
177.083403 177.208403 9999.999 9999.999 9999.999 100.131 104.947 104.381 108.514 107.891 108.890 115.731 124.684 9999.999 9999.999 9999.999 9999.999 9999.999 9999.999 69.057 72.543 71.473 74.974 74.658 76.097 80.435 87.263 9999.999 9999.999 9999.999 9999.999 9999.999 9999.999 62.070 63.005 60.919 64.087 65.360 68.225 70.048 77.676 9999.999 9999.999 9999.999 1.137 999.999 1.087 999.999 1.469 999.999 0.000
177.208403 177.333403 9999.999 9999.999 9999.999 115.189 116.063 114.037 117.791 130.134 138.204 136.017 132.492 9999.999 9999.999 9999.999 9999.999 9999.999 9999.999 79.313 79.843 79.004 81.708 90.468 96.313 95.232 92.830 9999.999 9999.999 9999.999 9999.999 9999.999 9999.999 67.928 67.649 68.246 71.468 78.435 83.786 85.317 81.067 9999.999 9999.999 9999.999 1.148 999.999 1.091 999.999 1.479 999.999 0.000
177.333403 177.458403 9999.999 9999.999 9999.999 121.834 112.800 123.072 117.916 119.549 120.886 120.722 127.837 146.303 9999.999 9999.999 9999.999 9999.999 9999.999 84.790 79.286 85.600 83.392 83.624 85.752 85.307 90.907 103.837 9999.999 9999.999 9999.999 9999.999 9999.999 74.078 70.103 74.779 76.034 73.886 76.977 76.448 81.419 93.837 9999.999 9999.999 1.202 999.999 1.142 999.999 1.514 999.999 0.000
177.458403 177.583403 9999.999 9999.999 9999.999 135.716 142.236 138.525 89.704 89.605 80.927 97.736 135.191 9999.999 9999.999 9999.999 9999.999 9999.999 9999.999 94.737 99.618 97.522 64.925 63.478 57.897 69.612 95.736 9999.999 9999.999 9999.999 9999.999 9999.999 9999.999 82.415 85.513 87.115 60.105 55.302 50.968 63.008 86.563 9999.999 9999.999 9999.999 1.299 999.999 999.999 999.999 1.582 999.999 0.000
177.583403 177.708403 9999.999 9999.999 32.459 33.932 31.498 50.288 48.443 39.554 44.070 36.038 9999.999 9999.999 9999.999 9999.999 9999.999 9999.999 24.925 25.578 23.579 35.807 34.124 28.802 31.386 26.293 9999.999 9999.999 9999.999 9999.999 9999.999 9999.999 24.642 23.355 19.540 31.403 28.397 25.351 26.355 22.545 9999.999 9999.999 9999.999 9999.999 999.999 999.999 999.999 999.999 999.999 999.999 0.000
177.708403 177.833403 9999.999 9999.999 9999.999 51.224 53.596 51.124 58.420 62.368 65.439 65.273 69.500 9999.999 9999.999 9999.999 9999.999 9999.999 9999.999 35.621 38.249 35.766 41.722 43.791 45.729 46.379 49.487 9999.999 9999.999 9999.999 9999.999 9999.999 9999.999 29.529 34.234 30.817 37.133 38.215 38.793 40.930 43.568 9999.999 9999.999 9999.999 1.122 999.999 1.060 999.999 999.999 999.999 0.000
177.833403 177.958403 9999.999 9999.999 9999.999 42.162 42.981 50.560 56.609 64.329 66.643 74.110 99.299 9999.999 9999.999 9999.999 9999.999 9999.999 9999.999 30.015 30.181 36.681 41.063 47.203 47.418 54.434 74.021 9999.999 9999.999 9999.999 9999.999 9999.999 9999.999 26.446 26.801 33.257 38.431 42.897 42.189 50.768 71.597 9999.999 9999.999 9999.999 1.241 999.999 1.171 999.999 1.561 999.999 0.000
177.958403 178.083403 9999.999 9999.999 9999.999 39.302 39.653 27.566 26.314 28.988 31.375 45.506 54.469 9999.999 9999.999 9999.999 9999.999 9999.999 9999.999 27.828 28.386 19.414 18.514 20.301 22.099 32.414 39.651 9999.999 9999.999 9999.999 9999.999 9999.999 9999.999 22.828 24.460 15.330 14.819 15.819 19.256 28.436 35.712 9999.999 9999.999 9999.999 1.477 999.999 1.422 999.999 1.674 999.999 0.000
178.083403 178.208403 9999.999 9999.999 9999.999 17.398 19.797 19.417 21.748 20.958 23.735 22.904 25.695 9999.999 9999.999 9999.999 9999.999 9999.999 9999.999 11.590 13.713 13.790 15.503 14.730 16.622 15.679 17.586 9999.999 9999.999 9999.999 9999.999 9999.999 9999.999 7.615 9.428 11.549 12.690 12.803 13.235 12.596 13.749 9999.999 9999.999 9999.999 1.421 999.999 1.711 999.999 1.510 999.999 0.000
178.208403 178.333403 9999.999 9999.999 9999.999 18.208 18.708 20.121 20.207 23.260 23.135 26.473 29.228 9999.999 9999.999 9999.999 9999.999 9999.999 9999.999 12.472 12.458 13.707 13.702 16.401 15.618 19.048 20.496 9999.999 9999.999 9999.999 9999.999 9999.999 9999.999 10.187 8.908 10.083 10.871 14.412 12.400 18.438 17.659 9999.999 9999.999 9999.999 1.608 999.999 1.795 999.999 1.705 999.999 0.000
178.333403 178.458403 9999.999 9999.999 9999.999 16.688 16.724 24.587 22.464 23.723 26.249 29.618 30.331 9999.999 9999.999 9999.999 9999.999 9999.999 9999.999 11.944 11.723 17.634 15.176 17.022 19.143 21.429 21.745 9999.999 9999.999 9999.999 9999.999 9999.999 9999.999 10.559 10.042 15.167 11.232 15.586 17.097 19.593 17.838 9999.999 9999.999 9999.999 1.717 999.999 1.828 999.999 1.758 999.999 0.000
178.458403 178.583403 9999.999 9999.999 23.836 23.889 23.395 25.277 29.446 30.098 29.781 32.164 36.943 9999.999 9999.999 9999.999 9999.999 9999.999 17.380 16.911 15.775 17.812 20.736 21.146 20.848 22.608 25.755 9999.999 9999.999 9999.999 9999.999 9999.999 13.332 13.642 11.926 14.766 17.645 16.281 17.868 18.162 21.301 9999.999 9999.999 9999.999 1.770 1.748 2.001 1.693 1.906 1.911 0.000
178.583403 178.708403 9999.999 27.739 27.925 26.426 28.762 28.858 34.779 36.250 37.360 42.145 45.808 9999.999 9999.999 9999.999 9999.999 19.658 19.533 18.957 19.515 20.533 24.873 25.529 26.200 29.461 32.399 9999.999 9999.999 9999.999 9999.999 16.616 15.725 17.555 14.042 17.642 20.346 21.882 22.187 26.398 28.759 9999.999 9999.999 9999.999 1.813 1.842 1.936 1.843 1.926 1.980 0.000
178.708403 178.833403 9999.999 29.991 29.923 31.286 33.131 37.700 39.457 40.099 42.238 45.837 48.687 9999.999 9999.999 9999.999 9999.999 21.105 21.392 22.331 24.337 27.974 27.981 28.799 30.033 33.191 35.231 9999.999 9999.999 9999.999 9999.999 18.710 18.888 19.596 22.579 27.698 23.304 25.458 25.331 29.454 32.366 9999.999 9999.999 9999.999 1.513 1.823 1.372 1.833 999.999 1.866 0.000
178.833403 178.958403 9999.999 9999.999 36.271 35.582 38.844 39.540 42.472 42.511 45.051 46.941 9999.999 9999.999 9999.999 9999.999 9999.999 9999.999 26.305 25.726 28.342 28.227 30.205 30.108 31.716 33.575 9999.999 9999.999 9999.999 9999.999 9999.999 9999.999 23.309 22.722 23.567 24.491 26.157 27.111 26.404 30.302 9999.999 9999.999 9999.999 9999.999 1.360 1.500 1.257 1.478 999.999 1.505 0.000
178.958403 179.083403 9999.999 9999.999 35.905 35.561 36.664 39.212 40.568 42.854 43.481 42.605 49.596 9999.999 9999.999 9999.999 9999.999 9999.999 25.423 25.521 25.569 27.806 28.985 29.982 30.476 29.764 34.975 9999.999 9999.999 9999.999 9999.999 9999.999 22.663 23.824 21.314 23.847 24.820 24.015 25.056 26.863 30.315 9999.999 9999.999 9999.999 1.432 1.488 1.353 1.481 1.450 1.454 0.000
179.083403 179.208403 9999.999 9999.999 9999.999 36.638 39.950 39.799 39.570 43.093 45.700 46.124 48.430 9999.999 9999.999 9999.999 9999.999 9999.999 9999.999 26.171 27.248 28.336 27.639 30.482 32.239 32.690 34.151 9999.999 9999.999 9999.999 9999.999 9999.999 9999.999 23.806 21.673 25.512 24.622 27.425 27.666 29.799 28.885 9999.999 9999.999 9999.999 1.382 999.999 1.290 999.999 1.451 999.999 0.000
179.208403 179.333403 9999.999 9999.999 9999.999 9999.999 39.471 37.524 43.043 43.882 48.076 52.975 53.728 61.724 9999.999 9999.999 9999.999 9999.999 9999.999 9999.999 26.885 25.534 29.937 30.621 33.184 36.819 37.422 43.508 9999.999 9999.999 9999.999 9999.999 9999.999 9999.999 21.034 21.699 26.125 26.605 27.774 31.228 32.104 39.547 9999.999 9999.999 1.449 999.999 1.382 999.999 1.643 999.999 0.000
179.333403 179.458403 9999.999 9999.999 9999.999 40.160 38.897 43.315 44.276 44.256 49.247 52.634 49.243 58.738 9999.999 9999.999 9999.999 9999.999 9999.999 27.622 27.082 29.633 29.408 30.775 33.765 36.341 34.734 41.269 9999.999 9999.999 9999.999 9999.999 9999.999 22.469 21.821 24.937 24.483 27.057 27.872 31.439 31.930 36.623 9999.999 9999.999 1.539 999.999 1.540 999.999 1.783 999.999 0.000
