HYGRO_dataset/HYY/FI0050R.20130101000000.20190612000000.nephelometer.aerosol_light_scattering_coefficient.aerosol.3mo.3h.Aurora_3000_HYY_ref_Aurora_3000_HYY_wet..lev2.nas
120 1001 
Zieger, Paul; Burgos, Maria A.  
SE02L, Department of Environmental Science and Analytical Chemistry, ACES,,Frescativägen 54,, SE10691, Stockholm, Sweden 
Burgos, Maria A. 
EMEP GAW-WDCA 
1 1 
2013 01 01 2019 06 12 
0.125 
Days from the file reference point (start_time) 
50 
1 1 1 1 1 1 1 1 1 1 1 1 1 1 1 1 1 1 1 1 1 1 1 1 1 1 1 1 1 1 1 1 1 1 1 1 1 1 1 1 1 1 1 1 1 1 1 1 1 1  
9999.999999 9999.999 9999.999 9999.999 9999.999 9999.999 9999.999 9999.999 9999.999 9999.999 9999.999 9999.999 9999.999 9999.999 9999.999 9999.999 9999.999 9999.999 9999.999 9999.999 9999.999 9999.999 9999.999 9999.999 9999.999 9999.999 9999.999 9999.999 9999.999 9999.999 9999.999 9999.999 9999.999 9999.999 9999.999 9999.999 9999.999 9999.999 9999.999 9999.999 9999.999 9999.999 9999.999 999.999 999.999 999.999 999.999 999.999 999.999  9.999 
end_time of measurement, days from the file reference point 
aerosol_light_scattering_coefficient, 1/Mm, Wavelength=450nm, Matrix=aerosol_humidified, RH=30% 
aerosol_light_scattering_coefficient, 1/Mm, Wavelength=450nm, Matrix=aerosol_humidified, RH=35% 
aerosol_light_scattering_coefficient, 1/Mm, Wavelength=450nm, Matrix=aerosol_humidified, RH=40% 
aerosol_light_scattering_coefficient, 1/Mm, Wavelength=450nm, Matrix=aerosol_humidified, RH=45% 
aerosol_light_scattering_coefficient, 1/Mm, Wavelength=450nm, Matrix=aerosol_humidified, RH=50% 
aerosol_light_scattering_coefficient, 1/Mm, Wavelength=450nm, Matrix=aerosol_humidified, RH=55% 
aerosol_light_scattering_coefficient, 1/Mm, Wavelength=450nm, Matrix=aerosol_humidified, RH=60% 
aerosol_light_scattering_coefficient, 1/Mm, Wavelength=450nm, Matrix=aerosol_humidified, RH=65% 
aerosol_light_scattering_coefficient, 1/Mm, Wavelength=450nm, Matrix=aerosol_humidified, RH=70% 
aerosol_light_scattering_coefficient, 1/Mm, Wavelength=450nm, Matrix=aerosol_humidified, RH=75% 
aerosol_light_scattering_coefficient, 1/Mm, Wavelength=450nm, Matrix=aerosol_humidified, RH=80% 
aerosol_light_scattering_coefficient, 1/Mm, Wavelength=450nm, Matrix=aerosol_humidified, RH=85% 
aerosol_light_scattering_coefficient, 1/Mm, Wavelength=450nm, Matrix=aerosol_humidified, RH=90% 
aerosol_light_scattering_coefficient, 1/Mm, Wavelength=450nm, Matrix=aerosol_humidified, RH=95% 
aerosol_light_scattering_coefficient, 1/Mm, Wavelength=525nm, Matrix=aerosol_humidified, RH=30% 
aerosol_light_scattering_coefficient, 1/Mm, Wavelength=525nm, Matrix=aerosol_humidified, RH=35% 
aerosol_light_scattering_coefficient, 1/Mm, Wavelength=525nm, Matrix=aerosol_humidified, RH=40% 
aerosol_light_scattering_coefficient, 1/Mm, Wavelength=525nm, Matrix=aerosol_humidified, RH=45% 
aerosol_light_scattering_coefficient, 1/Mm, Wavelength=525nm, Matrix=aerosol_humidified, RH=50% 
aerosol_light_scattering_coefficient, 1/Mm, Wavelength=525nm, Matrix=aerosol_humidified, RH=55% 
aerosol_light_scattering_coefficient, 1/Mm, Wavelength=525nm, Matrix=aerosol_humidified, RH=60% 
aerosol_light_scattering_coefficient, 1/Mm, Wavelength=525nm, Matrix=aerosol_humidified, RH=65% 
aerosol_light_scattering_coefficient, 1/Mm, Wavelength=525nm, Matrix=aerosol_humidified, RH=70% 
aerosol_light_scattering_coefficient, 1/Mm, Wavelength=525nm, Matrix=aerosol_humidified, RH=75% 
aerosol_light_scattering_coefficient, 1/Mm, Wavelength=525nm, Matrix=aerosol_humidified, RH=80% 
[...]
Version description:          interpolated scattering coefficients, calculated scattering enhancement factors as described in Burgos et al., 2018 
Height AGL:                   4m 
Inlet type:                   Impactor--direct 
Inlet description:            no heater, no cut size 
Humidity/temperature control: Humidification 
Humidity/temperature control description: humidogram 
Volume std. temperature:       273.15 K 
Volume std. pressure:         1013.25 hPa 
Detection limit:              0.5 1/Mm 
Detection limit expl.:        Determined by instrument counting statistics, no detection limit flag used 
Measurement uncertainty expl.: Uncertainty analysis described in Burgos et al., 2019 
Zero/negative values code:    zero/negative possible 
Zero/negative values:         zero and neg. values may appear due to statistical variations at very low concentrations  
Standard method:              cal-gas=CO2+AIR_truncation-correction=Anderson1998 
Acknowledgement:              Request acknowledgement details from data originator 
start_time end_time scat_30_B scat_35_B scat_40_B scat_45_B scat_50_B scat_55_B scat_60_B scat_65_B scat_70_B scat_75_B scat_80_B scat_85_B scat_90_B scat_95_B numflag_B scat_30_G scat_35_G scat_40_G scat_45_G scat_50_G scat_55_G scat_60_G scat_65_G scat_70_G scat_75_G scat_80_G scat_85_G scat_90_G scat_95_G numflag_G scat_30_R scat_35_R scat_40_R scat_45_R scat_50_R scat_55_R scat_60_R scat_65_R scat_70_R scat_75_R scat_80_R scat_85_R scat_90_R scat_95_R numflag_R f85dry_B numflag_f85dry_B f8540_B numflag_f8540_B f85dry_G numflag_f85dry_G f8540_G numflag_f8540_G f85dry_R numflag_f85dry_R f8540_R numflag_f8540_R 
[from data line 82]
145.833403 145.958403 9999.999 9999.999 24.558 28.025 26.641 27.384 22.228 23.300 23.460 26.850 27.045 29.575 9999.999 9999.999 9999.999 9999.999 18.064 20.416 19.153 20.467 15.593 16.109 15.729 18.069 18.161 20.450 9999.999 9999.999 9999.999 9999.999 15.895 16.523 16.085 18.183 12.879 12.812 11.363 14.991 13.619 16.640 9999.999 9999.999 1.289 999.999 1.405 999.999 1.385 999.999 0.000
145.958403 146.083403 9999.999 9999.999 20.487 20.025 22.195 21.244 23.077 22.311 22.586 24.810 24.461 26.835 29.146 9999.999 9999.999 9999.999 14.109 13.497 14.910 14.570 15.895 15.937 15.226 17.162 17.177 19.088 20.314 9999.999 9999.999 9999.999 11.502 10.626 11.269 11.858 12.532 14.378 12.123 13.539 14.727 15.725 16.853 9999.999 1.251 1.304 1.422 1.312 999.999 1.319 0.000
146.083403 146.208403 9999.999 9999.999 9999.999 22.541 23.404 24.017 22.809 23.413 25.754 24.914 28.324 28.092 33.751 9999.999 9999.999 9999.999 9999.999 15.355 16.375 16.853 15.701 15.825 17.655 17.559 19.436 19.666 23.328 9999.999 9999.999 9999.999 9999.999 12.316 13.327 14.152 13.139 12.553 12.838 14.473 15.513 16.645 19.549 9999.999 1.236 999.999 1.324 999.999 999.999 999.999 0.000
146.208403 146.333403 9999.999 9999.999 9999.999 25.408 25.641 24.947 25.774 27.533 26.549 29.442 30.730 34.168 43.263 9999.999 9999.999 9999.999 9999.999 17.372 17.626 17.102 17.440 18.895 18.311 20.539 21.428 23.894 30.318 9999.999 9999.999 9999.999 9999.999 14.689 14.681 14.061 14.828 15.355 15.776 16.319 18.265 21.026 26.099 9999.999 1.238 999.999 1.238 999.999 1.339 999.999 0.000
146.333403 146.458403 9999.999 9999.999 9999.999 9999.999 37.334 39.537 40.385 37.040 36.206 45.451 46.849 48.515 42.776 9999.999 9999.999 9999.999 9999.999 9999.999 26.352 27.573 28.518 26.391 25.904 32.910 33.008 34.491 29.668 9999.999 9999.999 9999.999 9999.999 9999.999 23.267 23.394 24.709 23.154 23.759 28.642 28.390 30.461 26.213 9999.999 1.254 999.999 1.201 999.999 1.359 999.999 0.000
146.458403 146.583403 9999.999 9999.999 9999.999 9999.999 27.759 29.216 35.654 34.844 37.042 37.179 35.421 38.803 9999.999 9999.999 9999.999 9999.999 9999.999 9999.999 19.570 19.862 24.990 24.162 25.639 26.171 24.756 27.237 9999.999 9999.999 9999.999 9999.999 9999.999 9999.999 17.328 15.897 21.791 20.779 21.829 22.079 21.444 24.483 9999.999 9999.999 1.262 999.999 1.250 999.999 1.368 999.999 0.000
146.583403 146.708403 9999.999 9999.999 9999.999 9999.999 31.708 33.885 32.340 33.109 39.139 36.432 42.283 47.484 9999.999 9999.999 9999.999 9999.999 9999.999 9999.999 21.692 22.999 22.119 23.124 27.541 25.395 30.101 33.736 9999.999 9999.999 9999.999 9999.999 9999.999 9999.999 17.053 18.245 17.791 19.942 24.228 22.818 27.118 30.179 9999.999 9999.999 1.237 999.999 1.211 999.999 1.369 999.999 0.000
146.708403 146.833403 9999.999 9999.999 9999.999 9999.999 39.531 37.584 41.881 37.710 42.100 43.505 45.101 43.696 9999.999 9999.999 9999.999 9999.999 9999.999 9999.999 26.866 25.540 29.203 26.213 29.900 30.578 31.215 29.917 9999.999 9999.999 9999.999 9999.999 9999.999 9999.999 20.785 20.881 25.548 22.769 27.283 26.139 25.674 24.995 9999.999 9999.999 1.224 999.999 1.177 999.999 1.336 999.999 0.000
146.833403 146.958403 9999.999 9999.999 9999.999 9999.999 34.866 34.130 36.112 36.519 37.663 38.446 39.234 42.108 9999.999 9999.999 9999.999 9999.999 9999.999 9999.999 24.206 23.311 24.870 25.276 23.622 26.045 26.819 28.696 9999.999 9999.999 9999.999 9999.999 9999.999 9999.999 19.896 20.461 21.003 21.368 20.727 22.300 22.985 23.297 9999.999 9999.999 1.222 999.999 1.189 999.999 1.309 999.999 0.000
146.958403 147.083403 9999.999 9999.999 9999.999 31.114 31.040 32.158 33.464 34.083 35.539 36.155 38.143 39.372 43.943 9999.999 9999.999 9999.999 9999.999 20.859 21.308 22.603 22.778 23.157 23.816 24.599 26.357 27.418 30.319 9999.999 9999.999 9999.999 9999.999 16.752 18.068 20.697 18.500 19.221 18.296 20.258 21.392 24.016 25.824 9999.999 1.246 999.999 1.239 999.999 1.376 999.999 0.000
147.083403 147.208403 9999.999 9999.999 9999.999 9999.999 29.445 30.437 29.992 31.404 32.583 35.218 37.198 38.858 44.905 9999.999 9999.999 9999.999 9999.999 9999.999 19.626 20.528 20.269 21.142 22.090 24.011 25.303 26.782 31.113 9999.999 9999.999 9999.999 9999.999 9999.999 16.259 16.382 16.593 17.579 18.035 19.928 21.124 22.762 27.434 9999.999 1.247 999.999 1.256 999.999 1.383 999.999 0.000
147.208403 147.333403 9999.999 9999.999 9999.999 9999.999 31.356 36.440 33.551 33.187 35.188 33.358 33.660 35.436 44.982 9999.999 9999.999 9999.999 9999.999 9999.999 21.159 25.266 22.535 23.349 24.382 22.899 23.933 24.742 30.524 9999.999 9999.999 9999.999 9999.999 9999.999 17.706 20.742 18.699 20.947 20.707 19.520 21.985 20.767 24.792 9999.999 1.250 999.999 1.258 999.999 1.398 999.999 0.000
147.333403 147.458403 9999.999 9999.999 9999.999 23.017 24.195 24.241 24.739 24.437 27.441 29.031 31.409 31.478 35.926 9999.999 9999.999 9999.999 9999.999 15.995 16.416 16.395 17.230 16.475 18.767 20.389 22.000 22.009 25.531 9999.999 9999.999 9999.999 9999.999 13.503 12.568 13.675 14.934 13.195 14.164 17.361 17.683 18.573 22.076 9999.999 1.287 999.999 1.337 999.999 999.999 999.999 0.000
147.458403 147.583403 9999.999 9999.999 22.932 24.988 25.413 25.687 25.809 28.941 27.480 30.953 28.717 32.890 9999.999 9999.999 9999.999 9999.999 15.492 17.041 17.570 17.158 17.591 18.529 18.727 21.055 20.132 22.987 9999.999 9999.999 9999.999 9999.999 13.809 13.118 13.752 12.717 13.689 18.327 14.713 16.127 18.599 19.703 9999.999 9999.999 1.311 1.437 1.390 1.483 1.478 1.405 0.000
147.583403 147.708403 9999.999 9999.999 25.165 26.375 26.313 25.902 27.442 27.877 28.357 27.702 32.419 31.222 9999.999 9999.999 9999.999 9999.999 17.301 17.639 18.320 18.279 18.860 19.835 19.716 19.771 22.641 22.272 9999.999 9999.999 9999.999 9999.999 13.444 10.423 15.151 16.237 16.136 15.409 16.752 17.151 18.484 20.275 9999.999 9999.999 1.328 1.310 1.407 1.345 1.410 1.473 0.000
147.708403 147.833403 9999.999 22.464 23.700 22.749 25.347 24.071 24.894 27.656 24.878 28.319 27.566 33.425 9999.999 9999.999 9999.999 15.745 17.180 16.583 18.332 16.403 17.702 18.969 17.913 19.852 19.270 23.631 9999.999 9999.999 9999.999 12.972 13.197 16.324 13.158 14.956 14.504 14.125 16.120 16.067 14.938 20.359 9999.999 9999.999 1.381 1.349 1.530 1.318 1.422 1.462 0.000
147.833403 147.958403 9999.999 9999.999 24.653 24.681 27.013 26.167 25.717 27.132 28.158 29.256 29.825 33.439 9999.999 9999.999 9999.999 9999.999 16.964 17.832 18.875 18.043 17.733 18.597 19.556 20.761 20.403 23.270 9999.999 9999.999 9999.999 9999.999 13.445 16.204 14.095 14.653 14.300 14.604 15.821 17.355 16.070 19.728 9999.999 9999.999 1.385 1.383 1.430 1.410 1.431 1.510 0.000
147.958403 148.083403 9999.999 9999.999 22.402 24.238 23.590 24.503 25.465 24.221 25.339 26.206 26.424 28.379 35.329 9999.999 9999.999 9999.999 15.897 17.230 16.736 17.280 17.860 16.977 17.774 18.334 18.792 20.000 24.987 9999.999 9999.999 9999.999 13.384 14.126 13.883 14.258 14.241 15.025 13.549 15.638 15.357 16.541 21.918 9999.999 1.323 1.369 1.381 1.364 1.307 1.380 0.000
148.083403 148.208403 9999.999 9999.999 9999.999 21.153 22.534 21.516 25.822 23.514 24.252 24.971 24.517 27.252 29.317 9999.999 9999.999 9999.999 9999.999 14.493 15.906 15.313 14.487 16.351 16.607 18.029 17.461 19.044 21.175 9999.999 9999.999 9999.999 9999.999 12.000 13.322 13.387 11.750 13.653 12.847 14.955 15.967 15.377 19.363 9999.999 1.251 999.999 1.377 999.999 999.999 999.999 0.000
148.208403 148.333403 9999.999 9999.999 9999.999 23.104 24.362 23.871 22.383 22.557 23.633 26.540 28.476 27.891 29.122 9999.999 9999.999 9999.999 9999.999 16.217 16.958 16.757 16.210 16.259 17.015 18.973 20.838 19.971 21.289 9999.999 9999.999 9999.999 9999.999 13.432 13.116 14.118 15.104 15.155 15.105 15.644 20.011 18.119 19.907 9999.999 1.250 999.999 1.320 999.999 1.285 999.999 0.000
148.333403 148.458403 9999.999 9999.999 9999.999 21.202 23.341 23.334 22.699 23.508 25.042 27.492 28.751 29.548 30.325 9999.999 9999.999 9999.999 9999.999 14.816 17.059 16.818 16.444 16.482 17.805 19.587 19.682 21.326 21.855 9999.999 9999.999 9999.999 9999.999 12.722 15.511 14.637 14.689 13.992 15.352 15.660 15.688 19.744 19.234 9999.999 1.267 999.999 1.319 999.999 999.999 999.999 0.000
148.458403 148.583403 9999.999 9999.999 9999.999 28.719 27.776 27.295 26.812 27.760 27.978 32.942 31.847 37.919 9999.999 9999.999 9999.999 9999.999 9999.999 22.114 20.099 19.857 18.795 20.213 19.685 24.313 23.000 27.309 9999.999 9999.999 9999.999 9999.999 9999.999 22.783 19.513 19.966 16.652 18.824 16.612 23.592 20.513 24.485 9999.999 9999.999 1.366 999.999 1.377 999.999 1.384 999.999 0.000
148.583403 148.708403 9999.999 9999.999 9999.999 25.972 24.301 25.443 27.555 27.016 27.625 32.649 30.546 32.443 9999.999 9999.999 9999.999 9999.999 9999.999 18.559 17.530 18.381 20.132 19.502 19.919 23.445 22.429 23.301 9999.999 9999.999 9999.999 9999.999 9999.999 14.739 14.674 15.662 16.832 17.597 17.790 18.427 21.092 20.914 9999.999 9999.999 1.384 999.999 1.340 999.999 1.349 999.999 0.000
148.708403 148.833403 9999.999 9999.999 22.029 23.691 25.858 24.489 25.559 26.058 27.257 25.081 29.619 30.082 9999.999 9999.999 9999.999 9999.999 15.846 15.831 18.095 17.353 17.808 18.612 18.975 17.492 21.906 21.707 9999.999 9999.999 9999.999 9999.999 14.847 12.018 12.219 14.494 14.102 15.445 14.410 15.463 20.137 18.961 9999.999 9999.999 1.294 1.403 1.338 1.399 999.999 1.291 0.000
148.833403 148.958403 9999.999 9999.999 9999.999 26.220 26.036 25.260 25.493 28.127 27.830 27.526 28.638 31.484 9999.999 9999.999 9999.999 9999.999 9999.999 18.024 18.236 17.213 18.173 19.409 19.541 19.185 20.507 21.868 9999.999 9999.999 9999.999 9999.999 9999.999 13.672 14.027 14.009 15.526 15.163 14.795 17.195 17.975 17.766 9999.999 9999.999 1.203 999.999 1.273 999.999 999.999 999.999 0.000
148.958403 149.083403 9999.999 9999.999 9999.999 23.333 23.045 23.956 24.322 25.025 25.403 25.350 28.909 29.628 31.140 9999.999 9999.999 9999.999 9999.999 16.044 15.807 16.476 17.011 16.486 17.572 17.530 20.227 20.256 21.977 9999.999 9999.999 9999.999 9999.999 12.507 12.882 13.385 13.925 12.047 14.341 14.439 16.039 15.638 18.949 9999.999 1.157 999.999 1.242 999.999 999.999 999.999 0.000
149.083403 149.208403 9999.999 9999.999 9999.999 25.583 25.217 25.047 26.192 27.439 27.349 28.950 28.667 30.497 32.179 9999.999 9999.999 9999.999 9999.999 17.482 16.766 17.845 18.040 18.699 19.212 19.754 19.763 21.088 22.634 9999.999 9999.999 9999.999 9999.999 13.799 12.769 16.467 14.117 14.297 16.604 15.638 16.100 17.580 19.040 9999.999 1.137 999.999 1.189 999.999 999.999 999.999 0.000
149.208403 149.333403 9999.999 9999.999 9999.999 25.536 27.143 25.807 25.389 29.219 30.680 30.507 32.640 33.940 33.387 9999.999 9999.999 9999.999 9999.999 17.280 19.041 16.312 17.334 19.986 22.021 21.071 23.267 23.680 23.170 9999.999 9999.999 9999.999 9999.999 14.327 16.087 13.573 14.343 15.839 20.739 17.008 20.132 19.948 19.596 9999.999 1.138 999.999 1.145 999.999 999.999 999.999 0.000
149.333403 149.458403 9999.999 9999.999 9999.999 24.526 23.987 24.565 27.581 26.750 29.322 30.695 31.286 32.358 31.299 9999.999 9999.999 9999.999 9999.999 17.140 16.721 17.969 20.190 19.095 20.612 21.535 21.968 23.407 22.121 9999.999 9999.999 9999.999 9999.999 13.215 14.432 16.649 18.216 17.089 17.437 18.177 19.599 19.737 19.247 9999.999 1.214 999.999 1.226 999.999 1.217 999.999 0.000
149.458403 149.583403 9999.999 9999.999 9999.999 25.241 27.918 27.467 26.903 28.921 30.777 31.691 31.543 34.799 9999.999 9999.999 9999.999 9999.999 9999.999 18.114 20.351 19.340 18.615 20.915 21.448 23.333 22.325 24.722 9999.999 9999.999 9999.999 9999.999 9999.999 15.917 17.580 13.774 16.081 18.881 17.384 22.152 19.247 20.498 9999.999 9999.999 1.275 999.999 1.306 999.999 1.316 999.999 0.000
149.583403 149.708403 9999.999 9999.999 9999.999 25.615 26.089 27.785 30.210 29.874 31.687 31.049 35.218 33.909 9999.999 9999.999 9999.999 9999.999 9999.999 18.724 18.637 20.724 21.078 21.647 22.521 22.333 25.054 24.462 9999.999 9999.999 9999.999 9999.999 9999.999 16.975 17.205 19.207 16.699 20.414 18.671 20.449 19.294 21.638 9999.999 9999.999 1.296 999.999 1.253 999.999 999.999 999.999 0.000
149.708403 149.833403 9999.999 9999.999 9999.999 29.763 29.418 31.051 29.371 30.094 33.348 33.735 34.793 39.157 9999.999 9999.999 9999.999 9999.999 9999.999 20.649 21.230 22.028 21.394 21.069 23.685 23.708 24.683 27.679 9999.999 9999.999 9999.999 9999.999 9999.999 16.559 19.895 18.829 20.155 18.296 20.270 20.241 21.540 24.241 9999.999 9999.999 1.275 999.999 1.223 999.999 999.999 999.999 0.000
149.833403 149.958403 9999.999 9999.999 9999.999 9999.999 34.131 34.821 37.682 35.163 37.371 38.095 40.373 40.690 9999.999 9999.999 9999.999 9999.999 9999.999 9999.999 23.667 23.878 26.819 24.793 26.548 26.488 27.895 28.962 9999.999 9999.999 9999.999 9999.999 9999.999 9999.999 19.512 18.402 24.579 22.110 23.199 22.506 22.528 26.127 9999.999 9999.999 1.266 999.999 1.209 999.999 999.999 999.999 0.000
149.958403 150.083403 9999.999 9999.999 9999.999 9999.999 36.220 37.537 36.478 35.746 40.329 41.197 39.781 47.365 44.678 9999.999 9999.999 9999.999 9999.999 9999.999 25.106 25.720 25.288 24.720 27.652 28.396 28.315 33.303 31.391 9999.999 9999.999 9999.999 9999.999 9999.999 21.517 21.404 21.284 23.145 21.751 23.142 26.075 30.047 27.485 9999.999 1.227 999.999 1.168 999.999 1.305 999.999 0.000
150.083403 150.208403 9999.999 9999.999 9999.999 9999.999 39.702 40.113 40.406 41.602 43.757 43.984 46.772 48.516 55.054 9999.999 9999.999 9999.999 9999.999 9999.999 26.748 27.051 27.678 28.716 30.303 29.684 32.385 33.750 38.312 9999.999 9999.999 9999.999 9999.999 9999.999 23.025 21.898 23.787 24.189 26.331 25.178 28.135 29.408 32.898 9999.999 1.193 999.999 1.138 999.999 1.331 999.999 0.000
150.208403 150.333403 9999.999 9999.999 9999.999 9999.999 9999.999 58.691 61.654 53.422 52.962 55.411 55.936 57.658 54.855 9999.999 9999.999 9999.999 9999.999 9999.999 9999.999 39.845 41.561 36.710 36.628 38.241 39.244 40.433 38.475 9999.999 9999.999 9999.999 9999.999 9999.999 9999.999 33.725 35.987 31.513 30.857 31.955 36.460 35.720 34.099 9999.999 1.156 999.999 1.094 999.999 1.337 999.999 0.000
150.333403 150.458403 9999.999 9999.999 9999.999 9999.999 56.322 50.395 56.801 57.464 56.705 61.376 50.055 61.904 9999.999 9999.999 9999.999 9999.999 9999.999 9999.999 39.435 34.765 39.023 40.216 39.313 42.617 35.055 42.996 9999.999 9999.999 9999.999 9999.999 9999.999 9999.999 34.234 29.506 33.345 37.224 34.092 37.531 30.036 37.490 9999.999 9999.999 999.999 999.999 999.999 999.999 999.999 999.999 0.000
150.458403 150.583403 9999.999 9999.999 9999.999 37.174 36.692 37.738 38.534 39.976 41.579 43.342 41.191 45.136 55.116 9999.999 9999.999 9999.999 9999.999 24.519 25.023 26.007 26.295 27.497 28.729 29.415 28.928 30.508 38.302 9999.999 9999.999 9999.999 9999.999 18.993 20.030 21.835 22.513 23.418 23.939 23.968 25.195 24.807 33.086 9999.999 999.999 999.999 999.999 999.999 999.999 999.999 0.000
150.583403 150.708403 9999.999 9999.999 9999.999 9999.999 9999.999 34.680 40.475 41.799 40.508 42.244 45.629 48.680 9999.999 9999.999 9999.999 9999.999 9999.999 9999.999 9999.999 23.271 28.124 28.992 27.155 28.369 30.598 33.233 9999.999 9999.999 9999.999 9999.999 9999.999 9999.999 9999.999 19.750 24.981 24.417 24.297 23.539 27.086 28.093 9999.999 9999.999 999.999 999.999 999.999 999.999 999.999 999.999 0.000
150.708403 150.833403 9999.999 9999.999 9999.999 9999.999 9999.999 42.389 48.875 41.486 45.191 45.707 47.114 47.619 59.006 9999.999 9999.999 9999.999 9999.999 9999.999 9999.999 28.425 32.559 27.826 28.912 30.054 31.428 31.924 38.777 9999.999 9999.999 9999.999 9999.999 9999.999 9999.999 22.320 26.060 22.183 23.849 23.721 25.641 25.350 32.919 9999.999 999.999 999.999 999.999 999.999 999.999 999.999 0.000
