HYGRO_dataset/CBG/CA0098R.20040101000000.20181219000000.nephelometer.aerosol_light_scattering_coefficient.pm1.2mo.1mn.TSI_3563_CBG_ref_TSI_3563_CBG_wet..lev0.nas
90 1001 
Andrews, Elisabeth; Jefferson, Anne; Burgos, Maria A.  
US06L, National Oceanic and Atmospheric Administration , NOAA/ESRL/GMD,  "Earth System Research Laboratory, Global Monitoring Division", 325 Broadway, , CO 80305-3, Boulder, U.S.A. 
Burgos, Maria A. 
NOAA-ESRL 
1 1 
2004 01 01 2018 12 19 
0.000000 
Days from the file reference point (start_time) 
21 
1 1 1 1 1 1 1 1 1 1 1 1 1 1 1 1 1 1 1 1 1  
9999.999999 9999.999 9999.999 9999.999 9999.999 9999.999 9999.999 9.999 9999.999 9999.999 9999.999 9999.999 9999.999 9999.999 9999.999 9999.999 9999.999 9999.999 9999.999 9999.999 9.999 
end_time of measurement, days from the file reference point 
pressure, hPa, Location=reference nephelometer internal 
pressure, hPa, Location=humidified nephleometer internal 
temperature, K, Location=reference nephelometer internal 
temperature, K, Location=humidified nephleometer internal 
relative_humidity, %, Location=reference nephelometer internal 
relative_humidity, %, Location=humidified nephleometer internal 
number of wavelengths 
aerosol_light_scattering_coefficient, 1/Mm, Wavelength=450nm, Location=reference nephelometer 
aerosol_light_scattering_coefficient, 1/Mm, Wavelength=450nm, Location=humidified nephleometer, Matrix=pm1_humidified 
aerosol_light_scattering_coefficient, 1/Mm, Wavelength=550nm, Location=reference nephelometer 
aerosol_light_scattering_coefficient, 1/Mm, Wavelength=550nm, Location=humidified nephleometer, Matrix=pm1_humidified 
aerosol_light_scattering_coefficient, 1/Mm, Wavelength=700nm, Location=reference nephelometer 
aerosol_light_scattering_coefficient, 1/Mm, Wavelength=700nm, Location=humidified nephleometer, Matrix=pm1_humidified 
aerosol_light_backscattering_coefficient, 1/Mm, Wavelength=450nm, Location=reference nephelometer 
aerosol_light_backscattering_coefficient, 1/Mm, Wavelength=450nm, Location=humidified nephleometer, Matrix=pm1_humidified 
aerosol_light_backscattering_coefficient, 1/Mm, Wavelength=550nm, Location=reference nephelometer 
aerosol_light_backscattering_coefficient, 1/Mm, Wavelength=550nm, Location=humidified nephleometer, Matrix=pm1_humidified 
aerosol_light_backscattering_coefficient, 1/Mm, Wavelength=700nm, Location=reference nephelometer 
aerosol_light_backscattering_coefficient, 1/Mm, Wavelength=700nm, Location=humidified nephleometer, Matrix=pm1_humidified 
numflag, no unit 
0 
55
Data definition:              EBAS_1.1 
Set type code:                TI 
Station code:                 CA0098R 
Platform code:                CA0098S 
Timezone:                     UTC 
Startdate:                    20040702182401 
Revision date:                20181219000000 
Component:                    aerosol_light_scattering_coefficient 
Unit:                         1/Mm 
Matrix:                       pm1 
Period code:                  2mo 
Resolution code:              1mn 
Sample duration:              1mn 
Laboratory code:              US06L 
Instrument type:              nephelometer 
Instrument manufacturer:      TSI 
Instrument model:             3563 
Instrument name:              TSI_3563_CBG_ref+TSI_3563_CBG_wet 
Instrument serial number:            1012+1087 
Method ref:                   US06L_hygro_tandem_neph_CorrData 
Orig. time res.:              1mn 
[...]
Submitter:                    Burgos, Maria A., paul.zieger@aces.su.se, Department of Environmental Science and Analytical Chemistry, ACES,,Frescativägen 54,, SE10691, Stockholm, Sweden 
Data level:                   0 
Version:                      1 
Version description:          raw values, RH sensor correction 
Height AGL:                   0m 
Inlet type:                   Hat or hood 
Inlet description:            Heated, stainless steel, see full description in Delene and Ogren, J. Atmos. Sci, 2002. 
Humidity/temperature control: Humidification 
Humidity/temperature control description: humidogram 
Volume std. temperature:      instrument internal 
Volume std. pressure:         instrument internal 
Detection limit:              0.5 1/Mm 
Detection limit expl.:        Determined by instrument counting statistics, no detection limit flag used 
Measurement uncertainty expl.: Uncertainty analysis described in Burgos et al., 2019 
Zero/negative values code:    zero/negative possible 
Zero/negative values:         zero and neg. values may appear due to statistical variations at very low concentrations  
Standard method:              cal-gas=CO2+AIR_truncation-correction=none 
Acknowledgement:              Funded by Department of Energy (USA) 
start_time end_time p_ref_int p_wet_int T_ref_int T_wet_int RH_ref_int RH_wet_int nWav sc450_ref sc550_ref sc700_ref sc450_wet sc550_wet sc700_wet bsc450_ref bsc550_ref bsc700_ref bsc450_wet bsc550_wet bsc700_wet numflag 
[from data line 19168]
218.395860 218.396550 992.800 991.400 304.450 304.850 28.100 86.873 3.000 51.670 34.630 18.440 61.860 41.790 23.730 5.690 4.470 3.580 5.830 4.620 3.330 0.000
218.396550 218.397244 992.700 991.400 304.450 304.950 28.100 87.691 3.000 51.680 34.280 18.960 62.590 42.260 24.360 6.090 4.350 3.380 5.810 4.640 3.890 0.000
218.421550 218.422244 993.100 991.800 304.450 303.650 28.000 37.427 3.000 50.180 33.770 17.410 44.930 28.690 15.720 5.920 4.410 3.350 5.090 3.800 3.130 0.000
218.422250 218.422944 993.100 991.800 304.450 303.750 28.000 37.207 3.000 49.740 33.420 17.640 44.100 28.940 15.640 5.820 4.150 3.290 5.310 3.860 3.000 0.000
218.422950 218.423630 993.200 991.900 304.450 303.750 28.000 37.025 3.000 48.840 32.940 17.480 44.530 28.330 15.860 5.680 4.340 2.890 5.320 3.960 3.130 0.000
218.423630 218.424324 993.100 991.800 304.450 303.850 28.100 36.410 3.000 50.750 33.630 17.810 45.720 29.030 16.220 5.460 4.590 3.060 5.000 4.230 3.030 0.000
218.424330 218.425024 992.900 991.600 304.550 303.850 28.100 36.500 3.000 49.310 33.290 18.350 45.140 29.490 16.030 5.950 4.730 3.560 5.320 3.980 3.010 0.000
218.425030 218.425720 992.400 991.000 304.550 303.850 28.200 39.590 3.000 50.600 34.230 18.350 47.670 30.630 16.710 5.820 4.520 3.140 5.590 4.380 3.060 0.000
218.425720 218.426414 992.100 990.700 304.550 303.850 28.200 42.020 3.000 50.030 32.950 17.580 48.430 31.260 16.640 6.270 4.240 3.110 6.050 4.280 3.150 0.000
218.426420 218.427110 991.900 990.500 304.650 303.850 28.200 42.109 3.000 49.740 32.770 17.740 47.570 31.270 17.000 5.650 4.520 3.340 5.050 4.450 3.140 0.000
218.427110 218.427800 991.800 990.400 304.650 303.850 28.200 41.770 3.000 50.050 32.200 16.710 48.110 30.720 16.630 6.140 4.400 3.420 5.600 4.420 2.990 0.000
218.427800 218.428494 991.700 990.300 304.650 303.850 28.200 43.708 3.000 49.700 32.050 16.880 48.650 30.280 16.550 5.420 4.490 2.850 5.950 4.200 3.210 0.000
218.428500 218.429190 991.600 990.200 304.650 303.950 28.200 48.948 3.000 49.040 32.620 17.090 48.520 31.590 16.840 5.580 4.550 3.280 5.470 4.420 3.290 0.000
218.429190 218.429880 991.700 990.300 304.650 304.050 28.200 54.275 3.000 52.270 33.460 18.520 51.820 33.180 18.010 6.590 4.640 3.670 6.060 4.600 3.370 0.000
218.429880 218.430574 991.800 990.500 304.650 304.150 28.200 58.298 3.000 50.740 33.260 17.860 51.880 33.340 17.400 6.230 4.660 3.380 6.080 4.610 3.350 0.000
218.430580 218.431270 992.000 990.700 304.650 304.150 28.200 61.362 3.000 48.620 32.160 17.280 50.300 32.640 17.690 6.320 4.450 3.130 6.000 4.460 3.500 0.000
218.431270 218.431964 992.200 990.900 304.650 304.250 28.200 66.127 3.000 47.900 31.340 16.130 50.240 32.400 18.010 5.630 4.180 3.170 5.380 4.330 3.320 0.000
218.431970 218.432660 992.300 991.000 304.550 304.350 28.100 69.626 3.000 46.010 31.270 17.150 51.240 32.650 18.420 5.890 4.310 3.160 5.770 4.490 3.380 0.000
218.432660 218.433354 992.400 991.100 304.450 304.450 28.000 73.398 3.000 44.610 30.140 16.130 51.150 33.400 18.510 5.800 4.250 3.220 5.330 4.180 3.600 0.000
218.433360 218.434050 992.500 991.200 304.450 304.550 28.000 77.445 3.000 46.600 30.470 16.120 52.490 34.760 18.980 5.080 4.170 3.170 5.210 4.300 3.210 0.000
218.434050 218.434744 992.600 991.300 304.350 304.550 28.000 81.650 3.000 46.990 30.760 16.550 54.360 35.920 20.250 5.780 4.010 3.240 5.660 4.360 3.420 0.000
218.434760 218.435440 992.600 991.400 304.350 304.650 28.000 84.450 3.000 48.900 32.270 16.950 58.250 37.560 21.400 5.810 4.390 3.650 6.050 4.710 3.700 0.000
218.435440 218.436130 992.700 991.400 304.350 304.650 27.900 85.562 3.000 49.370 32.170 18.070 60.000 39.960 23.110 5.620 4.220 4.190 6.370 5.020 3.910 0.000
218.436130 218.436824 992.700 991.400 304.350 304.750 27.800 86.267 3.000 45.240 30.730 15.930 57.160 37.970 21.460 5.800 4.320 3.300 5.530 4.560 3.800 0.000
218.436840 218.437520 992.700 991.400 304.250 304.750 27.800 87.187 3.000 47.680 31.010 16.550 58.140 38.440 22.050 5.680 4.180 2.650 6.040 4.880 3.880 0.000
218.437520 218.438214 992.600 991.400 304.250 304.850 27.800 87.903 3.000 47.130 30.460 16.120 57.730 38.230 21.230 5.500 4.290 2.800 6.180 4.340 3.250 0.000
218.438220 218.438914 992.600 991.400 304.250 304.850 27.800 88.415 3.000 50.810 32.860 17.660 63.770 42.500 24.070 6.160 4.450 3.340 6.210 4.850 4.330 0.000
218.463220 218.463914 993.200 991.900 304.150 303.450 27.800 39.166 3.000 46.200 31.280 17.060 40.980 26.800 15.070 5.700 4.350 2.810 4.600 4.080 2.940 0.000
218.463920 218.464614 993.200 991.900 304.150 303.450 27.700 38.750 3.000 42.620 27.580 15.560 38.150 25.190 13.680 4.850 4.020 2.920 4.530 3.370 3.060 0.000
218.464620 218.465300 993.300 992.000 304.150 303.450 27.700 38.658 3.000 47.360 30.900 16.530 42.870 27.270 14.930 5.410 3.950 2.940 5.170 3.690 2.870 0.000
218.465300 218.465994 993.300 992.000 304.050 303.450 27.700 38.429 3.000 43.690 29.830 15.880 40.490 26.090 14.220 4.880 4.180 2.700 4.880 3.470 2.990 0.000
218.466000 218.466690 993.300 992.000 304.050 303.450 27.700 38.612 3.000 45.560 29.650 16.860 41.470 26.500 14.400 5.380 4.250 2.890 4.930 3.600 2.860 0.000
218.466690 218.467380 992.800 991.500 304.050 303.450 27.700 41.748 3.000 47.900 32.060 17.570 45.100 28.870 16.420 5.740 4.490 3.280 5.070 3.850 3.290 0.000
218.467380 218.468074 992.600 991.300 304.050 303.450 27.600 43.941 3.000 47.880 32.270 17.470 46.480 30.310 16.340 5.640 4.570 3.310 5.400 4.130 3.090 0.000
218.468090 218.468770 992.600 991.300 304.050 303.450 27.600 43.590 3.000 48.080 32.470 17.420 46.070 29.780 16.620 5.660 4.220 3.010 5.250 4.000 3.370 0.000
218.468770 218.469464 992.600 991.300 304.050 303.350 27.500 43.497 3.000 49.750 31.950 17.430 46.290 30.330 16.560 5.620 4.370 3.490 5.270 4.250 3.050 0.000
218.469480 218.470160 992.700 991.400 303.950 303.350 27.500 46.020 3.000 49.500 32.760 17.700 47.410 31.180 17.380 6.050 4.530 3.300 5.450 3.960 3.350 0.000
218.470160 218.470854 992.800 991.500 303.950 303.450 27.500 51.296 3.000 47.450 31.920 16.770 47.420 30.600 17.290 5.780 4.220 3.200 5.260 4.220 3.320 0.000
218.470860 218.471554 992.800 991.500 303.950 303.550 27.500 55.753 3.000 46.430 30.430 16.660 46.320 30.560 16.980 5.780 4.350 3.450 5.190 3.970 3.290 0.000
218.471560 218.472250 992.800 991.500 303.950 303.650 27.500 59.550 3.000 47.050 31.450 16.690 47.260 31.160 16.590 5.300 4.380 3.310 5.400 4.370 3.250 0.000
218.472250 218.472944 992.800 991.400 303.950 303.750 27.500 62.851 3.000 47.730 32.080 17.070 49.020 31.580 17.700 5.240 4.280 3.760 5.720 4.000 3.150 0.000
218.472950 218.473630 992.800 991.500 303.950 303.850 27.500 67.386 3.000 47.500 31.880 17.070 49.130 32.200 18.060 5.650 4.520 3.240 5.420 4.100 3.090 0.000
218.473630 218.474324 992.900 991.500 303.950 303.950 27.500 71.035 3.000 49.120 31.990 17.670 51.860 33.500 18.910 5.420 4.450 3.410 5.790 4.380 3.340 0.000
218.474330 218.475024 993.000 991.600 303.950 304.050 27.500 74.760 3.000 46.720 31.350 17.280 52.220 34.660 19.440 5.780 4.150 3.120 5.610 4.390 3.430 0.000
218.475030 218.475720 993.100 991.700 303.950 304.150 27.600 79.062 3.000 46.280 30.760 15.800 51.990 34.390 19.340 5.620 4.390 2.940 5.930 4.440 3.220 0.000
218.475720 218.476414 993.100 991.700 303.950 304.350 27.600 82.639 3.000 45.940 30.260 16.500 53.880 35.820 20.260 5.300 4.190 2.510 5.300 4.300 3.290 0.000
218.476420 218.477110 993.100 991.700 303.950 304.450 27.600 84.965 3.000 42.000 27.820 15.730 49.010 32.680 18.410 5.260 3.690 2.950 5.170 4.200 2.900 0.000
218.477110 218.477800 993.100 991.700 303.950 304.550 27.600 86.478 3.000 43.980 29.230 16.400 52.920 34.930 19.780 5.000 4.000 3.540 5.540 4.270 3.450 0.000
218.477800 218.478494 993.100 991.700 303.950 304.550 27.600 88.529 3.000 41.210 27.340 14.730 49.540 32.570 18.650 5.090 4.040 2.530 4.730 4.050 2.880 0.000
218.478500 218.479190 993.100 991.700 303.950 304.650 27.700 89.466 3.000 39.810 26.520 14.210 47.260 31.690 17.910 4.490 3.780 3.410 4.720 3.860 2.850 0.000
218.479190 218.479880 993.200 991.800 303.950 304.750 27.700 89.877 3.000 41.180 26.930 14.610 49.770 32.030 18.610 5.280 3.670 2.620 4.850 3.850 3.270 0.000
218.479880 218.480574 993.200 991.800 303.950 304.850 27.700 91.137 3.000 43.030 28.370 15.340 51.910 33.800 19.910 5.190 4.020 2.520 5.090 3.890 3.260 0.000
218.504880 218.505574 993.800 992.200 304.150 303.650 27.800 38.891 3.000 52.860 33.920 19.140 47.040 30.900 16.680 5.920 4.870 3.830 5.740 3.860 3.280 0.000
218.505590 218.506270 993.800 992.200 304.150 303.650 27.800 38.616 3.000 51.470 34.670 18.760 47.620 30.160 16.440 5.470 4.660 3.710 5.690 4.280 3.250 0.000
218.506270 218.506964 993.800 992.200 304.150 303.650 27.800 38.114 3.000 51.130 34.400 18.270 46.590 30.050 16.540 6.030 4.540 3.240 5.710 3.890 3.090 0.000
218.506970 218.507664 993.900 992.200 304.150 303.650 27.800 38.296 3.000 52.330 35.140 18.940 47.790 30.330 16.630 5.510 4.720 3.040 5.210 4.130 3.360 0.000
218.507670 218.508360 993.900 992.300 304.150 303.650 27.800 37.798 3.000 51.490 33.690 19.190 46.840 30.510 16.800 5.370 4.720 3.270 5.510 4.080 3.310 0.000
218.508360 218.509050 993.500 991.800 304.150 303.650 27.800 40.090 3.000 52.650 35.410 18.280 49.080 32.310 17.670 5.860 4.620 3.780 5.930 4.530 3.490 0.000
218.509050 218.509744 993.300 991.700 304.150 303.650 27.800 42.280 3.000 50.760 34.590 19.640 50.320 31.860 17.580 5.910 4.790 3.990 5.550 4.480 3.370 0.000
218.509750 218.510440 993.300 991.700 304.150 303.650 27.800 42.028 3.000 51.090 33.950 18.310 48.930 31.670 17.370 6.160 4.600 3.870 5.680 4.500 3.380 0.000
218.510440 218.511134 993.300 991.700 304.150 303.650 27.800 41.953 3.000 52.670 35.430 18.820 50.130 33.010 18.260 6.430 4.930 3.180 6.090 4.700 3.560 0.000
218.511150 218.511830 993.300 991.700 304.150 303.650 27.800 45.213 3.000 53.080 36.130 19.430 52.270 34.240 18.820 6.830 4.860 3.590 6.070 4.490 3.730 0.000
218.511830 218.512520 993.400 991.800 304.150 303.750 27.800 50.125 3.000 53.800 35.990 20.600 52.410 34.560 19.170 6.010 4.850 3.750 5.700 4.640 3.350 0.000
218.512520 218.513214 993.400 991.800 304.150 303.850 27.800 54.593 3.000 51.810 34.540 19.860 52.660 33.010 18.660 5.850 4.850 4.100 5.800 4.510 3.300 0.000
218.513220 218.513914 993.500 991.800 304.150 303.950 27.800 58.574 3.000 53.820 35.730 19.530 53.970 35.390 19.680 5.680 4.720 3.530 5.700 4.320 3.600 0.000
218.513920 218.514614 993.500 991.800 304.150 304.050 27.800 61.847 3.000 52.910 36.230 18.730 54.650 35.690 19.510 6.450 4.810 3.470 6.160 4.380 3.400 0.000
218.514620 218.515300 993.500 991.900 304.150 304.050 27.800 65.927 3.000 54.170 35.750 19.970 56.040 36.870 20.700 5.920 4.720 4.100 5.640 4.640 3.600 0.000
218.515300 218.515994 993.500 991.900 304.150 304.150 27.900 69.915 3.000 54.690 35.820 20.460 59.040 38.020 21.370 5.920 4.650 3.240 5.860 4.490 3.800 0.000
218.516010 218.516690 993.600 991.900 304.150 304.250 27.900 73.986 3.000 52.400 35.240 19.560 58.760 38.690 21.530 5.850 4.970 3.590 5.850 4.550 3.770 0.000
218.516690 218.517380 993.600 991.900 304.150 304.450 27.900 77.289 3.000 53.910 34.990 19.800 59.410 39.910 22.160 5.690 4.650 3.070 6.200 4.540 4.000 0.000
218.517380 218.518074 993.700 992.000 304.150 304.550 28.000 81.100 3.000 52.730 34.990 19.250 62.460 40.040 22.710 5.790 4.520 3.270 6.410 4.910 3.780 0.000
218.518090 218.518770 993.700 992.100 304.150 304.650 28.000 83.286 3.000 52.910 34.400 19.050 62.570 41.740 23.630 5.680 4.490 3.660 5.590 4.550 3.990 0.000
218.518770 218.519464 993.800 992.100 304.250 304.750 28.000 84.380 3.000 52.300 34.830 18.380 62.750 41.330 23.380 5.950 4.580 3.610 6.030 4.730 3.790 0.000
218.519480 218.520160 993.800 992.100 304.250 304.750 28.000 85.780 3.000 53.010 35.060 19.090 63.220 42.440 24.150 6.020 4.640 3.660 5.880 4.340 3.680 0.000
218.520160 218.520854 993.800 992.100 304.250 304.850 28.000 86.588 3.000 52.800 34.740 19.670 64.930 42.390 24.940 5.710 4.580 3.750 6.280 4.620 3.940 0.000
218.520860 218.521550 993.800 992.100 304.250 304.950 28.000 87.402 3.000 52.520 35.110 19.080 64.790 42.460 24.810 5.710 4.880 3.410 6.120 4.640 4.080 0.000
218.521550 218.522244 993.800 992.100 304.250 304.950 28.000 88.016 3.000 51.970 34.410 18.950 65.060 43.730 24.480 5.570 4.700 3.150 6.410 5.090 4.130 0.000
218.546550 218.547244 994.300 992.700 304.250 303.550 27.800 36.043 3.000 52.270 35.750 19.140 47.900 31.000 17.100 6.180 4.870 4.110 5.600 4.240 3.310 0.000
218.547260 218.547940 994.300 992.700 304.250 303.650 27.800 35.707 3.000 53.280 35.380 19.670 48.890 31.050 16.740 5.990 4.300 3.500 5.600 4.210 3.290 0.000
218.547940 218.548630 994.300 992.700 304.150 303.650 27.800 35.707 3.000 53.050 34.700 20.450 48.490 31.550 16.710 5.980 4.850 3.570 5.490 4.180 3.460 0.000
218.548630 218.549324 994.300 992.700 304.150 303.650 27.800 35.406 3.000 52.950 35.070 19.440 47.790 31.200 16.920 5.810 4.980 3.530 5.680 4.440 3.470 0.000
218.549330 218.550020 994.300 992.700 304.150 303.550 27.800 35.315 3.000 51.920 35.170 19.130 48.020 30.460 16.820 6.220 4.830 3.600 5.370 4.140 3.200 0.000
218.550020 218.550714 993.800 992.200 304.150 303.550 27.800 38.176 3.000 52.130 35.230 19.150 50.360 32.310 17.860 6.210 4.900 4.190 5.970 4.310 3.460 0.000
218.550730 218.551410 993.600 992.000 304.150 303.450 27.800 40.191 3.000 53.180 34.950 19.480 50.900 33.380 18.200 5.950 4.750 3.780 6.090 4.480 3.610 0.000
218.551410 218.552104 993.600 992.000 304.150 303.450 27.800 40.279 3.000 52.140 35.430 18.640 51.190 33.130 17.940 5.840 4.840 3.230 5.960 4.360 3.280 0.000
218.552120 218.552800 993.700 992.000 304.150 303.450 27.800 41.156 3.000 51.720 35.820 19.410 51.270 33.120 18.370 6.270 4.850 3.980 5.820 4.410 3.660 0.000
218.552800 218.553494 993.700 992.100 304.050 303.450 27.800 45.564 3.000 52.920 35.060 19.120 52.110 33.830 18.860 5.980 4.680 3.340 5.790 4.640 3.550 0.000
218.553500 218.554194 993.700 992.100 304.050 303.550 27.800 50.183 3.000 52.940 35.560 19.790 52.360 34.080 18.590 5.720 4.830 3.980 5.830 4.540 3.540 0.000
218.554200 218.554880 993.700 992.100 304.050 303.650 27.700 54.081 3.000 54.670 35.960 20.140 55.030 35.480 20.020 6.090 4.860 4.120 6.100 4.780 3.720 0.000
218.554880 218.555574 993.800 992.200 304.050 303.750 27.700 57.601 3.000 56.430 37.250 20.650 56.620 37.450 20.460 6.640 5.090 4.440 6.520 4.850 4.000 0.000
218.555590 218.556270 993.800 992.200 304.050 303.850 27.700 62.133 3.000 57.030 37.490 20.640 58.630 37.940 21.210 6.780 5.010 4.200 6.630 4.940 3.970 0.000
218.556270 218.556964 993.800 992.300 304.050 303.850 27.700 65.917 3.000 56.770 37.210 20.500 58.220 38.590 21.150 6.520 5.050 4.000 6.670 4.990 4.080 0.000
218.556970 218.557664 993.900 992.400 304.050 303.950 27.700 68.900 3.000 54.600 37.520 20.390 59.960 38.870 21.800 6.230 5.130 4.560 6.620 5.150 4.130 0.000
218.557670 218.558360 993.900 992.400 304.050 304.050 27.700 72.827 3.000 55.770 37.200 19.970 61.060 39.940 22.810 6.460 5.090 3.160 6.040 4.990 3.770 0.000
218.558360 218.559054 994.000 992.500 303.950 304.050 27.700 77.188 3.000 55.290 36.740 19.770 61.520 40.430 22.920 6.130 4.870 4.130 6.550 4.910 3.970 0.000
218.559060 218.559750 994.000 992.500 304.050 304.150 27.700 80.228 3.000 54.400 36.610 19.820 61.590 42.020 23.760 6.240 5.020 4.130 6.200 4.850 4.040 0.000
218.559750 218.560440 994.000 992.600 304.050 304.250 27.700 82.100 3.000 54.470 36.050 19.310 61.800 41.360 23.340 6.430 5.240 4.050 6.570 4.990 3.740 0.000
218.560440 218.561134 994.000 992.500 304.050 304.350 27.800 83.186 3.000 53.360 35.730 19.730 62.050 41.130 23.520 6.490 5.000 3.390 5.960 5.000 3.990 0.000
218.561150 218.561830 993.900 992.500 304.050 304.450 27.800 83.977 3.000 54.110 35.090 19.930 62.620 42.480 24.340 5.720 4.530 4.090 6.300 4.610 3.850 0.000
218.561830 218.562520 994.000 992.500 304.150 304.550 27.800 84.876 3.000 52.190 35.810 19.120 62.400 41.750 23.440 5.690 4.740 3.470 6.100 4.750 4.230 0.000
218.562520 218.563214 993.900 992.500 304.150 304.650 27.900 85.576 3.000 52.070 35.050 18.850 61.680 41.590 23.400 6.070 4.820 3.490 6.080 4.680 3.590 0.000
