HYGRO_dataset/CBG/CA0098R.20040101000000.20181219000000.nephelometer.aerosol_light_scattering_coefficient.pm1.2mo.1mn.TSI_3563_CBG_ref_TSI_3563_CBG_wet..lev0.nas
90 1001 
Andrews, Elisabeth; Jefferson, Anne; Burgos, Maria A.  
US06L, National Oceanic and Atmospheric Administration , NOAA/ESRL/GMD,  "Earth System Research Laboratory, Global Monitoring Division", 325 Broadway, , CO 80305-3, Boulder, U.S.A. 
Burgos, Maria A. 
NOAA-ESRL 
1 1 
2004 01 01 2018 12 19 
0.000000 
Days from the file reference point (start_time) 
21 
1 1 1 1 1 1 1 1 1 1 1 1 1 1 1 1 1 1 1 1 1  
9999.999999 9999.999 9999.999 9999.999 9999.999 9999.999 9999.999 9.999 9999.999 9999.999 9999.999 9999.999 9999.999 9999.999 9999.999 9999.999 9999.999 9999.999 9999.999 9999.999 9.999 
end_time of measurement, days from the file reference point 
pressure, hPa, Location=reference nephelometer internal 
pressure, hPa, Location=humidified nephleometer internal 
temperature, K, Location=reference nephelometer internal 
temperature, K, Location=humidified nephleometer internal 
relative_humidity, %, Location=reference nephelometer internal 
relative_humidity, %, Location=humidified nephleometer internal 
number of wavelengths 
aerosol_light_scattering_coefficient, 1/Mm, Wavelength=450nm, Location=reference nephelometer 
aerosol_light_scattering_coefficient, 1/Mm, Wavelength=450nm, Location=humidified nephleometer, Matrix=pm1_humidified 
aerosol_light_scattering_coefficient, 1/Mm, Wavelength=550nm, Location=reference nephelometer 
aerosol_light_scattering_coefficient, 1/Mm, Wavelength=550nm, Location=humidified nephleometer, Matrix=pm1_humidified 
aerosol_light_scattering_coefficient, 1/Mm, Wavelength=700nm, Location=reference nephelometer 
aerosol_light_scattering_coefficient, 1/Mm, Wavelength=700nm, Location=humidified nephleometer, Matrix=pm1_humidified 
aerosol_light_backscattering_coefficient, 1/Mm, Wavelength=450nm, Location=reference nephelometer 
aerosol_light_backscattering_coefficient, 1/Mm, Wavelength=450nm, Location=humidified nephleometer, Matrix=pm1_humidified 
aerosol_light_backscattering_coefficient, 1/Mm, Wavelength=550nm, Location=reference nephelometer 
aerosol_light_backscattering_coefficient, 1/Mm, Wavelength=550nm, Location=humidified nephleometer, Matrix=pm1_humidified 
aerosol_light_backscattering_coefficient, 1/Mm, Wavelength=700nm, Location=reference nephelometer 
aerosol_light_backscattering_coefficient, 1/Mm, Wavelength=700nm, Location=humidified nephleometer, Matrix=pm1_humidified 
numflag, no unit 
0 
55
Data definition:              EBAS_1.1 
Set type code:                TI 
Station code:                 CA0098R 
Platform code:                CA0098S 
Timezone:                     UTC 
Startdate:                    20040702182401 
Revision date:                20181219000000 
Component:                    aerosol_light_scattering_coefficient 
Unit:                         1/Mm 
Matrix:                       pm1 
Period code:                  2mo 
Resolution code:              1mn 
Sample duration:              1mn 
Laboratory code:              US06L 
Instrument type:              nephelometer 
Instrument manufacturer:      TSI 
Instrument model:             3563 
Instrument name:              TSI_3563_CBG_ref+TSI_3563_CBG_wet 
Instrument serial number:            1012+1087 
Method ref:                   US06L_hygro_tandem_neph_CorrData 
Orig. time res.:              1mn 
[...]
Submitter:                    Burgos, Maria A., paul.zieger@aces.su.se, Department of Environmental Science and Analytical Chemistry, ACES,,Frescativägen 54,, SE10691, Stockholm, Sweden 
Data level:                   0 
Version:                      1 
Version description:          raw values, RH sensor correction 
Height AGL:                   0m 
Inlet type:                   Hat or hood 
Inlet description:            Heated, stainless steel, see full description in Delene and Ogren, J. Atmos. Sci, 2002. 
Humidity/temperature control: Humidification 
Humidity/temperature control description: humidogram 
Volume std. temperature:      instrument internal 
Volume std. pressure:         instrument internal 
Detection limit:              0.5 1/Mm 
Detection limit expl.:        Determined by instrument counting statistics, no detection limit flag used 
Measurement uncertainty expl.: Uncertainty analysis described in Burgos et al., 2019 
Zero/negative values code:    zero/negative possible 
Zero/negative values:         zero and neg. values may appear due to statistical variations at very low concentrations  
Standard method:              cal-gas=CO2+AIR_truncation-correction=none 
Acknowledgement:              Funded by Department of Energy (USA) 
start_time end_time p_ref_int p_wet_int T_ref_int T_wet_int RH_ref_int RH_wet_int nWav sc450_ref sc550_ref sc700_ref sc450_wet sc550_wet sc700_wet bsc450_ref bsc550_ref bsc700_ref bsc450_wet bsc550_wet bsc700_wet numflag 
[from data line 24555]
227.472220 227.472914 1002.900 1001.000 303.850 303.750 28.000 64.140 3.000 6.320 3.890 2.030 6.910 4.460 2.180 0.800 0.890 0.570 0.930 0.810 0.620 0.000
227.472920 227.473610 1003.000 1001.100 303.850 303.850 28.000 67.900 3.000 6.860 3.430 1.770 8.020 4.980 2.160 0.780 0.550 0.790 0.740 0.900 0.530 0.000
227.473610 227.474304 1003.000 1001.100 303.850 303.950 28.000 72.974 3.000 5.990 3.540 1.920 9.140 5.430 2.020 0.960 0.890 0.510 0.980 0.840 0.780 0.000
227.474320 227.475010 1003.000 1001.100 303.850 304.050 28.000 76.819 3.000 7.310 3.950 1.640 9.520 6.090 3.180 1.000 0.780 0.640 0.670 1.050 0.630 0.000
227.475010 227.475690 1003.100 1001.200 303.850 304.150 28.000 81.055 3.000 7.260 3.970 2.060 11.370 6.780 3.710 0.670 0.840 0.890 0.940 0.940 1.050 0.000
227.475690 227.476384 1003.100 1001.200 303.850 304.350 28.000 85.268 3.000 7.570 4.030 2.300 12.490 7.650 3.790 0.680 1.040 0.670 0.970 0.850 0.980 0.000
227.476390 227.477080 1003.100 1001.200 303.950 304.450 28.000 88.076 3.000 7.710 4.250 1.810 13.280 7.910 4.250 0.780 0.790 0.780 0.940 1.120 0.860 0.000
227.477080 227.477774 1003.200 1001.300 303.850 304.550 28.000 89.336 3.000 7.420 4.070 1.890 13.420 8.560 4.500 1.090 0.850 1.340 1.190 1.050 1.000 0.000
227.477780 227.478470 1003.100 1001.300 303.850 304.650 28.000 90.699 3.000 7.880 4.390 2.900 15.450 9.400 4.870 1.000 0.770 0.940 1.010 1.150 0.980 0.000
227.478470 227.479164 1003.200 1001.300 303.850 304.650 28.000 91.976 3.000 8.120 4.410 1.870 15.990 9.870 5.270 1.320 1.060 0.320 0.940 0.990 1.070 0.000
227.479170 227.479864 1003.200 1001.300 303.850 304.650 28.000 93.379 3.000 8.000 4.520 2.090 16.830 10.480 5.300 0.870 0.920 0.770 1.030 1.280 0.970 0.000
227.479870 227.480564 1003.200 1001.300 303.750 304.750 27.900 93.802 3.000 8.710 4.580 2.890 16.650 10.710 5.300 0.830 0.680 1.270 1.170 0.950 1.070 0.000
227.504860 227.505554 1003.700 1002.300 302.850 302.350 27.000 52.310 3.000 3.630 1.940 0.400 2.530 2.100 0.790 0.300 0.420 0.070 0.500 0.360 0.650 0.000
227.505560 227.506250 1003.700 1002.200 302.850 302.450 27.000 51.096 3.000 3.760 1.710 1.370 2.710 1.590 1.020 0.660 0.590 0.980 0.590 0.260 0.340 0.000
227.506250 227.506940 1003.700 1002.200 302.950 302.450 27.000 50.798 3.000 2.770 2.150 1.200 3.580 1.740 0.880 0.530 0.700 0.700 0.780 0.320 0.400 0.000
227.506940 227.507634 1003.700 1002.200 302.950 302.450 27.000 50.499 3.000 3.090 1.750 0.700 3.350 1.700 0.920 -0.000 0.630 0.490 0.170 0.500 0.260 0.000
227.507650 227.508330 1003.700 1002.200 302.950 302.450 27.000 49.904 3.000 3.260 1.870 1.260 3.200 1.920 1.430 0.140 0.600 0.450 0.240 0.240 0.280 0.000
227.508330 227.509024 1003.300 1001.800 302.950 302.550 27.000 51.756 3.000 3.060 1.960 0.500 3.650 1.960 1.260 0.510 0.550 0.900 0.150 0.390 0.280 0.000
227.509040 227.509720 1003.100 1001.600 302.950 302.550 27.000 54.070 3.000 3.860 1.990 0.940 3.360 1.920 1.210 0.370 0.270 0.120 0.360 0.540 0.340 0.000
227.509720 227.510414 1003.100 1001.600 302.950 302.450 27.100 53.972 3.000 3.290 2.240 1.710 4.290 2.340 1.430 0.040 0.460 1.050 0.730 0.470 0.440 0.000
227.510420 227.511114 1003.200 1001.700 302.950 302.450 27.100 54.069 3.000 4.550 2.370 1.390 4.140 2.310 1.220 0.560 0.430 0.800 0.510 0.500 0.270 0.000
227.511120 227.511810 1003.200 1001.700 302.950 302.550 27.200 53.749 3.000 3.860 1.950 0.650 3.860 2.480 1.500 0.320 0.430 0.920 0.460 0.500 0.130 0.000
227.511810 227.512504 1003.200 1001.700 302.950 302.550 27.200 53.622 3.000 4.180 2.070 1.410 3.890 2.480 1.180 0.640 0.520 0.400 0.580 0.390 0.280 0.000
227.512510 227.513190 1003.200 1001.600 303.050 302.650 27.200 55.254 3.000 4.530 2.370 1.290 4.500 2.530 1.410 0.480 0.510 0.680 0.500 0.540 0.240 0.000
227.513190 227.513884 1003.200 1001.600 303.050 302.750 27.200 59.863 3.000 3.800 2.100 0.920 4.830 2.630 1.360 0.420 0.600 9999.999 0.550 0.500 0.400 0.000
227.513890 227.514584 1003.300 1001.700 303.050 302.850 27.200 64.417 3.000 4.150 2.320 1.390 4.670 2.740 1.170 0.310 0.520 0.160 0.770 0.570 0.400 0.000
227.514590 227.515280 1003.300 1001.700 303.050 302.950 27.300 68.202 3.000 4.330 2.600 1.410 5.600 3.180 1.880 0.560 0.390 0.710 0.630 0.340 0.530 0.000
227.515280 227.515974 1003.400 1001.800 303.050 303.150 27.300 72.573 3.000 4.650 2.540 0.720 5.900 3.550 1.950 0.560 0.570 0.810 0.570 0.460 0.320 0.000
227.515980 227.516670 1003.500 1001.900 303.150 303.250 27.300 76.831 3.000 4.650 2.520 1.120 5.930 4.090 2.100 0.780 0.650 0.470 0.650 0.630 0.720 0.000
227.516670 227.517360 1003.500 1001.900 303.150 303.350 27.300 80.968 3.000 4.090 2.910 1.460 7.150 4.330 2.840 0.090 0.450 0.680 0.660 0.540 0.620 0.000
227.517360 227.518054 1003.500 1001.900 303.150 303.450 27.300 85.584 3.000 3.910 2.950 1.530 7.610 4.970 2.780 0.480 0.480 0.650 0.830 0.760 0.510 0.000
227.518070 227.518750 1003.700 1002.100 303.150 303.650 27.400 87.999 3.000 4.370 2.830 1.670 8.490 5.130 3.400 0.530 0.600 0.550 0.590 0.690 0.790 0.000
227.518750 227.519440 1003.700 1002.100 303.150 303.750 27.400 89.784 3.000 4.930 2.800 1.180 7.820 5.290 2.790 0.560 0.500 0.480 0.420 0.610 0.460 0.000
227.519440 227.520134 1003.600 1001.900 303.150 303.850 27.500 91.050 3.000 4.530 2.290 0.580 8.570 5.190 3.100 0.750 0.550 0.330 0.940 0.740 0.940 0.000
227.520140 227.520834 1003.600 1002.000 303.150 303.950 27.500 92.235 3.000 3.760 2.700 1.290 8.910 5.710 3.050 0.720 0.300 0.130 0.530 0.570 0.750 0.000
227.520840 227.521530 1004.500 1002.800 303.250 304.050 27.500 92.545 3.000 4.640 2.460 1.880 8.850 5.660 2.630 9999.999 0.680 0.580 0.580 0.790 0.740 0.000
227.521530 227.522224 1004.500 1002.800 303.250 304.150 27.500 93.842 3.000 4.940 2.840 1.840 9.420 6.060 2.960 0.190 0.610 1.010 0.610 0.830 0.600 0.000
227.546530 227.547224 1003.900 1002.000 303.750 303.350 28.000 47.671 3.000 3.730 2.290 1.880 3.410 2.170 0.900 0.410 0.920 0.670 9999.999 0.610 0.360 0.000
227.547230 227.547920 1003.900 1002.100 303.750 303.350 27.900 46.810 3.000 4.430 2.130 1.450 3.760 2.160 1.490 0.420 0.460 0.660 0.210 0.440 0.320 0.000
227.547920 227.548610 1003.900 1002.200 303.750 303.250 27.900 46.796 3.000 4.480 2.210 0.870 3.070 2.720 1.030 0.460 0.490 0.660 0.170 0.480 0.380 0.000
227.548610 227.549304 1003.900 1002.200 303.650 303.250 27.800 46.423 3.000 4.360 2.190 1.310 3.630 2.090 0.790 0.270 0.720 0.500 0.630 0.570 0.310 0.000
227.549310 227.550000 1003.900 1002.300 303.650 303.150 27.800 46.422 3.000 4.020 2.340 1.270 3.900 2.010 0.890 0.660 0.570 9999.999 9999.999 0.520 0.520 0.000
227.550000 227.550694 1003.500 1001.900 303.650 303.150 27.800 48.354 3.000 4.530 2.460 1.000 3.480 2.320 0.820 0.250 0.490 1.060 0.550 0.450 0.370 0.000
227.550710 227.551390 1003.400 1001.800 303.550 303.050 27.700 50.720 3.000 3.860 2.340 1.690 4.100 2.110 0.890 0.640 0.380 0.410 0.080 0.550 0.370 0.000
227.551390 227.552080 1003.300 1001.900 303.550 302.950 27.700 50.719 3.000 4.060 2.520 1.070 3.380 2.420 0.870 0.320 0.500 0.150 0.440 0.780 0.330 0.000
227.552080 227.552774 1003.300 1001.900 303.550 302.950 27.700 50.323 3.000 4.920 2.330 1.440 4.000 1.980 0.870 1.040 0.390 0.070 0.250 0.480 0.250 0.000
227.552780 227.553470 1003.300 1002.000 303.550 302.850 27.700 50.416 3.000 4.170 2.450 1.460 4.330 2.590 1.550 0.680 0.580 9999.999 0.500 0.590 0.420 0.000
227.553470 227.554164 1003.400 1002.100 303.450 302.850 27.600 51.641 3.000 4.270 2.820 1.390 4.910 3.020 1.130 0.530 0.750 0.280 0.490 0.500 0.270 0.000
227.554180 227.554860 1003.400 1002.200 303.450 302.850 27.500 57.131 3.000 5.070 2.690 2.460 4.240 3.100 1.380 0.840 0.510 1.390 0.320 0.350 0.460 0.000
227.554860 227.555554 1003.400 1002.200 303.350 302.950 27.500 61.793 3.000 4.810 2.530 1.350 4.160 2.400 1.380 0.540 0.550 0.430 0.740 0.450 0.390 0.000
227.555570 227.556250 1003.500 1002.300 303.350 303.050 27.500 65.114 3.000 4.840 2.270 2.000 3.950 2.840 1.260 0.560 0.810 0.430 0.010 0.740 0.430 0.000
227.556250 227.556940 1003.500 1002.300 303.350 303.150 27.500 68.604 3.000 3.900 2.840 0.950 4.920 2.850 1.240 1.040 0.770 0.540 9999.999 0.500 0.190 0.000
227.556940 227.557634 1003.600 1002.400 303.350 303.250 27.600 72.878 3.000 4.820 2.930 2.150 5.590 3.560 1.910 0.590 0.700 0.140 0.580 0.620 0.490 0.000
227.557640 227.558330 1003.600 1002.400 303.350 303.350 27.600 77.035 3.000 5.610 3.130 1.920 7.950 5.470 3.310 0.600 0.650 0.690 0.510 0.700 0.660 0.000
227.558330 227.559024 1003.600 1002.500 303.450 303.450 27.600 80.966 3.000 4.480 2.510 1.750 8.360 5.430 3.040 0.870 0.510 1.120 0.540 0.700 0.640 0.000
227.559040 227.559720 1003.600 1002.500 303.450 303.650 27.700 84.477 3.000 4.560 2.430 1.650 9.380 6.290 3.200 1.250 0.490 0.440 0.540 0.850 0.490 0.000
227.559720 227.560414 1003.600 1002.500 303.450 303.750 27.700 87.377 3.000 5.180 2.640 1.430 10.740 7.080 4.180 0.790 0.600 9999.999 0.850 0.890 0.840 0.000
227.560420 227.561114 1003.600 1002.500 303.450 303.850 27.700 88.525 3.000 5.430 2.910 1.880 10.740 6.860 4.000 0.540 0.620 0.410 0.490 0.720 0.540 0.000
227.561120 227.561810 1003.600 1002.500 303.450 303.950 27.700 89.253 3.000 4.310 2.980 1.530 10.370 6.750 3.940 0.680 0.680 0.190 0.790 0.690 0.710 0.000
227.561810 227.562504 1003.600 1002.500 303.450 303.950 27.800 91.154 3.000 4.660 2.660 1.800 10.750 7.300 4.180 0.820 0.580 0.270 0.350 0.850 0.590 0.000
227.562510 227.563190 1003.600 1002.500 303.450 304.050 27.800 91.585 3.000 5.420 2.880 2.070 11.010 7.680 4.350 0.800 0.800 0.400 0.370 0.930 0.550 0.000
227.563190 227.563884 1003.700 1002.500 303.450 304.150 27.800 92.114 3.000 4.920 2.940 1.780 11.990 8.260 4.620 0.680 0.390 0.100 0.940 0.990 0.540 0.000
227.588210 227.588890 1004.100 1002.900 303.950 303.350 28.200 45.610 3.000 9.070 5.660 3.080 8.510 4.840 2.740 1.140 1.060 0.520 1.130 0.810 0.730 0.000
227.588890 227.589580 1004.200 1002.900 303.950 303.350 28.200 45.243 3.000 8.890 5.950 3.190 8.500 5.290 2.900 1.010 0.860 0.060 0.790 0.770 0.690 0.000
227.589580 227.590274 1004.200 1003.000 303.950 303.450 28.200 44.784 3.000 8.560 5.300 2.780 7.640 4.940 2.490 1.520 0.770 0.400 0.850 0.800 0.630 0.000
227.590290 227.590970 1004.200 1002.900 303.950 303.450 28.200 44.591 3.000 8.350 5.290 3.350 8.430 4.910 2.610 1.170 0.810 0.730 0.960 0.730 0.660 0.000
227.590970 227.591664 1004.300 1003.000 304.050 303.450 28.200 44.328 3.000 7.530 4.770 2.600 7.390 4.500 1.910 1.780 0.700 0.650 0.950 0.760 0.400 0.000
227.591670 227.592360 1003.900 1002.600 303.950 303.450 28.300 46.737 3.000 7.510 4.630 2.740 8.830 4.720 2.610 0.470 0.760 0.530 1.260 0.680 0.510 0.000
227.592360 227.593054 1003.700 1002.400 304.050 303.450 28.300 49.021 3.000 8.170 4.950 2.920 8.210 5.200 2.860 0.960 0.900 0.250 1.220 0.830 0.770 0.000
227.593060 227.593754 1003.700 1002.400 304.050 303.350 28.300 48.829 3.000 7.940 4.950 2.980 8.920 5.240 2.940 1.180 0.750 0.570 1.430 0.860 0.750 0.000
227.593760 227.594440 1003.700 1002.400 304.050 303.350 28.300 48.446 3.000 9.050 5.410 3.390 8.790 5.310 2.900 0.690 0.880 0.490 0.980 0.810 0.890 0.000
227.594440 227.595134 1003.700 1002.400 304.050 303.350 28.300 48.352 3.000 8.510 5.260 2.890 9.960 5.720 2.980 1.350 0.820 0.610 1.320 0.740 0.730 0.000
227.595140 227.595830 1003.700 1002.400 304.050 303.450 28.300 49.956 3.000 9.840 6.080 3.650 9.740 6.190 3.010 1.310 1.000 0.790 1.160 0.870 0.820 0.000
227.595830 227.596524 1003.800 1002.400 304.050 303.550 28.300 54.751 3.000 9.730 6.550 3.630 11.880 6.770 3.460 1.200 1.030 0.410 1.310 0.940 0.820 0.000
227.596530 227.597224 1003.800 1002.500 304.050 303.650 28.300 59.519 3.000 10.990 6.320 3.620 11.300 7.610 3.960 1.520 0.890 0.870 1.510 1.150 0.580 0.000
227.597230 227.597920 1003.900 1002.500 304.050 303.750 28.300 62.781 3.000 9.730 6.220 3.470 11.550 7.620 4.230 1.310 0.890 0.620 0.880 1.250 0.650 0.000
227.597920 227.598610 1003.900 1002.600 304.050 303.850 28.300 67.700 3.000 8.770 5.390 2.890 11.920 7.560 3.880 1.120 0.870 0.530 0.900 0.660 0.660 0.000
227.598610 227.599304 1004.000 1002.700 304.050 303.950 28.400 71.636 3.000 8.860 5.360 2.910 12.240 8.180 4.340 1.130 0.720 0.380 0.770 1.050 1.120 0.000
227.599310 227.600000 1004.000 1002.700 304.150 304.150 28.400 75.313 3.000 7.990 5.260 2.920 13.290 8.150 4.090 1.430 0.840 0.650 1.430 0.890 0.570 0.000
227.600000 227.600694 1004.100 1002.700 304.150 304.250 28.400 79.596 3.000 8.710 5.310 2.650 13.920 9.010 4.770 0.920 0.710 0.400 0.880 1.180 1.120 0.000
227.600710 227.601390 1004.100 1002.800 304.150 304.350 28.500 83.342 3.000 8.830 5.580 2.820 15.980 10.000 5.600 0.990 0.750 0.180 1.420 1.230 1.040 0.000
227.601390 227.602084 1004.200 1002.800 304.150 304.450 28.500 86.108 3.000 9.760 6.120 3.650 17.760 11.580 6.110 1.180 0.910 0.360 1.480 0.980 1.090 0.000
227.602090 227.602780 1004.200 1002.800 304.150 304.550 28.500 87.456 3.000 10.420 6.550 3.810 19.010 12.120 6.660 1.350 0.910 0.940 1.270 0.950 1.140 0.000
227.602780 227.603470 1004.200 1002.900 304.150 304.650 28.500 88.495 3.000 11.610 6.550 2.950 20.140 12.570 6.850 1.180 1.130 0.310 1.430 1.360 1.340 0.000
227.603470 227.604164 1004.200 1002.900 304.150 304.750 28.500 88.811 3.000 11.130 7.190 4.370 20.810 13.150 7.070 1.830 1.090 1.260 1.700 1.410 1.380 0.000
227.604170 227.604860 1004.300 1003.000 304.150 304.750 28.500 90.279 3.000 10.700 6.640 3.680 20.160 13.340 7.620 1.790 0.880 0.670 1.370 1.430 1.250 0.000
227.604860 227.605554 1004.300 1003.000 304.150 304.750 28.400 91.658 3.000 11.310 6.510 3.470 21.120 13.120 7.840 1.630 1.110 0.750 1.310 1.580 1.350 0.000
227.629870 227.630560 1004.800 1003.600 303.850 303.250 28.200 44.879 3.000 10.880 6.590 3.850 10.130 5.840 3.150 1.370 1.040 0.800 1.190 0.870 0.630 0.000
227.630560 227.631254 1004.800 1003.600 303.950 303.350 28.200 44.135 3.000 11.550 6.990 4.240 10.400 6.320 3.720 1.380 1.000 0.980 1.060 0.960 1.000 0.000
227.631260 227.631940 1004.800 1003.600 303.950 303.350 28.200 43.874 3.000 12.090 7.120 4.030 10.440 6.430 3.810 1.650 1.060 1.250 1.490 1.050 0.930 0.000
227.631940 227.632634 1004.900 1003.600 303.950 303.350 28.200 43.615 3.000 12.720 7.640 4.720 12.140 7.080 4.080 1.200 1.180 1.080 1.410 0.970 0.880 0.000
227.632640 227.633330 1004.900 1003.600 303.950 303.350 28.300 43.425 3.000 12.370 7.770 4.260 11.470 6.940 4.340 1.120 1.250 0.770 1.220 1.080 0.940 0.000
227.633330 227.634024 1004.500 1003.200 304.050 303.350 28.300 46.269 3.000 12.880 8.180 3.850 12.310 7.750 4.140 1.200 1.090 0.860 1.510 0.980 0.900 0.000
227.634030 227.634724 1004.400 1003.100 304.050 303.450 28.300 48.536 3.000 13.150 7.840 4.880 13.800 7.930 4.420 1.120 1.050 0.650 1.610 1.090 1.000 0.000
227.634730 227.635420 1004.400 1003.100 304.050 303.450 28.300 48.062 3.000 12.830 8.220 4.140 12.910 7.940 4.240 0.880 1.060 0.980 1.550 1.110 1.200 0.000
227.635420 227.636110 1004.400 1003.100 304.050 303.450 28.400 48.062 3.000 11.290 7.390 3.690 12.090 7.630 3.980 1.200 1.130 0.980 1.470 1.370 0.950 0.000
227.636110 227.636804 1004.500 1003.100 304.150 303.450 28.400 47.685 3.000 10.820 7.140 4.150 12.460 6.880 4.240 1.060 0.980 0.900 1.420 0.980 0.880 0.000
227.636820 227.637500 1004.500 1003.200 304.050 303.450 28.400 49.739 3.000 10.910 6.860 4.170 11.730 7.020 4.040 0.820 1.010 0.670 1.200 1.050 0.970 0.000
227.637500 227.638194 1004.600 1003.300 304.050 303.550 28.400 55.609 3.000 12.320 6.620 3.420 12.250 7.500 3.900 1.410 0.910 0.650 1.470 0.970 0.920 0.000
227.638210 227.638890 1004.700 1003.400 304.050 303.650 28.300 59.940 3.000 11.230 6.410 3.970 13.360 7.820 4.740 1.340 1.080 1.130 1.460 1.040 0.870 0.000
227.638890 227.639580 1004.700 1003.400 304.050 303.650 28.300 63.861 3.000 12.380 7.190 4.010 14.200 9.010 4.740 1.040 1.080 1.030 1.380 1.050 1.130 0.000
227.639580 227.640274 1004.700 1003.400 304.050 303.750 28.300 68.297 3.000 12.200 7.470 4.310 15.640 9.760 5.080 1.030 1.120 1.280 1.990 1.540 1.140 0.000
