HYGRO_dataset/CBG/CA0098R.20040101000000.20181219000000.nephelometer.aerosol_light_scattering_coefficient.pm1.2mo.1mn.TSI_3563_CBG_ref_TSI_3563_CBG_wet..lev0.nas
90 1001 
Andrews, Elisabeth; Jefferson, Anne; Burgos, Maria A.  
US06L, National Oceanic and Atmospheric Administration , NOAA/ESRL/GMD,  "Earth System Research Laboratory, Global Monitoring Division", 325 Broadway, , CO 80305-3, Boulder, U.S.A. 
Burgos, Maria A. 
NOAA-ESRL 
1 1 
2004 01 01 2018 12 19 
0.000000 
Days from the file reference point (start_time) 
21 
1 1 1 1 1 1 1 1 1 1 1 1 1 1 1 1 1 1 1 1 1  
9999.999999 9999.999 9999.999 9999.999 9999.999 9999.999 9999.999 9.999 9999.999 9999.999 9999.999 9999.999 9999.999 9999.999 9999.999 9999.999 9999.999 9999.999 9999.999 9999.999 9.999 
end_time of measurement, days from the file reference point 
pressure, hPa, Location=reference nephelometer internal 
pressure, hPa, Location=humidified nephleometer internal 
temperature, K, Location=reference nephelometer internal 
temperature, K, Location=humidified nephleometer internal 
relative_humidity, %, Location=reference nephelometer internal 
relative_humidity, %, Location=humidified nephleometer internal 
number of wavelengths 
aerosol_light_scattering_coefficient, 1/Mm, Wavelength=450nm, Location=reference nephelometer 
aerosol_light_scattering_coefficient, 1/Mm, Wavelength=450nm, Location=humidified nephleometer, Matrix=pm1_humidified 
aerosol_light_scattering_coefficient, 1/Mm, Wavelength=550nm, Location=reference nephelometer 
aerosol_light_scattering_coefficient, 1/Mm, Wavelength=550nm, Location=humidified nephleometer, Matrix=pm1_humidified 
aerosol_light_scattering_coefficient, 1/Mm, Wavelength=700nm, Location=reference nephelometer 
aerosol_light_scattering_coefficient, 1/Mm, Wavelength=700nm, Location=humidified nephleometer, Matrix=pm1_humidified 
aerosol_light_backscattering_coefficient, 1/Mm, Wavelength=450nm, Location=reference nephelometer 
aerosol_light_backscattering_coefficient, 1/Mm, Wavelength=450nm, Location=humidified nephleometer, Matrix=pm1_humidified 
aerosol_light_backscattering_coefficient, 1/Mm, Wavelength=550nm, Location=reference nephelometer 
aerosol_light_backscattering_coefficient, 1/Mm, Wavelength=550nm, Location=humidified nephleometer, Matrix=pm1_humidified 
aerosol_light_backscattering_coefficient, 1/Mm, Wavelength=700nm, Location=reference nephelometer 
aerosol_light_backscattering_coefficient, 1/Mm, Wavelength=700nm, Location=humidified nephleometer, Matrix=pm1_humidified 
numflag, no unit 
0 
55
Data definition:              EBAS_1.1 
Set type code:                TI 
Station code:                 CA0098R 
Platform code:                CA0098S 
Timezone:                     UTC 
Startdate:                    20040702182401 
Revision date:                20181219000000 
Component:                    aerosol_light_scattering_coefficient 
Unit:                         1/Mm 
Matrix:                       pm1 
Period code:                  2mo 
Resolution code:              1mn 
Sample duration:              1mn 
Laboratory code:              US06L 
Instrument type:              nephelometer 
Instrument manufacturer:      TSI 
Instrument model:             3563 
Instrument name:              TSI_3563_CBG_ref+TSI_3563_CBG_wet 
Instrument serial number:            1012+1087 
Method ref:                   US06L_hygro_tandem_neph_CorrData 
Orig. time res.:              1mn 
[...]
Submitter:                    Burgos, Maria A., paul.zieger@aces.su.se, Department of Environmental Science and Analytical Chemistry, ACES,,Frescativägen 54,, SE10691, Stockholm, Sweden 
Data level:                   0 
Version:                      1 
Version description:          raw values, RH sensor correction 
Height AGL:                   0m 
Inlet type:                   Hat or hood 
Inlet description:            Heated, stainless steel, see full description in Delene and Ogren, J. Atmos. Sci, 2002. 
Humidity/temperature control: Humidification 
Humidity/temperature control description: humidogram 
Volume std. temperature:      instrument internal 
Volume std. pressure:         instrument internal 
Detection limit:              0.5 1/Mm 
Detection limit expl.:        Determined by instrument counting statistics, no detection limit flag used 
Measurement uncertainty expl.: Uncertainty analysis described in Burgos et al., 2019 
Zero/negative values code:    zero/negative possible 
Zero/negative values:         zero and neg. values may appear due to statistical variations at very low concentrations  
Standard method:              cal-gas=CO2+AIR_truncation-correction=none 
Acknowledgement:              Funded by Department of Energy (USA) 
start_time end_time p_ref_int p_wet_int T_ref_int T_wet_int RH_ref_int RH_wet_int nWav sc450_ref sc550_ref sc700_ref sc450_wet sc550_wet sc700_wet bsc450_ref bsc550_ref bsc700_ref bsc450_wet bsc550_wet bsc700_wet numflag 
[from data line 17340]
214.728480 214.729170 1004.800 1003.500 303.950 304.550 28.200 89.258 3.000 3.480 2.120 1.170 6.450 3.680 2.470 0.890 0.200 0.370 0.480 0.530 0.610 0.000
214.729170 214.729864 1004.800 1003.500 303.950 304.550 28.200 90.516 3.000 4.220 1.930 1.520 5.900 4.320 2.840 0.990 0.440 0.880 0.730 0.480 0.360 0.000
214.729870 214.730564 1004.800 1003.400 303.950 304.650 28.200 90.715 3.000 3.800 1.890 1.220 6.090 3.950 2.540 0.930 0.210 0.260 0.190 0.440 0.440 0.000
214.754860 214.755554 1004.700 1003.500 303.850 303.150 28.000 43.096 3.000 2.870 1.580 1.150 2.610 1.620 0.670 0.200 0.240 0.380 0.550 0.370 0.000 0.000
214.755560 214.756250 1004.700 1003.500 303.850 303.150 27.900 42.561 3.000 2.670 1.390 0.850 2.850 1.700 0.590 0.500 0.240 9999.999 0.340 0.360 0.400 0.000
214.756250 214.756940 1004.700 1003.500 303.850 303.150 27.900 42.468 3.000 2.360 1.260 1.430 2.480 1.570 0.710 0.690 0.170 0.610 0.350 0.270 0.240 0.000
214.756940 214.757634 1004.800 1003.500 303.850 303.150 27.900 42.468 3.000 2.340 1.690 0.880 2.610 1.480 0.820 0.220 0.280 0.400 9999.999 0.390 0.160 0.000
214.757650 214.758330 1004.800 1003.500 303.850 303.150 27.900 42.375 3.000 3.380 1.820 1.280 2.820 1.520 0.850 0.140 0.250 0.710 9999.999 0.240 0.350 0.000
214.758330 214.759024 1004.300 1003.000 303.750 303.150 27.800 44.715 3.000 2.790 1.300 0.740 2.740 1.780 1.080 0.420 0.560 9999.999 0.210 0.180 0.230 0.000
214.759030 214.759720 1004.100 1002.700 303.750 303.150 27.800 47.118 3.000 3.250 1.590 0.690 3.240 1.660 0.800 9999.999 0.220 0.330 0.110 0.140 0.540 0.000
214.759720 214.760414 1004.100 1002.800 303.750 303.150 27.800 46.838 3.000 3.270 1.510 0.660 2.720 1.790 0.860 0.300 0.110 0.150 9999.999 0.250 0.370 0.000
214.760420 214.761110 1004.000 1002.800 303.750 303.150 27.800 46.378 3.000 2.020 1.530 1.190 2.630 1.630 0.980 0.060 0.540 0.140 9999.999 0.240 0.260 0.000
214.761110 214.761804 1004.000 1002.700 303.750 303.050 27.800 47.201 3.000 2.740 1.570 0.250 3.140 1.440 0.940 0.790 0.210 9999.999 0.490 0.370 0.210 0.000
214.761810 214.762504 1004.100 1002.800 303.750 303.150 27.800 51.103 3.000 2.630 1.510 0.650 2.540 1.530 0.580 0.420 0.090 0.280 9999.999 0.070 0.220 0.000
214.762510 214.763190 1004.100 1002.800 303.750 303.250 27.800 57.266 3.000 3.150 1.520 0.700 2.840 1.980 1.110 0.350 0.170 0.140 0.250 0.420 0.520 0.000
214.763190 214.763884 1004.100 1002.800 303.750 303.350 27.800 61.213 3.000 2.230 1.550 0.520 3.730 1.870 0.880 0.270 0.190 0.070 9999.999 0.130 0.320 0.000
214.763890 214.764584 1004.100 1002.800 303.750 303.450 27.800 64.088 3.000 1.990 1.630 0.430 3.010 1.920 0.970 0.200 0.370 0.430 0.270 0.330 0.260 0.000
214.764590 214.765280 1004.100 1002.800 303.750 303.450 27.800 68.379 3.000 2.200 1.660 0.410 3.470 1.850 0.910 0.550 0.410 0.160 0.210 0.330 0.200 0.000
214.765280 214.765974 1004.200 1002.900 303.750 303.550 27.800 72.273 3.000 2.680 1.260 0.750 3.320 1.880 1.190 0.630 0.390 0.280 0.170 0.210 0.400 0.000
214.765980 214.766670 1004.200 1002.900 303.750 303.650 27.800 76.449 3.000 2.520 1.680 1.060 3.650 2.390 1.610 0.390 0.100 0.220 0.440 0.290 0.500 0.000
214.766670 214.767360 1004.200 1002.900 303.750 303.750 27.800 80.202 3.000 3.110 1.510 0.750 4.400 2.560 1.510 0.140 0.230 0.120 0.270 0.400 0.430 0.000
214.767360 214.768054 1004.200 1003.000 303.750 303.950 27.800 84.235 3.000 2.130 1.540 0.820 4.340 3.500 1.750 0.340 0.550 0.140 9999.999 0.280 0.280 0.000
214.768070 214.768750 1004.200 1003.000 303.650 304.050 27.800 86.592 3.000 2.800 1.260 0.740 4.770 3.280 2.110 0.440 0.290 9999.999 0.310 0.410 0.490 0.000
214.768750 214.769440 1004.200 1003.000 303.750 304.150 27.800 88.026 3.000 2.710 1.670 1.220 5.110 3.280 1.990 0.360 0.180 0.180 0.430 0.390 0.630 0.000
214.769440 214.770134 1004.200 1003.000 303.650 304.150 27.800 89.378 3.000 2.520 1.350 0.860 4.760 3.160 1.830 0.460 0.260 0.260 0.160 0.500 0.360 0.000
214.770140 214.770830 1004.200 1003.000 303.650 304.250 27.800 90.216 3.000 2.670 1.490 0.710 5.880 3.510 2.000 0.270 0.400 0.170 9999.999 0.410 0.360 0.000
214.770830 214.771524 1004.200 1003.000 303.650 304.250 27.800 91.488 3.000 2.290 1.190 0.610 5.080 3.560 1.840 0.400 0.270 0.250 0.260 0.240 0.440 0.000
214.771540 214.772234 1004.200 1003.000 303.650 304.350 27.800 92.125 3.000 2.950 1.440 0.870 4.660 2.960 1.840 0.290 0.490 9999.999 0.460 0.400 0.390 0.000
214.796530 214.797224 1004.200 1003.000 303.550 302.850 27.700 43.371 3.000 2.180 1.480 1.300 2.880 1.650 0.990 0.390 0.410 9999.999 0.220 0.370 0.180 0.000
214.797230 214.797920 1004.200 1003.000 303.550 302.950 27.800 42.836 3.000 3.320 1.800 0.790 2.710 1.420 0.500 0.390 0.360 9999.999 0.430 0.270 0.170 0.000
214.797920 214.798610 1004.300 1003.000 303.650 302.950 27.800 42.650 3.000 2.990 1.410 0.950 2.620 1.700 0.490 0.480 0.290 0.070 0.700 0.220 0.320 0.000
214.798610 214.799304 1004.300 1003.000 303.650 302.950 27.800 42.304 3.000 2.900 1.430 0.940 2.560 1.660 0.330 9999.999 0.380 0.350 0.270 0.300 0.220 0.000
214.799310 214.800000 1004.300 1003.000 303.650 302.950 27.800 42.026 3.000 2.600 1.370 0.730 2.970 1.550 0.670 0.380 0.400 0.420 0.660 0.190 0.330 0.000
214.800000 214.800694 1003.900 1002.500 303.750 303.050 27.900 43.987 3.000 2.500 1.720 0.430 3.650 1.780 0.820 0.200 0.280 9999.999 0.550 0.420 0.120 0.000
214.800710 214.801390 1003.600 1002.200 303.750 303.050 28.000 46.378 3.000 3.120 1.750 0.510 2.850 1.830 0.880 0.340 0.180 9999.999 0.710 0.360 0.200 0.000
214.801390 214.802080 1003.600 1002.200 303.850 303.050 28.000 46.284 3.000 2.560 1.480 0.480 2.840 1.840 0.570 0.160 0.440 0.160 0.870 0.210 0.340 0.000
214.802080 214.802774 1003.600 1002.200 303.850 303.150 28.000 45.921 3.000 2.800 1.620 1.160 2.830 2.050 0.940 0.210 0.360 9999.999 0.570 0.210 0.350 0.000
214.802780 214.803474 1003.600 1002.200 303.950 303.150 28.100 45.921 3.000 2.530 1.420 1.170 3.340 1.950 0.490 0.310 0.140 0.270 0.460 0.350 0.610 0.000
214.803480 214.804170 1003.600 1002.200 303.950 303.150 28.200 49.143 3.000 2.670 1.430 0.470 2.910 1.990 0.690 0.650 0.540 0.420 0.520 0.420 0.300 0.000
214.804170 214.804860 1003.700 1002.200 303.950 303.350 28.200 54.718 3.000 2.290 1.470 1.310 3.510 1.870 0.660 0.440 0.160 -0.000 0.460 0.460 0.260 0.000
214.804860 214.805554 1003.700 1002.200 303.950 303.450 28.200 58.503 3.000 2.550 1.580 0.680 2.910 1.910 0.880 0.630 0.460 9999.999 0.310 0.190 0.280 0.000
214.805570 214.806250 1003.700 1002.300 304.050 303.650 28.300 61.986 3.000 3.300 1.340 0.870 3.230 2.040 1.010 0.190 0.130 0.440 0.500 0.320 0.380 0.000
214.806250 214.806940 1003.800 1002.300 304.050 303.750 28.300 65.928 3.000 3.450 1.640 0.990 3.850 2.140 1.040 0.130 0.240 0.690 0.340 0.360 0.170 0.000
214.806940 214.807634 1003.800 1002.300 304.150 303.850 28.300 70.466 3.000 2.200 1.750 1.390 3.520 2.030 0.740 0.500 0.360 0.090 0.250 0.420 0.270 0.000
214.807640 214.808330 1003.800 1002.300 304.150 304.050 28.300 74.064 3.000 2.230 1.560 0.590 4.080 2.610 1.520 0.200 0.140 0.390 0.350 0.370 0.210 0.000
214.808330 214.809024 1003.800 1002.300 304.150 304.150 28.300 77.956 3.000 2.850 1.540 1.260 4.610 2.500 1.460 0.560 0.210 0.470 0.420 0.320 0.350 0.000
214.809040 214.809720 1003.800 1002.300 304.150 304.250 28.300 81.622 3.000 2.540 1.470 0.740 5.120 3.220 1.430 0.420 0.470 0.490 9999.999 0.320 0.240 0.000
214.809720 214.810414 1003.800 1002.400 304.150 304.350 28.300 84.147 3.000 2.480 1.570 0.690 4.840 2.700 1.560 0.420 0.400 9999.999 0.530 0.270 0.100 0.000
214.810420 214.811110 1003.800 1002.400 304.150 304.350 28.300 85.757 3.000 3.050 1.570 0.630 4.830 3.010 1.690 0.550 0.280 0.090 0.470 0.520 0.430 0.000
214.811110 214.811804 1003.800 1002.400 304.150 304.450 28.300 86.569 3.000 2.560 1.370 0.740 5.020 3.350 1.780 0.270 0.240 0.260 0.460 0.330 0.270 0.000
214.811810 214.812504 1003.800 1002.400 304.150 304.450 28.200 88.006 3.000 2.550 1.430 1.400 5.170 3.260 1.970 0.360 0.380 0.340 0.110 0.240 0.630 0.000
214.812510 214.813190 1003.800 1002.500 304.150 304.550 28.200 88.213 3.000 3.300 1.480 1.130 5.700 3.690 1.650 0.460 0.280 0.630 0.690 0.470 0.290 0.000
214.813190 214.813884 1003.800 1002.500 304.050 304.650 28.200 88.936 3.000 2.390 2.020 0.930 5.760 3.680 1.870 0.610 0.430 9999.999 0.520 0.540 0.350 0.000
214.838210 214.838890 1004.300 1003.100 303.650 302.850 27.700 41.966 3.000 3.730 2.000 0.810 3.100 1.690 0.720 0.690 0.350 0.170 0.670 0.190 9999.999 0.000
214.838890 214.839580 1004.300 1003.100 303.550 302.950 27.700 41.193 3.000 3.030 1.830 1.020 2.730 1.890 0.800 0.150 0.370 0.450 0.290 0.320 0.340 0.000
214.839580 214.840274 1004.300 1003.100 303.550 302.950 27.700 41.008 3.000 3.630 2.080 1.250 2.310 1.970 1.260 0.520 0.290 0.620 0.540 0.370 0.340 0.000
214.840280 214.840970 1004.300 1003.100 303.550 302.950 27.700 41.100 3.000 3.360 1.950 0.570 3.130 1.260 0.890 0.520 0.510 0.600 0.300 0.380 0.340 0.000
214.840970 214.841664 1004.300 1003.100 303.550 302.850 27.700 41.251 3.000 3.290 1.760 0.860 2.880 1.860 0.770 1.020 0.160 0.360 0.720 0.410 0.160 0.000
214.841680 214.842360 1003.900 1002.700 303.550 302.850 27.700 44.245 3.000 3.200 1.940 0.720 3.160 1.950 0.990 0.760 0.350 0.140 0.470 0.420 0.350 0.000
214.842360 214.843054 1003.700 1002.500 303.550 302.850 27.700 47.948 3.000 3.840 1.940 0.680 2.950 2.110 1.050 0.290 0.340 9999.999 0.800 0.770 0.490 0.000
214.843060 214.843750 1003.700 1002.500 303.550 302.850 27.600 47.479 3.000 3.780 1.870 1.740 3.130 1.830 0.940 0.700 0.330 0.990 0.300 0.350 0.300 0.000
214.843750 214.844440 1003.700 1002.500 303.550 302.850 27.600 46.921 3.000 3.440 1.970 0.310 3.450 1.890 1.220 0.540 0.420 0.160 0.480 0.560 0.070 0.000
214.844440 214.845134 1003.700 1002.400 303.550 302.850 27.700 47.013 3.000 3.570 1.450 0.670 3.300 1.820 0.930 0.710 0.360 0.670 0.400 0.430 0.430 0.000
214.845150 214.845830 1003.700 1002.400 303.550 302.950 27.700 50.542 3.000 3.150 2.120 1.330 3.870 2.010 0.990 1.040 0.340 0.670 0.230 0.530 0.370 0.000
214.845830 214.846524 1003.700 1002.500 303.550 303.050 27.700 55.697 3.000 3.220 1.810 1.240 3.290 2.020 1.100 0.820 0.240 0.300 0.370 0.340 0.380 0.000
214.846530 214.847220 1003.800 1002.500 303.650 303.150 27.800 59.867 3.000 4.330 1.600 0.420 3.490 1.730 1.350 0.360 0.170 0.470 0.330 0.400 0.390 0.000
214.847220 214.847914 1003.800 1002.500 303.650 303.250 27.800 63.107 3.000 2.620 1.760 0.740 3.570 1.940 1.520 0.580 0.220 0.200 0.290 0.470 0.350 0.000
214.847920 214.848610 1003.800 1002.500 303.650 303.450 27.800 66.609 3.000 3.340 1.540 1.000 3.750 1.910 0.980 0.620 0.490 0.480 0.330 0.310 0.260 0.000
214.848610 214.849304 1003.800 1002.500 303.750 303.550 27.900 70.980 3.000 2.850 1.850 0.660 4.040 2.290 1.530 0.560 0.390 0.280 0.490 0.280 0.570 0.000
214.849310 214.850004 1003.900 1002.500 303.750 303.650 28.000 75.040 3.000 2.860 1.590 0.770 4.270 2.420 1.260 0.180 0.220 0.780 0.510 0.460 0.420 0.000
214.850010 214.850690 1003.900 1002.500 303.850 303.850 28.000 78.315 3.000 4.050 1.890 0.820 4.830 2.720 1.960 0.480 0.300 0.260 0.270 0.530 0.260 0.000
214.850690 214.851384 1003.900 1002.500 303.850 303.950 28.000 81.695 3.000 2.750 1.580 1.340 4.830 2.660 1.560 0.180 0.470 0.370 0.240 0.550 0.130 0.000
214.851390 214.852080 1004.000 1002.600 303.850 304.050 28.100 84.233 3.000 2.870 2.220 0.720 5.490 3.040 1.870 0.620 0.340 0.330 9999.999 0.370 0.230 0.000
214.852080 214.852774 1004.000 1002.600 303.950 304.250 28.200 85.552 3.000 3.190 1.530 1.250 5.420 3.380 1.720 0.500 0.290 0.380 0.250 0.310 0.400 0.000
214.852780 214.853474 1004.000 1002.600 303.950 304.350 28.200 86.363 3.000 3.560 1.720 0.660 5.060 3.560 1.840 0.400 0.560 0.190 0.680 0.550 0.330 0.000
214.853480 214.854170 1004.000 1002.500 304.050 304.450 28.300 87.285 3.000 3.280 1.580 1.220 5.160 3.450 1.550 0.630 0.310 0.730 0.290 0.520 0.280 0.000
214.854170 214.854860 1004.000 1002.500 304.050 304.550 28.300 88.108 3.000 3.000 1.810 0.450 5.240 3.400 1.650 0.740 0.240 0.170 0.470 0.630 0.430 0.000
214.854860 214.855554 1004.000 1002.500 304.150 304.650 28.400 88.724 3.000 2.890 2.220 0.570 4.960 3.430 2.100 0.590 0.430 0.220 0.610 0.340 0.440 0.000
214.879870 214.880560 1003.800 1002.500 303.750 303.050 27.800 42.251 3.000 3.310 1.540 0.120 3.030 1.470 0.340 0.560 0.360 0.620 0.440 0.490 0.120 0.000
214.880560 214.881250 1003.800 1002.500 303.750 303.150 27.800 41.536 3.000 2.970 2.060 0.750 2.680 1.870 0.670 0.460 0.480 -0.000 0.210 0.350 0.200 0.000
214.881250 214.881940 1003.800 1002.500 303.850 303.150 27.800 41.443 3.000 3.140 1.700 0.680 2.830 1.900 1.120 0.300 0.500 0.010 0.330 0.390 0.330 0.000
214.881940 214.882634 1003.800 1002.500 303.850 303.150 27.800 41.257 3.000 3.000 1.630 0.840 2.430 1.570 0.680 1.040 0.300 9999.999 0.250 0.470 9999.999 0.000
214.882640 214.883334 1003.800 1002.400 303.850 303.150 27.800 41.164 3.000 3.060 1.610 1.170 2.860 1.570 0.750 0.180 0.200 0.350 0.320 0.430 0.320 0.000
214.883340 214.884030 1003.400 1002.000 303.850 303.250 27.800 44.532 3.000 3.950 1.770 1.190 2.760 1.710 0.920 0.230 0.440 0.080 0.330 0.090 0.140 0.000
214.884030 214.884720 1003.200 1001.800 303.950 303.250 27.900 48.421 3.000 3.530 1.790 0.410 2.760 1.900 1.320 0.370 0.460 9999.999 0.200 0.430 0.330 0.000
214.884720 214.885414 1003.200 1001.800 303.950 303.350 28.000 47.768 3.000 3.090 1.780 0.510 3.250 1.880 0.730 0.250 0.170 9999.999 0.680 0.370 0.150 0.000
214.885420 214.886114 1003.200 1001.800 303.950 303.350 28.000 47.492 3.000 3.370 1.800 0.870 3.050 1.950 0.700 0.440 0.210 0.060 0.360 0.300 0.370 0.000
214.886120 214.886814 1003.200 1001.800 303.950 303.350 28.000 47.027 3.000 3.390 1.730 1.240 3.340 2.090 1.000 0.150 0.160 0.620 0.660 0.480 0.160 0.000
214.886820 214.887500 1003.200 1001.800 304.050 303.350 28.000 49.905 3.000 3.570 1.820 0.690 3.270 2.310 0.750 0.070 0.280 0.200 0.630 0.640 0.230 0.000
214.887500 214.888194 1003.300 1001.900 304.050 303.550 28.100 55.519 3.000 3.520 1.670 1.370 3.960 2.400 1.210 0.240 0.280 9999.999 0.630 0.420 0.090 0.000
214.888210 214.888890 1003.300 1001.900 304.150 303.650 28.100 59.875 3.000 3.600 1.760 0.730 3.500 2.130 0.860 0.420 0.490 9999.999 0.620 0.500 0.240 0.000
214.888890 214.889580 1003.400 1001.900 304.150 303.750 28.200 63.016 3.000 3.620 2.020 0.580 3.700 2.060 1.200 0.300 0.240 0.130 0.100 0.330 0.040 0.000
214.889580 214.890274 1003.400 1001.900 304.150 303.850 28.200 66.908 3.000 3.070 1.780 1.070 3.870 2.580 1.270 0.540 0.320 0.450 0.630 0.610 0.430 0.000
214.890290 214.890970 1003.400 1001.900 304.150 303.950 28.200 71.081 3.000 2.480 1.560 0.850 3.550 2.790 1.150 0.220 0.220 9999.999 0.510 0.410 9999.999 0.000
214.890970 214.891664 1003.400 1001.900 304.250 304.150 28.200 74.300 3.000 2.970 1.740 0.930 4.440 2.460 1.390 0.310 0.330 0.320 0.110 0.250 0.330 0.000
214.891680 214.892360 1003.400 1001.900 304.250 304.250 28.300 78.110 3.000 3.010 1.180 1.420 4.400 2.910 1.260 0.330 0.200 0.250 0.440 0.400 0.150 0.000
214.892360 214.893054 1003.400 1001.900 304.350 304.350 28.300 81.793 3.000 3.060 1.560 1.020 4.220 3.080 1.560 0.360 0.330 0.350 0.380 0.510 0.150 0.000
214.893060 214.893750 1003.400 1001.900 304.350 304.550 28.300 84.431 3.000 3.110 1.630 0.410 4.490 2.850 1.360 0.930 0.220 0.130 0.220 0.520 0.230 0.000
214.893750 214.894440 1003.400 1001.900 304.350 304.650 28.400 85.544 3.000 4.040 1.660 1.180 5.260 3.310 1.750 0.430 0.410 9999.999 0.260 0.480 0.200 0.000
214.894440 214.895134 1003.400 1001.900 304.450 304.750 28.500 86.963 3.000 3.490 1.520 0.690 5.440 3.800 1.950 0.400 0.460 0.170 0.150 0.370 0.460 0.000
214.895150 214.895830 1003.400 1001.900 304.450 304.850 28.500 87.783 3.000 3.690 1.700 1.540 5.370 3.930 2.230 0.250 0.320 0.580 0.540 0.340 0.130 0.000
214.895830 214.896524 1003.400 1001.900 304.450 304.850 28.500 88.718 3.000 3.130 1.740 1.280 5.360 3.300 1.710 0.400 0.280 0.760 0.300 0.510 0.250 0.000
