HYGRO_dataset/CBG/CA0098R.20040101000000.20181219000000.nephelometer.aerosol_light_scattering_coefficient.pm1.2mo.1mn.TSI_3563_CBG_ref_TSI_3563_CBG_wet..lev0.nas
90 1001 
Andrews, Elisabeth; Jefferson, Anne; Burgos, Maria A.  
US06L, National Oceanic and Atmospheric Administration , NOAA/ESRL/GMD,  "Earth System Research Laboratory, Global Monitoring Division", 325 Broadway, , CO 80305-3, Boulder, U.S.A. 
Burgos, Maria A. 
NOAA-ESRL 
1 1 
2004 01 01 2018 12 19 
0.000000 
Days from the file reference point (start_time) 
21 
1 1 1 1 1 1 1 1 1 1 1 1 1 1 1 1 1 1 1 1 1  
9999.999999 9999.999 9999.999 9999.999 9999.999 9999.999 9999.999 9.999 9999.999 9999.999 9999.999 9999.999 9999.999 9999.999 9999.999 9999.999 9999.999 9999.999 9999.999 9999.999 9.999 
end_time of measurement, days from the file reference point 
pressure, hPa, Location=reference nephelometer internal 
pressure, hPa, Location=humidified nephleometer internal 
temperature, K, Location=reference nephelometer internal 
temperature, K, Location=humidified nephleometer internal 
relative_humidity, %, Location=reference nephelometer internal 
relative_humidity, %, Location=humidified nephleometer internal 
number of wavelengths 
aerosol_light_scattering_coefficient, 1/Mm, Wavelength=450nm, Location=reference nephelometer 
aerosol_light_scattering_coefficient, 1/Mm, Wavelength=450nm, Location=humidified nephleometer, Matrix=pm1_humidified 
aerosol_light_scattering_coefficient, 1/Mm, Wavelength=550nm, Location=reference nephelometer 
aerosol_light_scattering_coefficient, 1/Mm, Wavelength=550nm, Location=humidified nephleometer, Matrix=pm1_humidified 
aerosol_light_scattering_coefficient, 1/Mm, Wavelength=700nm, Location=reference nephelometer 
aerosol_light_scattering_coefficient, 1/Mm, Wavelength=700nm, Location=humidified nephleometer, Matrix=pm1_humidified 
aerosol_light_backscattering_coefficient, 1/Mm, Wavelength=450nm, Location=reference nephelometer 
aerosol_light_backscattering_coefficient, 1/Mm, Wavelength=450nm, Location=humidified nephleometer, Matrix=pm1_humidified 
aerosol_light_backscattering_coefficient, 1/Mm, Wavelength=550nm, Location=reference nephelometer 
aerosol_light_backscattering_coefficient, 1/Mm, Wavelength=550nm, Location=humidified nephleometer, Matrix=pm1_humidified 
aerosol_light_backscattering_coefficient, 1/Mm, Wavelength=700nm, Location=reference nephelometer 
aerosol_light_backscattering_coefficient, 1/Mm, Wavelength=700nm, Location=humidified nephleometer, Matrix=pm1_humidified 
numflag, no unit 
0 
55
Data definition:              EBAS_1.1 
Set type code:                TI 
Station code:                 CA0098R 
Platform code:                CA0098S 
Timezone:                     UTC 
Startdate:                    20040702182401 
Revision date:                20181219000000 
Component:                    aerosol_light_scattering_coefficient 
Unit:                         1/Mm 
Matrix:                       pm1 
Period code:                  2mo 
Resolution code:              1mn 
Sample duration:              1mn 
Laboratory code:              US06L 
Instrument type:              nephelometer 
Instrument manufacturer:      TSI 
Instrument model:             3563 
Instrument name:              TSI_3563_CBG_ref+TSI_3563_CBG_wet 
Instrument serial number:            1012+1087 
Method ref:                   US06L_hygro_tandem_neph_CorrData 
Orig. time res.:              1mn 
[...]
Submitter:                    Burgos, Maria A., paul.zieger@aces.su.se, Department of Environmental Science and Analytical Chemistry, ACES,,Frescativägen 54,, SE10691, Stockholm, Sweden 
Data level:                   0 
Version:                      1 
Version description:          raw values, RH sensor correction 
Height AGL:                   0m 
Inlet type:                   Hat or hood 
Inlet description:            Heated, stainless steel, see full description in Delene and Ogren, J. Atmos. Sci, 2002. 
Humidity/temperature control: Humidification 
Humidity/temperature control description: humidogram 
Volume std. temperature:      instrument internal 
Volume std. pressure:         instrument internal 
Detection limit:              0.5 1/Mm 
Detection limit expl.:        Determined by instrument counting statistics, no detection limit flag used 
Measurement uncertainty expl.: Uncertainty analysis described in Burgos et al., 2019 
Zero/negative values code:    zero/negative possible 
Zero/negative values:         zero and neg. values may appear due to statistical variations at very low concentrations  
Standard method:              cal-gas=CO2+AIR_truncation-correction=none 
Acknowledgement:              Funded by Department of Energy (USA) 
start_time end_time p_ref_int p_wet_int T_ref_int T_wet_int RH_ref_int RH_wet_int nWav sc450_ref sc550_ref sc700_ref sc450_wet sc550_wet sc700_wet bsc450_ref bsc550_ref bsc700_ref bsc450_wet bsc550_wet bsc700_wet numflag 
[from data line 3041]
189.100710 189.101390 997.200 994.500 307.050 307.750 30.500 73.861 3.000 21.320 15.530 9.660 27.640 19.540 11.820 2.070 1.890 1.610 2.790 2.210 1.730 0.000
189.101390 189.102080 997.300 994.500 307.050 307.850 30.600 77.257 3.000 22.000 14.930 8.940 28.190 20.520 12.640 2.370 1.970 1.320 2.400 2.230 1.760 0.000
189.102080 189.102774 997.300 994.600 307.150 308.050 30.700 80.533 3.000 20.330 14.500 7.990 29.520 20.760 13.270 2.200 1.770 1.310 2.320 2.160 1.950 0.000
189.102780 189.103470 997.400 994.600 307.150 308.250 30.700 84.159 3.000 21.740 16.880 9.860 33.310 24.130 14.890 2.550 2.080 1.990 2.530 2.340 1.970 0.000
189.103470 189.104164 997.400 994.600 307.250 308.350 30.800 87.692 3.000 23.500 16.520 9.890 35.700 25.810 16.610 2.830 2.220 1.650 2.840 2.440 2.160 0.000
189.104180 189.104860 997.400 994.600 307.250 308.550 30.800 90.414 3.000 24.480 17.130 10.470 37.850 27.580 17.920 2.220 2.000 2.090 3.500 2.580 2.380 0.000
189.104860 189.105554 997.400 994.600 307.250 308.750 30.900 92.480 3.000 17.330 11.650 6.680 26.190 18.060 9.980 2.570 1.610 1.550 2.550 1.830 1.180 0.000
189.129870 189.130560 997.400 994.800 306.850 306.750 30.500 39.835 3.000 23.520 16.680 10.230 20.500 13.980 7.930 2.860 1.950 2.530 2.280 1.810 1.300 0.000
189.130560 189.131250 997.400 994.700 306.950 306.850 30.500 38.741 3.000 19.790 13.450 7.650 18.080 11.330 6.310 2.580 1.830 1.630 1.770 1.700 1.080 0.000
189.131250 189.131940 997.400 994.700 306.950 306.850 30.500 38.481 3.000 22.190 15.520 8.670 20.230 13.700 8.210 2.260 2.060 1.310 2.330 1.950 1.270 0.000
189.131940 189.132634 997.400 994.700 306.950 306.950 30.500 38.174 3.000 23.460 16.140 9.340 21.790 14.210 8.100 2.320 2.040 2.020 2.280 1.960 1.330 0.000
189.132650 189.133330 997.400 994.700 307.050 306.950 30.600 38.002 3.000 21.050 14.420 7.100 19.130 12.580 7.270 2.360 1.850 0.990 1.970 1.490 1.180 0.000
189.133330 189.134024 997.000 994.200 307.050 306.950 30.600 41.441 3.000 24.610 16.880 10.400 23.300 15.520 9.180 2.390 1.990 2.190 2.470 1.870 1.330 0.000
189.134030 189.134724 996.800 994.000 307.050 306.950 30.700 44.107 3.000 25.000 16.740 10.630 24.070 15.950 9.060 2.920 2.190 2.040 2.640 1.840 1.040 0.000
189.134730 189.135420 996.800 994.000 307.050 307.050 30.700 43.172 3.000 20.660 13.810 8.230 20.580 13.050 7.350 2.100 1.850 1.860 1.860 1.620 1.190 0.000
189.135420 189.136110 996.800 994.000 307.050 307.050 30.700 42.666 3.000 23.670 16.530 8.950 23.430 15.750 9.030 2.440 2.000 1.720 2.070 1.940 1.740 0.000
189.136110 189.136804 996.700 994.000 307.050 306.950 30.600 42.412 3.000 21.020 15.200 8.150 21.210 13.940 7.920 2.950 1.680 1.640 2.520 1.840 1.240 0.000
189.136810 189.137500 996.800 994.100 306.950 306.850 30.500 44.600 3.000 24.150 16.650 9.590 23.880 15.800 9.280 2.690 2.010 1.480 2.270 2.000 1.470 0.000
189.137500 189.138194 996.800 994.100 306.850 306.850 30.400 49.519 3.000 22.440 15.670 9.420 24.120 16.040 9.480 2.180 1.580 1.920 2.210 1.550 1.310 0.000
189.138210 189.138890 996.800 994.200 306.850 306.850 30.300 53.147 3.000 23.520 16.680 10.160 24.860 16.800 9.860 2.660 2.110 1.500 2.330 1.880 1.380 0.000
189.138890 189.139580 996.900 994.200 306.750 306.750 30.200 56.408 3.000 23.540 16.550 10.080 25.440 17.320 9.990 2.460 1.790 1.980 2.320 1.920 1.470 0.000
189.139580 189.140274 996.900 994.300 306.650 306.750 30.100 60.630 3.000 23.480 15.810 10.040 25.360 17.340 9.820 2.510 1.770 1.530 2.740 1.940 1.460 0.000
189.140280 189.140970 996.900 994.400 306.550 306.750 29.900 63.688 3.000 23.970 16.050 9.660 27.150 18.600 10.940 2.370 1.840 2.230 2.940 1.960 1.500 0.000
189.140970 189.141664 996.900 994.400 306.550 306.750 29.900 67.443 3.000 23.250 16.420 9.270 28.040 18.590 11.120 2.240 1.870 1.510 2.680 2.190 1.370 0.000
189.141680 189.142360 997.000 994.500 306.450 306.750 29.800 71.276 3.000 23.460 16.290 9.430 28.190 19.670 11.690 2.640 1.970 2.180 2.350 2.090 1.690 0.000
189.142360 189.143054 997.000 994.600 306.650 306.850 29.700 74.292 3.000 23.300 16.150 10.000 29.660 20.490 12.180 2.320 1.690 1.590 2.560 2.110 1.470 0.000
189.143060 189.143750 997.100 994.700 306.550 306.850 29.600 77.694 3.000 23.590 16.800 9.250 31.930 22.350 13.840 2.520 2.090 1.510 2.670 2.180 1.980 0.000
189.143750 189.144440 997.100 994.700 306.250 306.850 29.500 81.350 3.000 24.470 16.230 9.240 32.800 23.380 14.220 2.570 1.920 1.530 2.900 2.390 1.960 0.000
189.144440 189.145134 997.200 994.800 306.150 306.950 29.500 85.211 3.000 25.240 16.470 9.180 35.220 24.620 15.400 2.530 1.960 2.000 2.750 2.280 2.220 0.000
189.145150 189.145830 997.200 994.800 306.150 307.150 29.500 88.080 3.000 25.100 16.940 9.690 36.890 26.640 16.410 2.690 1.940 1.420 3.250 2.660 1.990 0.000
189.145830 189.146524 997.200 994.800 306.150 307.350 29.500 91.444 3.000 25.370 17.410 9.700 41.370 29.130 18.010 2.300 2.120 1.620 3.360 2.740 2.310 0.000
189.146530 189.147224 997.200 994.800 306.150 307.450 29.600 93.977 3.000 25.530 17.220 10.620 43.090 30.730 18.910 2.680 2.100 1.970 3.160 2.800 1.990 0.000
189.171530 189.172220 997.500 995.100 305.950 305.450 29.300 33.596 3.000 17.360 11.170 5.410 16.180 9.970 5.130 2.070 1.510 0.930 1.580 1.290 0.970 0.000
189.172220 189.172914 997.500 995.100 305.950 305.450 29.400 33.172 3.000 17.370 11.590 5.180 16.320 10.280 5.390 1.390 1.350 1.180 2.030 1.400 1.220 0.000
189.172930 189.173610 997.500 995.100 305.950 305.550 29.500 32.558 3.000 16.820 10.890 5.360 15.750 9.900 5.180 1.780 1.320 1.180 1.890 1.590 0.870 0.000
189.173610 189.174304 997.500 995.100 305.950 305.550 29.500 32.305 3.000 17.060 11.270 5.510 16.430 9.920 5.180 1.870 1.430 1.090 2.180 1.570 0.960 0.000
189.174320 189.175000 997.500 995.100 305.950 305.650 29.500 31.866 3.000 17.490 11.110 5.740 16.830 9.860 4.920 1.610 1.540 1.160 2.080 1.590 1.030 0.000
189.175000 189.175690 997.100 994.600 305.950 305.650 29.600 35.807 3.000 18.350 11.490 6.610 18.420 11.500 5.710 1.990 1.550 1.750 1.960 1.480 1.330 0.000
189.175690 189.176384 996.900 994.500 305.950 305.650 29.600 38.742 3.000 18.490 12.450 6.400 19.110 11.950 6.090 1.990 1.530 1.060 1.530 1.280 1.170 0.000
189.176390 189.177080 997.000 994.500 306.050 305.750 29.700 37.793 3.000 19.350 12.460 7.190 18.810 12.350 6.480 2.140 1.230 1.230 2.140 1.550 1.100 0.000
189.177080 189.177774 997.000 994.500 306.050 305.750 29.700 37.876 3.000 19.880 12.650 6.420 19.540 12.830 6.420 2.210 1.570 0.870 2.150 1.450 1.020 0.000
189.177780 189.178470 997.000 994.500 306.150 305.850 29.800 40.774 3.000 18.780 12.770 6.300 19.920 13.450 7.070 1.780 1.540 0.620 2.140 1.540 1.370 0.000
189.178470 189.179164 997.000 994.500 306.050 305.950 29.800 45.682 3.000 18.760 12.860 6.020 20.400 13.140 6.720 1.460 1.160 1.220 2.040 1.650 1.210 0.000
189.179180 189.179860 997.000 994.500 306.150 306.050 29.800 49.426 3.000 18.380 12.410 5.620 21.220 13.330 7.380 1.970 1.350 1.190 2.070 1.570 1.000 0.000
189.179860 189.180554 997.100 994.500 306.150 306.250 29.900 52.335 3.000 18.370 12.010 6.200 21.520 13.690 7.050 2.390 1.500 0.810 1.940 1.570 1.180 0.000
189.180560 189.181254 997.100 994.500 306.250 306.350 30.000 55.773 3.000 18.110 10.920 5.480 20.850 13.350 6.900 2.280 1.440 1.090 2.150 1.500 1.020 0.000
189.181260 189.181940 997.100 994.600 306.150 306.450 30.000 59.026 3.000 18.280 11.740 5.380 21.310 13.470 6.940 1.740 1.400 0.140 1.810 1.480 1.280 0.000
189.181940 189.182634 997.200 994.600 306.450 306.550 30.000 62.054 3.000 15.710 10.710 5.400 20.220 13.430 7.490 1.510 1.390 0.720 2.110 1.450 1.070 0.000
189.182640 189.183334 997.300 994.700 306.750 306.750 30.100 65.129 3.000 15.490 10.420 5.780 21.250 12.880 6.890 2.320 1.200 0.850 1.910 1.430 1.130 0.000
189.183340 189.184030 997.300 994.800 306.750 306.850 30.100 67.780 3.000 16.620 10.590 5.550 22.030 13.770 7.390 1.570 1.500 1.150 1.970 1.810 1.230 0.000
189.184030 189.184724 997.400 994.800 306.350 306.950 30.200 71.328 3.000 15.980 10.200 5.430 22.710 14.340 7.460 1.840 1.200 1.160 2.090 1.600 1.170 0.000
189.184730 189.185420 997.500 994.800 306.450 307.050 30.200 74.578 3.000 14.620 9.620 4.290 22.180 13.730 7.390 1.480 1.460 1.110 1.760 1.780 1.240 0.000
189.185420 189.186110 997.500 994.900 306.450 307.150 30.200 78.173 3.000 13.760 9.130 4.840 22.590 14.410 7.910 1.550 1.260 1.310 2.040 1.450 0.880 0.000
189.186110 189.186804 997.500 994.900 306.450 307.350 30.200 80.899 3.000 14.100 9.400 4.430 23.900 15.290 8.450 2.070 0.890 1.120 2.070 1.460 1.310 0.000
189.186810 189.187500 997.600 994.900 306.450 307.450 30.300 83.848 3.000 14.880 9.420 4.050 25.870 16.280 9.500 1.430 1.400 0.720 2.190 1.960 1.450 0.000
189.187500 189.188194 997.600 994.900 306.550 307.650 30.300 86.274 3.000 14.660 9.500 4.660 26.690 17.820 10.440 2.080 1.370 0.860 2.160 1.580 1.650 0.000
189.188210 189.188904 997.600 994.900 306.550 307.750 30.300 88.759 3.000 16.100 9.560 4.360 28.080 18.490 10.520 1.790 1.350 1.210 2.020 1.720 1.420 0.000
189.213190 189.213884 997.300 994.500 306.950 306.850 30.500 29.226 3.000 22.520 14.620 8.020 20.570 13.030 6.850 2.230 1.920 1.880 2.020 1.540 1.250 0.000
189.213900 189.214580 997.300 994.500 306.950 306.950 30.500 28.721 3.000 22.330 14.350 6.990 21.240 13.300 6.980 1.960 1.870 1.370 2.300 1.490 1.240 0.000
189.214580 189.215274 997.200 994.500 307.050 306.850 30.500 28.887 3.000 22.750 14.530 8.150 21.010 13.340 7.190 2.790 1.750 0.680 2.150 1.560 1.430 0.000
189.215280 189.215974 997.200 994.400 306.950 306.850 30.500 28.803 3.000 22.810 14.610 7.090 20.280 13.280 6.970 1.990 1.760 0.940 1.970 1.620 1.210 0.000
189.215980 189.216670 997.200 994.400 307.050 306.850 30.500 28.634 3.000 22.220 14.780 7.810 21.300 13.170 7.440 2.610 1.750 1.250 2.150 1.540 1.370 0.000
189.216670 189.217364 996.800 994.100 307.050 306.950 30.500 32.952 3.000 23.560 14.840 7.780 22.980 14.910 8.050 2.200 1.860 1.520 2.060 1.550 1.170 0.000
189.217370 189.218060 996.700 993.900 307.050 306.950 30.500 36.272 3.000 23.690 15.890 8.140 24.570 15.320 8.120 2.330 1.910 1.880 2.210 1.670 1.500 0.000
189.218060 189.218750 996.700 993.900 307.050 306.950 30.500 35.646 3.000 24.310 15.620 8.370 25.410 16.290 8.730 2.280 1.830 0.550 2.550 1.720 1.430 0.000
189.218750 189.219444 996.700 994.000 307.050 306.950 30.500 37.268 3.000 25.310 16.880 9.400 25.310 17.050 9.360 2.640 1.800 1.640 2.590 1.750 1.580 0.000
189.219460 189.220140 996.800 994.000 307.050 307.050 30.500 41.157 3.000 25.790 17.280 8.880 26.130 17.480 9.250 2.560 1.910 1.990 2.410 1.800 1.660 0.000
189.220140 189.220830 996.900 994.100 307.050 307.050 30.500 44.965 3.000 26.420 17.020 9.020 27.650 18.710 10.260 2.350 1.850 1.730 1.980 1.890 1.710 0.000
189.220830 189.221524 996.900 994.100 307.050 307.150 30.500 48.613 3.000 25.740 17.080 9.430 28.870 18.920 10.300 2.760 1.920 2.080 3.070 1.810 1.540 0.000
189.221530 189.222220 996.900 994.200 307.050 307.250 30.500 52.602 3.000 26.140 17.630 9.360 29.810 19.870 10.940 2.770 1.730 1.000 2.350 2.100 1.760 0.000
189.222220 189.222914 996.900 994.100 307.050 307.350 30.500 55.380 3.000 27.020 17.360 9.850 32.010 20.080 11.400 2.640 1.850 1.640 2.380 2.190 1.470 0.000
189.222930 189.223610 996.900 994.200 307.050 307.450 30.500 58.453 3.000 27.090 18.600 9.880 32.560 22.350 12.360 3.060 2.200 1.590 2.990 2.090 1.730 0.000
189.223610 189.224304 996.900 994.200 307.050 307.550 30.600 61.830 3.000 30.090 20.440 11.730 36.880 24.960 14.260 3.220 2.250 1.880 2.970 2.470 1.920 0.000
189.224310 189.225000 996.900 994.200 307.050 307.650 30.600 64.538 3.000 34.540 23.850 14.080 39.910 27.480 15.600 2.860 2.680 2.580 3.190 2.620 1.830 0.000
189.225000 189.225694 996.900 994.200 307.050 307.750 30.700 67.184 3.000 37.360 25.930 14.440 44.270 30.600 17.900 3.370 2.700 1.650 3.950 2.880 2.260 0.000
189.225710 189.226390 997.000 994.200 307.050 307.750 30.700 71.037 3.000 37.170 26.000 15.340 45.730 31.940 19.150 3.940 2.640 2.710 3.230 2.740 2.170 0.000
189.226390 189.227080 997.000 994.300 307.050 307.850 30.700 74.143 3.000 36.070 25.550 14.840 48.300 34.090 20.180 3.810 2.750 2.510 3.770 2.930 2.360 0.000
189.227080 189.227774 997.100 994.300 307.050 308.050 30.700 77.566 3.000 37.160 25.860 13.850 52.470 36.750 21.990 3.740 2.890 1.980 3.860 3.040 2.640 0.000
189.227790 189.228470 997.100 994.400 307.150 308.150 30.700 80.640 3.000 38.040 25.870 15.320 55.370 39.730 23.190 4.050 2.830 2.470 4.140 3.170 2.820 0.000
189.228470 189.229164 997.100 994.400 307.150 308.250 30.700 83.390 3.000 35.200 24.240 13.520 54.700 38.750 23.930 3.470 2.540 2.350 3.560 3.050 2.730 0.000
189.229170 189.229860 997.200 994.400 307.150 308.350 30.700 86.589 3.000 34.750 24.070 12.440 59.100 41.850 25.030 3.190 2.790 1.990 4.140 3.360 2.930 0.000
189.229860 189.230554 997.200 994.400 307.150 308.450 30.700 88.780 3.000 35.700 24.170 13.710 60.040 42.510 26.070 3.520 2.560 2.690 4.230 3.420 2.780 0.000
189.254860 189.255554 997.200 994.400 307.250 307.150 30.700 28.729 3.000 32.910 22.270 11.650 29.030 19.130 10.840 2.950 2.760 2.500 2.790 2.240 1.920 0.000
189.255570 189.256250 997.200 994.400 307.250 307.150 30.700 28.394 3.000 33.980 22.660 12.030 29.060 19.290 10.530 3.090 2.570 2.090 2.510 2.240 1.660 0.000
189.256250 189.256940 997.200 994.400 307.250 307.150 30.700 28.061 3.000 33.670 22.820 12.860 29.800 19.690 11.090 3.120 2.590 2.020 2.760 2.150 1.840 0.000
189.256940 189.257634 997.200 994.400 307.250 307.150 30.700 27.978 3.000 33.190 23.340 12.150 30.000 19.460 11.130 2.740 2.690 1.800 2.780 2.230 1.740 0.000
189.257640 189.258330 997.200 994.400 307.150 307.150 30.700 27.978 3.000 35.440 24.260 12.360 31.290 20.530 11.570 3.290 2.810 1.740 3.340 2.390 1.650 0.000
189.258330 189.259024 996.800 994.000 307.150 307.150 30.700 32.545 3.000 35.840 24.980 13.690 33.050 22.330 12.370 3.510 2.750 2.780 3.510 2.480 2.200 0.000
189.259040 189.259720 996.700 993.800 307.150 307.150 30.700 35.866 3.000 35.150 25.100 13.760 34.220 22.100 12.890 3.760 2.870 2.090 3.670 2.370 2.170 0.000
189.259720 189.260414 996.700 993.800 307.150 307.150 30.700 35.160 3.000 36.430 24.400 13.090 32.600 22.170 12.490 3.270 2.930 1.840 3.000 2.520 2.000 0.000
189.260430 189.261110 996.700 993.900 307.150 307.150 30.600 37.443 3.000 36.980 25.420 14.220 33.590 23.140 12.910 3.620 3.030 2.520 3.570 2.470 2.330 0.000
189.261110 189.261804 996.700 993.900 307.150 307.250 30.600 41.586 3.000 37.110 26.450 14.750 35.120 23.340 13.340 3.340 2.890 2.180 3.760 2.360 2.140 0.000
189.261810 189.262500 996.700 993.900 307.150 307.250 30.600 45.145 3.000 36.450 25.500 13.670 35.160 24.120 13.700 3.070 2.930 2.350 3.340 2.410 2.410 0.000
189.262500 189.263190 996.800 994.000 307.150 307.350 30.600 48.683 3.000 34.460 23.900 13.230 34.950 23.610 13.530 3.210 2.770 1.800 3.410 2.650 1.950 0.000
189.263190 189.263884 996.800 994.000 307.150 307.450 30.600 52.305 3.000 30.770 21.160 12.660 33.810 22.900 13.390 2.780 2.460 2.020 2.950 2.310 1.890 0.000
189.263900 189.264580 996.800 994.000 307.150 307.450 30.600 55.737 3.000 30.620 20.880 10.990 34.160 23.220 13.450 2.870 2.560 2.020 2.780 2.370 2.000 0.000
189.264580 189.265274 996.800 994.000 307.150 307.550 30.600 58.977 3.000 28.330 19.390 10.930 34.470 23.440 13.740 2.450 2.160 2.230 3.030 2.280 1.530 0.000
189.265280 189.265974 996.800 994.000 307.150 307.650 30.500 62.282 3.000 28.980 19.100 10.400 35.570 24.220 14.610 2.250 2.220 1.780 2.630 2.040 2.020 0.000
189.265980 189.266670 996.900 994.100 307.150 307.750 30.600 65.083 3.000 28.900 19.360 11.020 37.540 25.870 15.160 3.040 2.490 1.620 3.040 2.260 2.310 0.000
189.266670 189.267364 996.900 994.100 307.150 307.850 30.600 68.730 3.000 29.080 19.110 10.430 38.720 26.790 16.400 2.250 2.110 1.190 3.230 2.490 2.120 0.000
189.267370 189.268060 997.000 994.200 307.150 307.850 30.600 72.055 3.000 28.260 19.480 10.010 38.900 27.340 15.970 2.620 2.230 1.970 2.830 2.530 2.170 0.000
